#  J [A] 	 V 	 L [w] 
3.576242180000e+01 1.559733060000e-01
3.576242180000e+01 1.687720800000e-01
3.592463580000e+01 1.754979750000e-01
3.592463580000e+01 1.862444620000e-01
3.600574280000e+01 1.898919290000e-01
3.608684990000e+01 2.036515220000e-01
3.616794200000e+01 2.255922880000e-01
3.624904900000e+01 2.319636840000e-01
3.624904900000e+01 2.490628980000e-01
3.616794200000e+01 2.740074410000e-01
3.633015600000e+01 2.876271030000e-01
3.641126300000e+01 3.088682130000e-01
3.641126300000e+01 3.167414980000e-01
3.649237010000e+01 3.392606740000e-01
3.649237010000e+01 3.746718580000e-01
3.665458410000e+01 3.848772030000e-01
3.665458410000e+01 4.091874870000e-01
3.657347710000e+01 4.091874870000e-01
3.673569110000e+01 4.091874870000e-01
3.673569110000e+01 4.091874870000e-01
3.673569110000e+01 4.091874870000e-01
3.673569110000e+01 5.315312300000e-01
3.689790520000e+01 5.607075290000e-01
3.689790520000e+01 5.694043360000e-01
3.697901220000e+01 5.987675390000e-01
3.697901220000e+01 6.094280400000e-01
3.706011920000e+01 6.377627140000e-01
3.706011920000e+01 6.765708090000e-01
3.722233330000e+01 6.878859710000e-01
3.730344030000e+01 7.167817090000e-01
3.730344030000e+01 7.567119900000e-01
3.730344030000e+01 7.669049660000e-01
3.738454730000e+01 7.947720010000e-01
3.738454730000e+01 8.059936230000e-01
3.754676130000e+01 8.343283550000e-01
3.754676130000e+01 8.718273020000e-01
3.754676130000e+01 8.817396590000e-01
3.762786840000e+01 9.135343720000e-01
3.770897540000e+01 9.267196870000e-01
3.770897540000e+01 9.544932400000e-01
3.770897540000e+01 9.905896150000e-01
3.779008240000e+01 1.003961890000e+00
3.795228150000e+01 1.033044770000e+00
3.795228150000e+01 1.070356690000e+00
3.795228150000e+01 1.082606960000e+00
3.803338860000e+01 1.111876690000e+00
3.811449560000e+01 1.126371320000e+00
3.811449560000e+01 1.152929270000e+00
3.811449560000e+01 1.185846050000e+00
3.827670960000e+01 1.198470240000e+00
3.827670960000e+01 1.228394690000e+00
3.835781660000e+01 1.267202780000e+00
3.835781660000e+01 1.278704960000e+00
3.843892370000e+01 1.308255250000e+00
3.860113770000e+01 1.322469440000e+00
3.852003070000e+01 1.348466150000e+00
3.852003070000e+01 1.384655710000e+00
3.860113770000e+01 1.397841140000e+00
3.868224470000e+01 1.427672220000e+00
3.876335170000e+01 1.437210480000e+00
3.876335170000e+01 1.465825710000e+00
3.876335170000e+01 1.500799900000e+00
3.892556580000e+01 1.545966840000e+00
3.892556580000e+01 1.581595510000e+00
