#  J [A] 	 V 	 L [w] 
1.052662730000e+00 1.380440790000e-02
1.133725050000e+00 2.086227690000e-02
1.052662730000e+00 2.086227690000e-02
1.214787360000e+00 8.556325340000e-02
1.295842230000e+00 1.216897360000e-01
1.295842230000e+00 1.573730700000e-01
1.457959410000e+00 1.935103650000e-01
1.539021730000e+00 2.273292630000e-01
1.620076600000e+00 2.273292630000e-01
1.701138910000e+00 3.010949000000e-01
1.701138910000e+00 3.365783200000e-01
1.782193780000e+00 3.709783780000e-01
1.944310960000e+00 4.075452740000e-01
2.025373280000e+00 4.423245260000e-01
2.106428150000e+00 4.782955800000e-01
2.187490460000e+00 5.098785620000e-01
2.187490460000e+00 5.461204560000e-01
2.349607650000e+00 5.817664790000e-01
2.349607650000e+00 6.167624380000e-01
2.430662510000e+00 6.505123460000e-01
2.511724830000e+00 6.860499270000e-01
2.673842010000e+00 7.206666050000e-01
2.754896880000e+00 7.556626810000e-01
2.835959200000e+00 7.892499560000e-01
2.835959200000e+00 8.260878970000e-01
2.998076380000e+00 8.619505100000e-01
3.160193560000e+00 8.971631180000e-01
3.079131250000e+00 9.313464980000e-01
3.241255880000e+00 9.671550360000e-01
3.322310750000e+00 1.002367700000e+00
3.403373060000e+00 1.037363550000e+00
3.403373060000e+00 1.071059380000e+00
3.484427930000e+00 1.107084450000e+00
3.646545110000e+00 1.142622200000e+00
3.646545110000e+00 1.178430740000e+00
3.808662300000e+00 1.212072210000e+00
3.889724610000e+00 1.247934880000e+00
3.970779480000e+00 1.280872380000e+00
4.051841800000e+00 1.315543200000e+00
4.051841800000e+00 1.348480580000e+00
4.132896660000e+00 1.384993200000e+00
4.295013840000e+00 1.419880890000e+00
4.457131030000e+00 1.455256020000e+00
4.457131030000e+00 1.488843470000e+00
4.457131030000e+00 1.523893440000e+00
4.619248210000e+00 1.557426760000e+00
4.619248210000e+00 1.592097570000e+00
4.781365390000e+00 1.623301420000e+00
4.781365390000e+00 1.658459890000e+00
4.943482580000e+00 1.692697410000e+00
4.943482580000e+00 1.727422470000e+00
