#  J [A] 	 V 	 L [w] 
1.610219480000e-04 7.212162020000e-06 -1.987671360000e-09
1.610219480000e-04 7.212162020000e-06 -1.933948330000e-09
1.610219480000e-04 7.212162020000e-06 -1.933948330000e-09
1.610219480000e-04 7.212162020000e-06 -1.880225530000e-09
1.610219480000e-04 7.212162020000e-06 -1.880225530000e-09
1.610219480000e-04 -2.067387100000e-04 -1.987671360000e-09
1.610219480000e-04 7.212162020000e-06 -1.826502500000e-09
1.610219480000e-04 7.212162020000e-06 -2.095078560000e-09
1.610219480000e-04 4.317578380000e-01 -1.880225530000e-09
3.231391310000e-04 1.228078960000e+00 1.094533220000e-06
3.231391310000e-04 1.238134620000e+00 1.338622380000e-06
4.041939970000e-04 1.273864270000e+00 1.338622380000e-06
4.852563140000e-04 1.300821900000e+00 3.702976530000e-06
5.663111810000e-04 1.322216870000e+00 4.855325640000e-06
6.473734970000e-04 1.342328190000e+00 6.141178800000e-06
7.284283640000e-04 1.358802320000e+00 7.411897970000e-06
8.094906810000e-04 1.373992680000e+00 8.786393660000e-06
8.094906810000e-04 1.386401770000e+00 1.011332370000e-05
9.716078640000e-04 1.399880650000e+00 1.204777800000e-05
1.133725050000e-03 1.412289740000e+00 1.475136650000e-05
1.052662730000e-03 1.422773240000e+00 1.475136650000e-05
1.214787360000e-03 1.430903320000e+00 5.985590540000e-05
1.295842230000e-03 1.439461350000e+00 9.533929550000e-05
1.295842230000e-03 1.447163580000e+00 1.301903980000e-04
1.457959410000e-03 1.454437850000e+00 1.652792850000e-04
1.457959410000e-03 1.461498140000e+00 1.986172430000e-04
1.620076600000e-03 1.468558550000e+00 2.353868040000e-04
1.701138910000e-03 1.475618840000e+00 2.353868040000e-04
1.782193780000e-03 1.482251290000e+00 3.063496550000e-04
1.863256100000e-03 1.488455890000e+00 3.401537830000e-04
1.944310960000e-03 1.494874360000e+00 3.754205540000e-04
2.025373280000e-03 1.500864980000e+00 4.096038760000e-04
2.025373280000e-03 1.506855490000e+00 4.440039050000e-04
2.106428150000e-03 1.512418270000e+00 4.766703640000e-04
2.187490460000e-03 1.518622760000e+00 5.130206700000e-04
2.268545330000e-03 1.524185420000e+00 5.479623210000e-04
2.349607650000e-03 1.529962060000e+00 5.833375030000e-04
2.511724830000e-03 1.535096880000e+00 6.168707040000e-04
2.592779700000e-03 1.540659550000e+00 6.525167850000e-04
2.673842010000e-03 1.545794370000e+00 6.876209520000e-04
2.754896880000e-03 1.551357150000e+00 7.224543950000e-04
2.835959200000e-03 1.556064010000e+00 7.558792130000e-04
2.917014060000e-03 1.561626670000e+00 7.909836130000e-04
2.998076380000e-03 1.566761490000e+00 8.250584940000e-04
3.079131250000e-03 1.571468350000e+00 8.597294800000e-04
3.079131250000e-03 1.576603170000e+00 8.926667510000e-04
3.160193560000e-03 1.581310030000e+00 9.265792910000e-04
3.322310750000e-03 1.586444850000e+00 9.596249440000e-04
3.403373060000e-03 1.590723870000e+00 9.923455070000e-04
3.484427930000e-03 1.595430730000e+00 1.023928520000e-03
3.484427930000e-03 1.600565550000e+00 1.059466160000e-03
3.565490250000e-03 1.605058430000e+00 1.092024260000e-03
3.646545110000e-03 1.609979390000e+00 1.125828480000e-03
3.808662300000e-03 1.614258290000e+00 1.159090900000e-03
3.808662300000e-03 1.618965270000e+00 1.194032720000e-03
3.970779480000e-03 1.623244170000e+00 1.227186640000e-03
4.051841800000e-03 1.627951150000e+00 1.261044880000e-03
4.051841800000e-03 1.631802200000e+00 1.293332080000e-03
4.132896660000e-03 1.636509060000e+00 1.328653070000e-03
4.295013840000e-03 1.641002060000e+00 1.361482190000e-03
4.376076160000e-03 1.645067100000e+00 1.394961150000e-03
4.457131030000e-03 1.649346110000e+00 1.427735900000e-03
4.538193350000e-03 1.653411150000e+00 1.463165270000e-03
4.538193350000e-03 1.657690170000e+00 1.494910920000e-03
4.619248210000e-03 1.661969180000e+00 1.527631420000e-03
4.700310530000e-03 1.665392280000e+00 1.558185210000e-03
4.781365390000e-03 1.669671300000e+00 1.591826790000e-03
4.862427710000e-03 1.673736330000e+00 1.623734830000e-03
5.024544890000e-03 1.677801370000e+00 1.656509700000e-03
5.105599760000e-03 1.681652550000e+00 1.688200980000e-03
5.186662080000e-03 1.685717580000e+00 1.720542440000e-03
5.267724390000e-03 1.689568640000e+00 1.751421140000e-03
5.348779260000e-03 1.693633680000e+00 1.783599960000e-03
5.429841580000e-03 1.697270870000e+00 1.814966440000e-03
5.510896440000e-03 1.701335910000e+00 1.847416160000e-03
5.510896440000e-03 1.705186960000e+00 1.878728280000e-03
5.591958760000e-03 1.709038140000e+00 1.910690450000e-03
5.673013630000e-03 1.712675210000e+00 1.941515020000e-03
5.835130810000e-03 1.716740250000e+00 1.972285560000e-03
5.835130810000e-03 1.720377450000e+00 2.002839230000e-03
5.997247990000e-03 1.724442480000e+00 2.034747270000e-03
5.997247990000e-03 1.727651600000e+00 2.061725590000e-03
6.078310310000e-03 1.731288910000e+00 2.093471120000e-03
6.159365180000e-03 1.734925990000e+00 2.124891620000e-03
6.321482360000e-03 1.738991020000e+00 2.156637140000e-03
6.321482360000e-03 1.742414240000e+00 2.186053200000e-03
6.402544680000e-03 1.746479270000e+00 2.217852740000e-03
6.483599540000e-03 1.749688630000e+00 2.248894190000e-03
6.564661860000e-03 1.753325700000e+00 2.280152170000e-03
6.645716730000e-03 1.756534810000e+00 2.308539110000e-03
6.726779040000e-03 1.760385990000e+00 2.340988490000e-03
6.807833910000e-03 1.764023070000e+00 2.372571500000e-03
6.888896230000e-03 1.767660380000e+00 2.372571500000e-03
7.051013410000e-03 1.770655630000e+00 2.456119520000e-03
7.051013410000e-03 1.774506810000e+00 2.479351360000e-03
7.132075730000e-03 1.777715920000e+00 2.505824900000e-03
7.294192910000e-03 1.780925270000e+00 2.530677940000e-03
7.294192910000e-03 1.784562350000e+00 2.560933820000e-03
7.375247780000e-03 1.787771700000e+00 2.591729860000e-03
7.456310090000e-03 1.791408780000e+00 2.620904940000e-03
7.537364960000e-03 1.794831990000e+00 2.651700980000e-03
7.699482140000e-03 1.798469070000e+00 2.679795730000e-03
7.780544460000e-03 1.802106140000e+00 2.713293300000e-03
7.861599330000e-03 1.805101630000e+00 2.740307250000e-03
7.861599330000e-03 1.808952570000e+00 2.772183390000e-03
7.942661640000e-03 1.811947820000e+00 2.801899570000e-03
8.023716510000e-03 1.815157180000e+00 2.831074410000e-03
8.104778830000e-03 1.818152430000e+00 2.861870450000e-03
8.266896010000e-03 1.821575640000e+00 2.891045530000e-03
8.266896010000e-03 1.824784990000e+00 2.918599870000e-03
8.429013190000e-03 1.828635930000e+00 2.950476720000e-03
8.510068060000e-03 1.831203460000e+00 2.979111390000e-03
8.510068060000e-03 1.834626670000e+00 3.009907440000e-03
8.672185240000e-03 1.837621930000e+00 3.038002180000e-03
8.672185240000e-03 1.841900830000e+00 3.068797760000e-03
8.672185240000e-03 1.844896080000e+00 3.099053400000e-03
8.834302430000e-03 1.847891570000e+00 3.130389840000e-03
9.077481930000e-03 1.849603180000e+00 3.158484820000e-03
9.077481930000e-03 1.853882070000e+00 3.188740460000e-03
9.077481930000e-03 1.857733250000e+00 3.218996110000e-03
9.320661430000e-03 1.859658720000e+00 3.248711580000e-03
9.401716290000e-03 1.863509890000e+00 3.277346720000e-03
9.320661430000e-03 1.866077180000e+00 3.309223100000e-03
9.482778610000e-03 1.869928360000e+00 3.338938350000e-03
9.563833480000e-03 1.872709750000e+00 3.367573490000e-03
9.644895790000e-03 1.875918870000e+00 3.396748330000e-03
9.725950660000e-03 1.879342080000e+00 3.426463810000e-03
9.725950660000e-03 1.882123470000e+00 3.455639350000e-03
9.725950660000e-03 1.881909610000e+00 3.456719450000e-03
9.807012980000e-03 1.884904860000e+00 3.486975330000e-03
9.969130160000e-03 1.888113980000e+00 3.513449570000e-03
9.969130160000e-03 1.891109230000e+00 3.544785320000e-03
1.013124730000e-02 1.894318580000e+00 3.577742490000e-03
1.021230220000e-02 1.897313830000e+00 3.606918040000e-03
1.021230220000e-02 1.900309090000e+00 3.634472380000e-03
1.029336450000e-02 1.903304580000e+00 3.664728020000e-03
1.037441940000e-02 1.906513690000e+00 3.694983900000e-03
1.045548170000e-02 1.909081220000e+00 3.723077940000e-03
1.061759890000e-02 1.912290330000e+00 3.751713080000e-03
1.061759890000e-02 1.915285590000e+00 3.782509360000e-03
1.077971610000e-02 1.918281080000e+00 3.813845800000e-03
1.077971610000e-02 1.921490190000e+00 3.845181780000e-03
1.094183330000e-02 1.924057720000e+00 3.874897030000e-03
1.102288810000e-02 1.927052970000e+00 3.905693070000e-03
1.102288810000e-02 1.929834370000e+00 3.938650250000e-03
1.118501280000e-02 1.933043480000e+00 3.966744990000e-03
1.126606760000e-02 1.935611010000e+00 3.996460230000e-03
1.134712990000e-02 1.938606260000e+00 4.028337080000e-03
1.134712990000e-02 1.941387650000e+00 4.058052790000e-03
1.150924710000e-02 1.944382910000e+00 4.090469330000e-03
1.150924710000e-02 1.947164300000e+00 4.119104240000e-03
1.167136430000e-02 1.949945450000e+00 4.142876710000e-03
1.167136430000e-02 1.952726840000e+00 4.174753090000e-03
1.183348150000e-02 1.955722090000e+00 4.203928630000e-03
1.191453640000e-02 1.958289620000e+00 4.231482740000e-03
1.191453640000e-02 1.961284880000e+00 4.261738620000e-03
1.207665350000e-02 1.964280130000e+00 4.291453860000e-03
1.207665350000e-02 1.966847660000e+00 4.323870870000e-03
1.223877070000e-02 1.969628810000e+00 4.349804480000e-03
1.223877070000e-02 1.972624300000e+00 4.378438930000e-03
1.240088790000e-02 1.975191590000e+00 4.407074300000e-03
1.240088790000e-02 1.978186850000e+00 4.431927110000e-03
1.248195020000e-02 1.980968240000e+00 4.460562020000e-03
1.256300510000e-02 1.983535770000e+00 4.487035330000e-03
1.272512230000e-02 1.986531020000e+00 4.514049270000e-03
1.280618460000e-02 1.989312410000e+00 4.543224820000e-03
1.288723950000e-02 1.992093560000e+00 4.568617790000e-03
1.296830180000e-02 1.994661090000e+00 4.599413830000e-03
1.304936410000e-02 1.997656350000e+00 4.625887610000e-03
1.313041900000e-02 2.000223640000e+00 4.655603320000e-03
1.321148130000e-02 2.002791170000e+00 4.682077090000e-03
1.329253610000e-02 2.005572560000e+00 4.707470540000e-03
1.337359850000e-02 2.008353710000e+00 4.738806280000e-03
1.337359850000e-02 2.010921240000e+00 4.759336820000e-03
1.353571560000e-02 2.013488530000e+00 4.784730260000e-03
1.361677050000e-02 2.016269920000e+00 4.810663870000e-03
1.361677050000e-02 2.018837450000e+00 4.834436350000e-03
1.369783280000e-02 2.021832700000e+00 4.859829320000e-03
1.369783280000e-02 2.023972270000e+00 4.884141960000e-03
1.394100490000e-02 2.026967530000e+00 4.910615740000e-03
1.402206720000e-02 2.029748920000e+00 4.933307880000e-03
1.410312210000e-02 2.032530070000e+00 4.959241020000e-03
1.410312210000e-02 2.034883500000e+00 4.980311730000e-03
1.418418440000e-02 2.037878990000e+00 5.004624370000e-03
1.426523920000e-02 2.040232420000e+00 5.025696010000e-03
1.434630160000e-02 2.043227670000e+00 5.047306880000e-03
1.442735640000e-02 2.045581100000e+00 5.068918220000e-03
1.458947360000e-02 2.048362490000e+00 5.093771030000e-03
1.467053590000e-02 2.050929780000e+00 5.118624310000e-03
1.467053590000e-02 2.053711180000e+00 5.144017280000e-03
1.483265310000e-02 2.056064610000e+00 5.165628620000e-03
1.483265310000e-02 2.058632140000e+00 5.191022060000e-03
1.499477030000e-02 2.061413290000e+00 5.215874870000e-03
1.507583260000e-02 2.063766720000e+00 5.241267850000e-03
1.515688750000e-02 2.066120150000e+00 5.261258690000e-03
1.523794980000e-02 2.069115640000e+00 5.285571330000e-03
1.523794980000e-02 2.071682930000e+00 5.310423670000e-03
1.531900470000e-02 2.074250460000e+00 5.333115350000e-03
1.540006700000e-02 2.076817750000e+00 5.354186990000e-03
1.548112180000e-02 2.079385040000e+00 5.377418830000e-03
1.556218420000e-02 2.081738710000e+00 5.400110500000e-03
1.564323900000e-02 2.084519860000e+00 5.423342340000e-03
1.580535620000e-02 2.087087390000e+00 5.443873350000e-03
1.588641850000e-02 2.089654680000e+00 5.468185990000e-03
1.596747340000e-02 2.092008110000e+00 5.490877670000e-03
1.596747340000e-02 2.094789510000e+00 5.516271110000e-03
1.604853570000e-02 2.096929070000e+00 5.537881520000e-03
1.612959060000e-02 2.099496360000e+00 5.562194160000e-03
1.629170780000e-02 2.102063890000e+00 5.585427400000e-03
1.629170780000e-02 2.104631190000e+00 5.604337440000e-03
1.637277010000e-02 2.106556890000e+00 5.625948310000e-03
1.653488730000e-02 2.109338050000e+00 5.649180150000e-03
1.653488730000e-02 2.111477610000e+00 5.671331190000e-03
1.669700440000e-02 2.114259000000e+00 5.695104600000e-03
1.669700440000e-02 2.116612430000e+00 5.719956480000e-03
1.677805930000e-02 2.118965860000e+00 5.746430720000e-03
1.685912160000e-02 2.121533160000e+00 5.772364330000e-03
1.702123880000e-02 2.123886820000e+00 5.795596170000e-03
1.702123880000e-02 2.126240250000e+00 5.817747210000e-03
1.718335600000e-02 2.129235510000e+00 5.838818850000e-03
1.718335600000e-02 2.131588940000e+00 5.860969890000e-03
1.734547320000e-02 2.133942370000e+00 5.882582160000e-03
1.734547320000e-02 2.136081930000e+00 5.905814000000e-03
1.750759040000e-02 2.138649230000e+00 5.927424410000e-03
1.750759040000e-02 2.140788790000e+00 5.954439290000e-03
1.758865270000e-02 2.143356080000e+00 5.979292090000e-03
1.775076990000e-02 2.145709510000e+00 6.003064570000e-03
1.775076990000e-02 2.148062940000e+00 6.027917840000e-03
1.791288700000e-02 2.150416370000e+00 6.051149680000e-03
1.799394190000e-02 2.152983900000e+00 6.074921690000e-03
1.807500420000e-02 2.155337330000e+00 6.094912530000e-03
1.815605910000e-02 2.157690760000e+00 6.117604210000e-03
1.823712140000e-02 2.160044190000e+00 6.137593650000e-03
1.823712140000e-02 2.162397620000e+00 6.159746090000e-03
1.831817630000e-02 2.164751050000e+00 6.178655660000e-03
1.839923860000e-02 2.167104480000e+00 6.199726370000e-03
1.848029350000e-02 2.169244050000e+00 6.221338180000e-03
1.856135580000e-02 2.171811340000e+00 6.240787450000e-03
1.864241060000e-02 2.174165010000e+00 6.259156860000e-03
1.872347300000e-02 2.176090480000e+00 6.276446860000e-03
1.888559010000e-02 2.178871870000e+00 6.294276100000e-03
1.888559010000e-02 2.181225300000e+00 6.313725370000e-03
1.904770730000e-02 2.183364630000e+00 6.332094780000e-03
1.904770730000e-02 2.185932160000e+00 6.356948060000e-03
1.912876960000e-02 2.188285590000e+00 6.378019230000e-03
1.912876960000e-02 2.188071730000e+00 6.376398260000e-03
1.920982450000e-02 2.190639020000e+00 6.400710900000e-03
1.929088680000e-02 2.192778590000e+00 6.417999510000e-03
1.937194170000e-02 2.195559980000e+00 6.439071150000e-03
1.945300400000e-02 2.197699310000e+00 6.455819590000e-03
