#  J [A] 	 V 	 L [w] 
1.610219480000e-04 7.212162020000e-06 -1.987671360000e-09
1.610219480000e-04 7.212162020000e-06 -2.148801580000e-09
1.610219480000e-04 7.212162020000e-06 -2.095078560000e-09
1.610219480000e-04 7.212162020000e-06 -1.987671360000e-09
1.610219480000e-04 7.212162020000e-06 -1.987671360000e-09
1.610219480000e-04 7.212162020000e-06 -2.095078560000e-09
1.610219480000e-04 7.212162020000e-06 -2.095078560000e-09
1.610219480000e-04 7.212162020000e-06 -1.933948330000e-09
1.610219480000e-04 3.900376260000e-01 -1.826502500000e-09
3.231391310000e-04 1.192135450000e+00 8.464692200000e-07
2.420768140000e-04 1.202404980000e+00 1.055803410000e-06
4.041939970000e-04 1.235139370000e+00 2.010565820000e-06
4.041939970000e-04 1.259529590000e+00 2.010565820000e-06
5.663111810000e-04 1.278143170000e+00 3.942418520000e-06
5.663111810000e-04 1.295473100000e+00 4.932616780000e-06
6.473734970000e-04 1.310021760000e+00 5.895791220000e-06
7.284283640000e-04 1.323500630000e+00 6.876261070000e-06
8.905455470000e-04 1.334839940000e+00 7.759440450000e-06
8.905455470000e-04 1.347035050000e+00 8.823687490000e-06
1.052662730000e-03 1.357946520000e+00 9.866314940000e-06
1.133725050000e-03 1.368216040000e+00 1.099271960000e-05
1.214787360000e-03 1.377843860000e+00 1.214452820000e-05
1.214787360000e-03 1.386829730000e+00 1.352875190000e-05
1.376904550000e-03 1.395387650000e+00 1.526051890000e-05
1.457959410000e-03 1.403945680000e+00 1.828246420000e-05
1.457959410000e-03 1.411006090000e+00 1.828246420000e-05
1.620076600000e-03 1.417424560000e+00 6.526541980000e-05
1.701138910000e-03 1.423201200000e+00 9.733340990000e-05
1.782193780000e-03 1.429619670000e+00 1.292663070000e-04
1.782193780000e-03 1.435182330000e+00 1.602480620000e-04
1.863256100000e-03 1.440958980000e+00 1.926943510000e-04
1.944310960000e-03 1.446307780000e+00 2.243678170000e-04
2.106428150000e-03 1.451870440000e+00 2.243678170000e-04
2.187490460000e-03 1.457005260000e+00 2.862513940000e-04
2.187490460000e-03 1.462353940000e+00 3.184302770000e-04
2.349607650000e-03 1.467702750000e+00 3.497424480000e-04
2.349607650000e-03 1.473051430000e+00 3.815421370000e-04
2.430662510000e-03 1.477758410000e+00 4.120958330000e-04
2.511724830000e-03 1.483107090000e+00 4.435705490000e-04
2.673842010000e-03 1.487813950000e+00 4.740158620000e-04
2.673842010000e-03 1.492734910000e+00 5.052738120000e-04
2.835959200000e-03 1.497013810000e+00 5.344732200000e-04
2.835959200000e-03 1.502148630000e+00 5.666521030000e-04
2.998076380000e-03 1.506641630000e+00 5.974767260000e-04
3.160193560000e-03 1.511562470000e+00 6.284096740000e-04
3.079131250000e-03 1.515841480000e+00 6.576090820000e-04
3.241255880000e-03 1.520548340000e+00 6.891920350000e-04
3.241255880000e-03 1.525255200000e+00 7.192582120000e-04
3.403373060000e-03 1.529320240000e+00 7.499202040000e-04
3.484427930000e-03 1.533813240000e+00 7.793905100000e-04
3.484427930000e-03 1.538306120000e+00 8.111901700000e-04
3.565490250000e-03 1.542371150000e+00 8.410396990000e-04
3.727607430000e-03 1.547078130000e+00 8.710516270000e-04
3.808662300000e-03 1.551357150000e+00 8.997635450000e-04
3.889724610000e-03 1.555850030000e+00 9.304254780000e-04
3.889724610000e-03 1.560129050000e+00 9.587582320000e-04
4.051841800000e-03 1.563980100000e+00 9.886617770000e-04
4.132896660000e-03 1.568045140000e+00 1.016723570000e-03
4.213958980000e-03 1.572110180000e+00 1.046573040000e-03
4.295013840000e-03 1.575961350000e+00 1.076314130000e-03
4.376076160000e-03 1.580454230000e+00 1.106163600000e-03
4.457131030000e-03 1.584305410000e+00 1.134929600000e-03
4.538193350000e-03 1.588156460000e+00 1.164562420000e-03
4.538193350000e-03 1.592221500000e+00 1.193544940000e-03
4.619248210000e-03 1.596072550000e+00 1.222040150000e-03
4.781365390000e-03 1.599281790000e+00 1.248314280000e-03
4.781365390000e-03 1.603560810000e+00 1.277405190000e-03
4.943482580000e-03 1.607198000000e+00 1.305087700000e-03
5.024544890000e-03 1.611263040000e+00 1.333257770000e-03
5.105599760000e-03 1.614900230000e+00 1.360344470000e-03
5.186662080000e-03 1.618537310000e+00 1.389381240000e-03
5.267724390000e-03 1.622388360000e+00 1.417984840000e-03
5.348779260000e-03 1.626453520000e+00 1.446534060000e-03
5.348779260000e-03 1.630090590000e+00 1.473133100000e-03
5.429841580000e-03 1.633513810000e+00 1.502765920000e-03
5.510896440000e-03 1.637151000000e+00 1.531531920000e-03
5.591958760000e-03 1.641216040000e+00 1.560460540000e-03
5.754075940000e-03 1.644425270000e+00 1.586896950000e-03
5.835130810000e-03 1.648276330000e+00 1.614904610000e-03
5.835130810000e-03 1.651913520000e+00 1.642641150000e-03
5.916193130000e-03 1.655336740000e+00 1.669619580000e-03
6.078310310000e-03 1.658331990000e+00 1.693401720000e-03
6.078310310000e-03 1.662397030000e+00 1.722438490000e-03
6.240427490000e-03 1.665820240000e+00 1.750391910000e-03
6.321482360000e-03 1.669457320000e+00 1.778507840000e-03
6.321482360000e-03 1.672666670000e+00 1.804727600000e-03
6.483599540000e-03 1.676089760000e+00 1.833547840000e-03
6.564661860000e-03 1.679726960000e+00 1.860363640000e-03
6.645716730000e-03 1.683150170000e+00 1.887666990000e-03
6.726779040000e-03 1.686145420000e+00 1.913290940000e-03
6.807833910000e-03 1.689996600000e+00 1.942056930000e-03
6.888896230000e-03 1.693205830000e+00 1.968547470000e-03
6.969951090000e-03 1.696842910000e+00 1.995742550000e-03
6.969951090000e-03 1.699838280000e+00 2.021745780000e-03
7.132075730000e-03 1.703475360000e+00 2.048019550000e-03
7.213130590000e-03 1.706684590000e+00 2.073210200000e-03
7.213130590000e-03 1.710321780000e+00 2.100026000000e-03
7.294192910000e-03 1.712889190000e+00 2.123970540000e-03
7.375247780000e-03 1.716312410000e+00 2.151436410000e-03
7.456310090000e-03 1.719949480000e+00 2.179444070000e-03
7.618427280000e-03 1.722730880000e+00 2.206422390000e-03
7.618427280000e-03 1.726154090000e+00 2.233292210000e-03
7.699482140000e-03 1.729577300000e+00 2.262274970000e-03
7.780544460000e-03 1.732786420000e+00 2.288061190000e-03
7.942661640000e-03 1.735781910000e+00 2.315310300000e-03
7.942661640000e-03 1.738777160000e+00 2.341042740000e-03
8.023716510000e-03 1.742200370000e+00 2.367804530000e-03
8.185833690000e-03 1.745409490000e+00 2.367804530000e-03
8.266896010000e-03 1.748404740000e+00 2.449636110000e-03
8.266896010000e-03 1.751400230000e+00 2.458820820000e-03
8.347950880000e-03 1.755037310000e+00 2.484213790000e-03
8.510068060000e-03 1.757818700000e+00 2.510147630000e-03
8.510068060000e-03 1.761241910000e+00 2.536621180000e-03
8.591130380000e-03 1.763809200000e+00 2.560393420000e-03
8.672185240000e-03 1.767232420000e+00 2.591729860000e-03
8.753247560000e-03 1.770227670000e+00 2.621445340000e-03
8.915364740000e-03 1.773650880000e+00 2.648999680000e-03
8.996419610000e-03 1.776646140000e+00 2.675473220000e-03
8.996419610000e-03 1.779641630000e+00 2.705188470000e-03
9.077481930000e-03 1.783064600000e+00 2.729501340000e-03
9.158544240000e-03 1.785845990000e+00 2.758136480000e-03
9.239599110000e-03 1.788413520000e+00 2.781368330000e-03
9.320661430000e-03 1.791836740000e+00 2.810543870000e-03
9.482778610000e-03 1.794617890000e+00 2.835936610000e-03
9.563833480000e-03 1.797827240000e+00 2.864031350000e-03
9.644895790000e-03 1.801036600000e+00 2.888344230000e-03
9.644895790000e-03 1.804031850000e+00 2.914817770000e-03
9.725950660000e-03 1.807027100000e+00 2.939670810000e-03
9.725950660000e-03 1.807027100000e+00 2.940751610000e-03
9.888067840000e-03 1.809808490000e+00 2.965064250000e-03
9.888067840000e-03 1.812375780000e+00 2.989376900000e-03
9.969130160000e-03 1.815371040000e+00 3.019092140000e-03
1.005018500000e-02 1.819008350000e+00 3.046646710000e-03
1.021230220000e-02 1.821361780000e+00 3.069338160000e-03
1.021230220000e-02 1.823715210000e+00 3.094731600000e-03
1.029336450000e-02 1.827566150000e+00 3.122826340000e-03
1.037441940000e-02 1.830561640000e+00 3.148759480000e-03
1.045548170000e-02 1.832915070000e+00 3.175233260000e-03
1.069865380000e-02 1.836338280000e+00 3.199545900000e-03
1.069865380000e-02 1.839333530000e+00 3.226559840000e-03
1.086077090000e-02 1.842114930000e+00 3.254654580000e-03
1.094183330000e-02 1.844682220000e+00 3.279507630000e-03
1.077971610000e-02 1.846607690000e+00 3.305981170000e-03
1.094183330000e-02 1.851314780000e+00 3.330834210000e-03
1.094183330000e-02 1.853882070000e+00 3.354066280000e-03
1.126606760000e-02 1.855165720000e+00 3.378378930000e-03
1.118501280000e-02 1.858375070000e+00 3.399449870000e-03
1.134712990000e-02 1.861798290000e+00 3.427004210000e-03
1.142818480000e-02 1.863723750000e+00 3.448615550000e-03
1.150924710000e-02 1.866933110000e+00 3.473468590000e-03
1.150924710000e-02 1.870356320000e+00 3.494539530000e-03
1.159030200000e-02 1.873351570000e+00 3.517771370000e-03
1.175241920000e-02 1.875490900000e+00 3.543164810000e-03
1.183348150000e-02 1.878272290000e+00 3.564235750000e-03
1.191453640000e-02 1.880839820000e+00 3.586927200000e-03
1.191453640000e-02 1.884263040000e+00 3.610700140000e-03
1.207665350000e-02 1.886830330000e+00 3.632310780000e-03
1.215771590000e-02 1.889611720000e+00 3.653382420000e-03
1.215771590000e-02 1.891965150000e+00 3.672291760000e-03
1.231983300000e-02 1.894746540000e+00 3.696064000000e-03
1.231983300000e-02 1.897099970000e+00 3.718215740000e-03
1.240088790000e-02 1.900095220000e+00 3.739286680000e-03
1.256300510000e-02 1.902662520000e+00 3.761438420000e-03
1.256300510000e-02 1.905658010000e+00 3.784129860000e-03
1.264406740000e-02 1.908439160000e+00 3.805200800000e-03
1.272512230000e-02 1.911220550000e+00 3.830053840000e-03
1.280618460000e-02 1.913788080000e+00 3.850584380000e-03
1.296830180000e-02 1.916355370000e+00 3.874897030000e-03
1.296830180000e-02 1.919136760000e+00 3.893266660000e-03
1.313041900000e-02 1.922132020000e+00 3.914877770000e-03
1.313041900000e-02 1.924699540000e+00 3.935948950000e-03
1.321148130000e-02 1.927266840000e+00 3.957019650000e-03
1.337359850000e-02 1.929834370000e+00 3.975389530000e-03
1.337359850000e-02 1.932615520000e+00 3.993758930000e-03
1.345465330000e-02 1.935183050000e+00 4.012668970000e-03
1.353571560000e-02 1.937964440000e+00 4.032659340000e-03
1.361677050000e-02 1.940531730000e+00 4.051568920000e-03
1.361677050000e-02 1.943099260000e+00 4.067777660000e-03
1.377888770000e-02 1.945666550000e+00 4.087768030000e-03
1.385995000000e-02 1.948447940000e+00 4.108838740000e-03
1.394100490000e-02 1.951015230000e+00 4.127748780000e-03
1.402206720000e-02 1.953796630000e+00 4.147198520000e-03
1.410312210000e-02 1.956363920000e+00 4.169350490000e-03
1.426523920000e-02 1.959145310000e+00 4.189340860000e-03
1.426523920000e-02 1.961498740000e+00 4.207710740000e-03
1.434630160000e-02 1.964280130000e+00 4.233103710000e-03
1.442735640000e-02 1.967061520000e+00 4.253634250000e-03
1.450841870000e-02 1.969414950000e+00 4.273624630000e-03
1.458947360000e-02 1.972196340000e+00 4.293615000000e-03
1.475159080000e-02 1.974763630000e+00 4.316846840000e-03
1.475159080000e-02 1.977117060000e+00 4.336297050000e-03
1.491370800000e-02 1.979898450000e+00 4.356827590000e-03
1.499477030000e-02 1.982465980000e+00 4.373576960000e-03
1.499477030000e-02 1.985033270000e+00 4.391946360000e-03
1.515688750000e-02 1.987172840000e+00 4.410855940000e-03
1.515688750000e-02 1.989954230000e+00 4.429225340000e-03
1.531900470000e-02 1.992521520000e+00 4.447055050000e-03
1.531900470000e-02 1.994874950000e+00 4.464884290000e-03
1.548112180000e-02 1.997442480000e+00 4.483254160000e-03
1.556218420000e-02 1.999795910000e+00 4.506486000000e-03
1.556218420000e-02 2.002363200000e+00 4.530258010000e-03
1.564323900000e-02 2.004930730000e+00 4.550788550000e-03
1.580535620000e-02 2.007284160000e+00 4.571859720000e-03
1.580535620000e-02 2.009851460000e+00 4.591309930000e-03
1.596747340000e-02 2.012418990000e+00 4.613461900000e-03
1.596747340000e-02 2.014772420000e+00 4.631290680000e-03
1.612959060000e-02 2.017339710000e+00 4.649119920000e-03
1.621065290000e-02 2.019907000000e+00 4.666949160000e-03
1.629170780000e-02 2.022260670000e+00 4.683697600000e-03
1.629170780000e-02 2.024614100000e+00 4.700987130000e-03
1.637277010000e-02 2.026967530000e+00 4.715034270000e-03
1.645382490000e-02 2.029320960000e+00 4.731243010000e-03
1.661594210000e-02 2.031888250000e+00 4.748531620000e-03
1.669700440000e-02 2.034241680000e+00 4.763118920000e-03
1.677805930000e-02 2.036595110000e+00 4.781488790000e-03
1.685912160000e-02 2.039376500000e+00 4.799318030000e-03
1.685912160000e-02 2.041516070000e+00 4.815526770000e-03
1.694017650000e-02 2.044083360000e+00 4.836057310000e-03
1.710230110000e-02 2.046436790000e+00 4.852265590000e-03
1.710230110000e-02 2.049004320000e+00 4.872796130000e-03
1.718335600000e-02 2.051357750000e+00 4.889004860000e-03
1.726441830000e-02 2.053711180000e+00 4.906834100000e-03
1.734547320000e-02 2.056064610000e+00 4.921962040000e-03
1.750759040000e-02 2.058846000000e+00 4.939791280000e-03
1.758865270000e-02 2.061199430000e+00 4.956000020000e-03
1.758865270000e-02 2.063552860000e+00 4.967345390000e-03
1.775076990000e-02 2.065906290000e+00 4.981933160000e-03
1.783182470000e-02 2.068045850000e+00 4.995439670000e-03
1.783182470000e-02 2.070613150000e+00 5.010027900000e-03
1.791288700000e-02 2.073180680000e+00 5.023534410000e-03
1.807500420000e-02 2.075534110000e+00 5.037041850000e-03
1.807500420000e-02 2.077459570000e+00 5.053790290000e-03
1.815605910000e-02 2.080240960000e+00 5.066216920000e-03
1.823712140000e-02 2.082808260000e+00 5.079724360000e-03
1.839923860000e-02 2.084733960000e+00 5.093230870000e-03
1.839923860000e-02 2.087301250000e+00 5.105657500000e-03
1.856135580000e-02 2.089440820000e+00 5.122406410000e-03
1.864241060000e-02 2.092222210000e+00 5.135912910000e-03
1.872347300000e-02 2.094147680000e+00 5.150500680000e-03
1.872347300000e-02 2.096501110000e+00 5.168329920000e-03
1.880452780000e-02 2.098640680000e+00 5.180216390000e-03
1.888559010000e-02 2.101207970000e+00 5.193723370000e-03
1.896665250000e-02 2.103561400000e+00 5.205609370000e-03
1.912876960000e-02 2.106128930000e+00 5.218036010000e-03
1.920982450000e-02 2.108482360000e+00 5.231002810000e-03
1.912876960000e-02 2.108482360000e+00 5.229922010000e-03
1.920982450000e-02 2.110621930000e+00 5.241808020000e-03
1.929088680000e-02 2.112975360000e+00 5.255855620000e-03
1.937194170000e-02 2.115328790000e+00 5.268281790000e-03
1.945300400000e-02 2.117682220000e+00 5.280708430000e-03
