#  J [A] 	 V 	 L [w] 
1.610219480000e-04 2.211630340000e-04 -1.880225530000e-09
1.610219480000e-04 7.212162020000e-06 -1.933948330000e-09
1.610219480000e-04 7.212162020000e-06 -1.933948330000e-09
1.610219480000e-04 7.212162020000e-06 -1.772779590000e-09
1.610219480000e-04 2.211630340000e-04 -1.933948330000e-09
7.995963100000e-05 2.211630340000e-04 -1.772779590000e-09
1.610219480000e-04 7.212162020000e-06 -1.933948330000e-09
7.995963100000e-05 2.211630340000e-04 -1.933948330000e-09
1.610219480000e-04 4.114326540000e-01 -1.772779590000e-09
3.231391310000e-04 1.180582170000e+00 8.337382270000e-07
2.420768140000e-04 1.188498260000e+00 1.000099250000e-06
3.231391310000e-04 1.219948890000e+00 1.866013920000e-06
4.852563140000e-04 1.242841480000e+00 1.866013920000e-06
4.852563140000e-04 1.261027220000e+00 3.625684710000e-06
5.663111810000e-04 1.277501340000e+00 4.502378030000e-06
6.473734970000e-04 1.290980220000e+00 5.348262680000e-06
8.094906810000e-04 1.303817150000e+00 6.197391030000e-06
8.094906810000e-04 1.314086790000e+00 6.945985660000e-06
8.905455470000e-04 1.325854060000e+00 7.839974390000e-06
1.052662730000e-03 1.336337570000e+00 8.706938390000e-06
1.052662730000e-03 1.346179250000e+00 9.576606320000e-06
1.214787360000e-03 1.355165120000e+00 1.043816610000e-05
1.214787360000e-03 1.364151000000e+00 1.134566720000e-05
1.376904550000e-03 1.372281070000e+00 1.229154440000e-05
1.457959410000e-03 1.380411270000e+00 1.329309360000e-05
1.539021730000e-03 1.387685540000e+00 1.435301690000e-05
1.539021730000e-03 1.395601630000e+00 1.576967220000e-05
1.701138910000e-03 1.402448060000e+00 1.767656070000e-05
1.782193780000e-03 1.409080510000e+00 1.767656070000e-05
1.782193780000e-03 1.414429190000e+00 5.039871760000e-05
1.782193780000e-03 1.419991970000e+00 7.953767640000e-05
2.025373280000e-03 1.425126670000e+00 1.076282420000e-04
2.025373280000e-03 1.430261490000e+00 1.346433860000e-04
2.187490460000e-03 1.434968470000e+00 1.591186010000e-04
2.187490460000e-03 1.440531130000e+00 1.862364440000e-04
2.268545330000e-03 1.445451970000e+00 2.121815490000e-04
2.349607650000e-03 1.450372820000e+00 2.121815490000e-04
2.430662510000e-03 1.455079670000e+00 2.692951820000e-04
2.511724830000e-03 1.460000510000e+00 2.961109570000e-04
2.592779700000e-03 1.464707370000e+00 3.248227880000e-04
2.673842010000e-03 1.468986390000e+00 3.538596210000e-04
2.754896880000e-03 1.473693370000e+00 3.823547160000e-04
2.835959200000e-03 1.478400230000e+00 4.129084990000e-04
2.917014060000e-03 1.482465270000e+00 4.423786890000e-04
2.998076380000e-03 1.487386110000e+00 4.719030990000e-04
3.160193560000e-03 1.491451140000e+00 4.999107330000e-04
3.160193560000e-03 1.495730160000e+00 5.299226610000e-04
3.241255880000e-03 1.500223040000e+00 5.590678770000e-04
3.322310750000e-03 1.504502060000e+00 5.886465080000e-04
3.403373060000e-03 1.508353230000e+00 6.162748900000e-04
3.484427930000e-03 1.512846110000e+00 6.469910730000e-04
3.565490250000e-03 1.516911150000e+00 6.768404860000e-04
3.727607430000e-03 1.521190170000e+00 7.062024090000e-04
3.727607430000e-03 1.525255200000e+00 7.335600090000e-04
3.808662300000e-03 1.529534220000e+00 7.622176200000e-04
3.889724610000e-03 1.533813240000e+00 7.892499560000e-04
3.970779480000e-03 1.537664290000e+00 8.160116850000e-04
4.051841800000e-03 1.541087510000e+00 8.422856340000e-04
4.213958980000e-03 1.545152540000e+00 8.717016320000e-04
4.213958980000e-03 1.549431560000e+00 8.996009130000e-04
4.376076160000e-03 1.553496600000e+00 9.271209710000e-04
4.376076160000e-03 1.557133790000e+00 9.539908500000e-04
4.457131030000e-03 1.561198830000e+00 9.836235550000e-04
4.619248210000e-03 1.564621930000e+00 1.011902120000e-03
4.619248210000e-03 1.568473100000e+00 1.039638880000e-03
4.700310530000e-03 1.571896310000e+00 1.068567280000e-03
4.781365390000e-03 1.575961350000e+00 1.097225000000e-03
4.862427710000e-03 1.579598430000e+00 1.124528350000e-03
4.943482580000e-03 1.583449600000e+00 1.152102490000e-03
5.105599760000e-03 1.587086680000e+00 1.177780680000e-03
5.105599760000e-03 1.590723870000e+00 1.205517330000e-03
5.186662080000e-03 1.594574930000e+00 1.232279000000e-03
5.267724390000e-03 1.597784160000e+00 1.259798880000e-03
5.348779260000e-03 1.601421360000e+00 1.285585460000e-03
5.510896440000e-03 1.604844570000e+00 1.312942940000e-03
5.510896440000e-03 1.608909610000e+00 1.340950490000e-03
5.591958760000e-03 1.611904860000e+00 1.367549530000e-03
5.673013630000e-03 1.615542050000e+00 1.391927360000e-03
5.754075940000e-03 1.619179130000e+00 1.421343540000e-03
5.835130810000e-03 1.623030300000e+00 1.448484250000e-03
5.997247990000e-03 1.625811580000e+00 1.473891670000e-03
5.997247990000e-03 1.629234790000e+00 1.498377880000e-03
6.159365180000e-03 1.632871990000e+00 1.527523040000e-03
6.159365180000e-03 1.636295200000e+00 1.555043160000e-03
6.240427490000e-03 1.640146260000e+00 1.582454890000e-03
6.321482360000e-03 1.643141510000e+00 1.609216330000e-03
6.483599540000e-03 1.646350740000e+00 1.636357280000e-03
6.564661860000e-03 1.649773960000e+00 1.662360390000e-03
6.564661860000e-03 1.652983190000e+00 1.689663740000e-03
6.645716730000e-03 1.656620380000e+00 1.714312470000e-03
6.726779040000e-03 1.659829620000e+00 1.739665630000e-03
6.807833910000e-03 1.662397030000e+00 1.765885510000e-03
6.807833910000e-03 1.666676040000e+00 1.791617830000e-03
7.051013410000e-03 1.669457320000e+00 1.816970760000e-03
6.969951090000e-03 1.672880530000e+00 1.844219980000e-03
7.132075730000e-03 1.676731710000e+00 1.868056130000e-03
7.213130590000e-03 1.679512980000e+00 1.891892290000e-03
7.456310090000e-03 1.682722210000e+00 1.915241130000e-03
7.375247780000e-03 1.685503600000e+00 1.939835730000e-03
7.537364960000e-03 1.688712840000e+00 1.963238460000e-03
7.537364960000e-03 1.692350030000e+00 1.987670550000e-03
7.618427280000e-03 1.694703460000e+00 2.010206690000e-03
7.780544460000e-03 1.697484850000e+00 2.033284630000e-03
7.780544460000e-03 1.701121930000e+00 2.058150250000e-03
7.861599330000e-03 1.704759120000e+00 2.082853110000e-03
8.023716510000e-03 1.707326530000e+00 2.105443270000e-03
8.023716510000e-03 1.711605430000e+00 2.132042310000e-03
8.104778830000e-03 1.714386820000e+00 2.155607800000e-03
8.266896010000e-03 1.716740250000e+00 2.178198190000e-03
8.347950880000e-03 1.719949480000e+00 2.201221650000e-03
8.429013190000e-03 1.723372700000e+00 2.225003670000e-03
8.429013190000e-03 1.726367950000e+00 2.246456450000e-03
8.510068060000e-03 1.729577300000e+00 2.270400990000e-03
8.672185240000e-03 1.731930730000e+00 2.291311980000e-03
8.591130380000e-03 1.735139850000e+00 2.315689810000e-03
8.753247560000e-03 1.738563060000e+00 2.339363560000e-03
8.834302430000e-03 1.741772410000e+00 2.361357680000e-03
8.915364740000e-03 1.744767670000e+00 2.383352260000e-03
8.996419610000e-03 1.747549060000e+00 2.383352260000e-03
9.077481930000e-03 1.750758170000e+00 2.451797020000e-03
9.158544240000e-03 1.753967520000e+00 2.466384550000e-03
9.239599110000e-03 1.756748910000e+00 2.484753960000e-03
9.401716290000e-03 1.759744170000e+00 2.506905700000e-03
9.401716290000e-03 1.762739420000e+00 2.527976640000e-03
9.482778610000e-03 1.765948770000e+00 2.549587980000e-03
9.644895790000e-03 1.768302200000e+00 2.570658920000e-03
9.644895790000e-03 1.771511320000e+00 2.592270260000e-03
9.807012980000e-03 1.774720670000e+00 2.612800800000e-03
9.725950660000e-03 1.774506810000e+00 2.613341200000e-03
9.888067840000e-03 1.777502060000e+00 2.634412140000e-03
9.888067840000e-03 1.780069350000e+00 2.654402280000e-03
9.969130160000e-03 1.783278700000e+00 2.677094420000e-03
1.013124730000e-02 1.786273960000e+00 2.697084560000e-03
1.021230220000e-02 1.789055350000e+00 2.720856810000e-03
1.029336450000e-02 1.791622640000e+00 2.739766850000e-03
1.037441940000e-02 1.794831990000e+00 2.762458990000e-03
1.045548170000e-02 1.797613380000e+00 2.784610030000e-03
1.045548170000e-02 1.800608630000e+00 2.805680970000e-03
1.053653660000e-02 1.803175930000e+00 2.827832710000e-03
1.061759890000e-02 1.806171180000e+00 2.850524850000e-03
1.077971610000e-02 1.809166670000e+00 2.869434190000e-03
1.077971610000e-02 1.811520100000e+00 2.890505130000e-03
1.094183330000e-02 1.814301490000e+00 2.911576070000e-03
1.094183330000e-02 1.817510600000e+00 2.933727810000e-03
1.102288810000e-02 1.820078130000e+00 2.955339150000e-03
1.110395040000e-02 1.822859290000e+00 2.975869690000e-03
1.118501280000e-02 1.825640680000e+00 2.994239100000e-03
1.126606760000e-02 1.828635930000e+00 3.016390840000e-03
1.134712990000e-02 1.831203460000e+00 3.038002180000e-03
1.142818480000e-02 1.833984850000e+00 3.061234020000e-03
1.150924710000e-02 1.836766000000e+00 3.080144060000e-03
1.159030200000e-02 1.839547400000e+00 3.101215000000e-03
1.167136430000e-02 1.842328790000e+00 3.122826340000e-03
1.183348150000e-02 1.845110180000e+00 3.141735680000e-03
1.183348150000e-02 1.847677470000e+00 3.163887420000e-03
1.199559870000e-02 1.850672720000e+00 3.188740460000e-03
1.199559870000e-02 1.853240250000e+00 3.209811400000e-03
1.207665350000e-02 1.856235500000e+00 3.233043240000e-03
1.223877070000e-02 1.858588930000e+00 3.253573780000e-03
1.223877070000e-02 1.861584190000e+00 3.276806320000e-03
1.240088790000e-02 1.864151720000e+00 3.298957370000e-03
1.240088790000e-02 1.866505150000e+00 3.321649510000e-03
1.248195020000e-02 1.869072440000e+00 3.340019150000e-03
1.264406740000e-02 1.872067930000e+00 3.361630490000e-03
1.264406740000e-02 1.874635220000e+00 3.379459730000e-03
1.272512230000e-02 1.877416610000e+00 3.402691570000e-03
1.280618460000e-02 1.879983900000e+00 3.421061210000e-03
1.280618460000e-02 1.882765290000e+00 3.441051810000e-03
1.296830180000e-02 1.885332580000e+00 3.462122750000e-03
1.304936410000e-02 1.887900110000e+00 3.481032090000e-03
1.313041900000e-02 1.890681510000e+00 3.497781230000e-03
1.329253610000e-02 1.893248800000e+00 3.520472670000e-03
1.329253610000e-02 1.896244050000e+00 3.537221810000e-03
1.337359850000e-02 1.898597480000e+00 3.556671550000e-03
1.345465330000e-02 1.900951150000e+00 3.574501260000e-03
1.353571560000e-02 1.903732300000e+00 3.594491400000e-03
1.361677050000e-02 1.906299830000e+00 3.613401440000e-03
1.369783280000e-02 1.909081220000e+00 3.633931980000e-03
1.377888770000e-02 1.911648510000e+00 3.652842020000e-03
1.394100490000e-02 1.914429900000e+00 3.674453360000e-03
1.394100490000e-02 1.916997190000e+00 3.691742200000e-03
1.410312210000e-02 1.919564720000e+00 3.712272740000e-03
1.418418440000e-02 1.921918150000e+00 3.727940840000e-03
1.418418440000e-02 1.924271580000e+00 3.748471380000e-03
1.434630160000e-02 1.927052970000e+00 3.760898020000e-03
1.434630160000e-02 1.929620270000e+00 3.781428560000e-03
1.442735640000e-02 1.931973700000e+00 3.794395360000e-03
1.458947360000e-02 1.934968950000e+00 3.813845800000e-03
1.467053590000e-02 1.937536480000e+00 3.826812140000e-03
1.467053590000e-02 1.939889910000e+00 3.840859750000e-03
1.475159080000e-02 1.942671300000e+00 3.855447280000e-03
1.483265310000e-02 1.944810630000e+00 3.868414090000e-03
1.491370800000e-02 1.947164300000e+00 3.884622130000e-03
1.507583260000e-02 1.950159550000e+00 3.897589170000e-03
1.507583260000e-02 1.952298880000e+00 3.913257270000e-03
1.515688750000e-02 1.954866410000e+00 3.930546340000e-03
1.523794980000e-02 1.957433700000e+00 3.946214450000e-03
1.531900470000e-02 1.960215090000e+00 3.964043690000e-03
1.548112180000e-02 1.962568520000e+00 3.978630990000e-03
1.548112180000e-02 1.965349910000e+00 3.997000870000e-03
1.556218420000e-02 1.967703340000e+00 4.012128800000e-03
1.572430130000e-02 1.970270870000e+00 4.027256280000e-03
1.580535620000e-02 1.972410200000e+00 4.044005650000e-03
1.580535620000e-02 1.974977730000e+00 4.058592950000e-03
1.588641850000e-02 1.977759120000e+00 4.073720890000e-03
1.596747340000e-02 1.980112550000e+00 4.086687230000e-03
1.604853570000e-02 1.982465980000e+00 4.101815170000e-03
1.612959060000e-02 1.985033270000e+00 4.114241340000e-03
1.629170780000e-02 1.987600800000e+00 4.129909910000e-03
1.637277010000e-02 1.989954230000e+00 4.143416880000e-03
1.637277010000e-02 1.992093560000e+00 4.156383220000e-03
1.645382490000e-02 1.994446990000e+00 4.172051790000e-03
1.653488730000e-02 1.997228380000e+00 4.186639100000e-03
1.661594210000e-02 1.999795910000e+00 4.200146530000e-03
1.669700440000e-02 2.001721380000e+00 4.215814640000e-03
1.677805930000e-02 2.004716630000e+00 4.230401940000e-03
1.685912160000e-02 2.007070060000e+00 4.243909380000e-03
1.694017650000e-02 2.009423490000e+00 4.260117650000e-03
1.702123880000e-02 2.011776920000e+00 4.275245130000e-03
1.710230110000e-02 2.014130350000e+00 4.289832900000e-03
1.718335600000e-02 2.016697880000e+00 4.303340330000e-03
1.718335600000e-02 2.019265170000e+00 4.316846840000e-03
1.734547320000e-02 2.021190880000e+00 4.329813640000e-03
1.750759040000e-02 2.023758170000e+00 4.344401420000e-03
1.750759040000e-02 2.026325700000e+00 4.358449020000e-03
1.758865270000e-02 2.028465030000e+00 4.369794860000e-03
1.775076990000e-02 2.030818460000e+00 4.383841530000e-03
1.775076990000e-02 2.033385990000e+00 4.398429770000e-03
1.791288700000e-02 2.035739420000e+00 4.409775600000e-03
1.791288700000e-02 2.038092850000e+00 4.422742410000e-03
1.807500420000e-02 2.040232420000e+00 4.434628410000e-03
1.807500420000e-02 2.042585850000e+00 4.448135380000e-03
1.815605910000e-02 2.044939280000e+00 4.459481220000e-03
1.831817630000e-02 2.047506570000e+00 4.469206090000e-03
1.831817630000e-02 2.049218180000e+00 4.477310930000e-03
1.839923860000e-02 2.051785710000e+00 4.489196930000e-03
1.848029350000e-02 2.054139140000e+00 4.497300830000e-03
1.856135580000e-02 2.056706430000e+00 4.507026170000e-03
1.872347300000e-02 2.058846000000e+00 4.517291210000e-03
1.872347300000e-02 2.061413290000e+00 4.522694270000e-03
1.880452780000e-02 2.063552860000e+00 4.535660610000e-03
1.896665250000e-02 2.065906290000e+00 4.543765450000e-03
1.904770730000e-02 2.068259720000e+00 4.554030490000e-03
1.904770730000e-02 2.070613150000e+00 4.565916490000e-03
1.904770730000e-02 2.072966580000e+00 4.576181990000e-03
1.912876960000e-02 2.072966580000e+00 4.574561030000e-03
1.920982450000e-02 2.075534110000e+00 4.588068000000e-03
1.929088680000e-02 2.077887540000e+00 4.598333970000e-03
1.937194170000e-02 2.080027100000e+00 4.611300300000e-03
1.945300400000e-02 2.082594390000e+00 4.619944380000e-03
