#  J [A] 	 V 	 L [w] 
7.995963100000e-05 -2.067387100000e-04 -1.987671360000e-09
7.995963100000e-05 7.212162020000e-06 -1.933948330000e-09
1.610219480000e-04 7.212162020000e-06 -1.880225530000e-09
1.610219480000e-04 2.211630340000e-04 -1.987671360000e-09
1.610219480000e-04 7.212162020000e-06 -1.933948330000e-09
1.610219480000e-04 7.212162020000e-06 -1.826502500000e-09
1.610219480000e-04 2.211630340000e-04 -1.933948330000e-09
7.995963100000e-05 7.212162020000e-06 -1.826502500000e-09
1.610219480000e-04 3.408292230000e-01 -1.987671360000e-09
3.231391310000e-04 1.220804690000e+00 1.156522440000e-06
3.231391310000e-04 1.243697290000e+00 1.373914300000e-06
4.041939970000e-04 1.280282740000e+00 1.373914300000e-06
4.852563140000e-04 1.308310150000e+00 3.779727650000e-06
4.852563140000e-04 1.330346940000e+00 4.985045510000e-06
6.473734970000e-04 1.350458260000e+00 6.328192280000e-06
6.473734970000e-04 1.367788200000e+00 7.655664380000e-06
8.094906810000e-04 1.383192540000e+00 9.135556870000e-06
8.094906810000e-04 1.395601630000e+00 1.067976880000e-05
9.716078640000e-04 1.409294490000e+00 1.291095850000e-05
1.052662730000e-03 1.421703580000e+00 1.805274950000e-05
1.133725050000e-03 1.430903320000e+00 1.805274950000e-05
1.214787360000e-03 1.439675330000e+00 7.958631610000e-05
1.295842230000e-03 1.448233250000e+00 1.141888210000e-04
1.376904550000e-03 1.456149460000e+00 1.470674180000e-04
1.457959410000e-03 1.464065550000e+00 1.810809040000e-04
1.457959410000e-03 1.470911980000e+00 2.149808860000e-04
1.539021730000e-03 1.478614210000e+00 2.149808860000e-04
1.701138910000e-03 1.485460520000e+00 2.895018260000e-04
1.782193780000e-03 1.492520930000e+00 3.248227880000e-04
1.782193780000e-03 1.498725410000e+00 3.597103060000e-04
1.863256100000e-03 1.505143880000e+00 3.958438460000e-04
2.025373280000e-03 1.511348490000e+00 4.313815440000e-04
2.106428150000e-03 1.517339110000e+00 4.670817000000e-04
2.106428150000e-03 1.523115750000e+00 5.004524720000e-04
2.187490460000e-03 1.529320240000e+00 5.371819130000e-04
2.268545330000e-03 1.534882900000e+00 5.722319470000e-04
2.349607650000e-03 1.540873530000e+00 6.075529380000e-04
2.430662510000e-03 1.546008350000e+00 6.400568530000e-04
2.511724830000e-03 1.551784990000e+00 6.747277800000e-04
2.673842010000e-03 1.557347660000e+00 7.094528410000e-04
2.754896880000e-03 1.562482480000e+00 7.440153860000e-04
2.835959200000e-03 1.567403320000e+00 7.772235550000e-04
2.917014060000e-03 1.572965980000e+00 8.131404170000e-04
2.917014060000e-03 1.577886820000e+00 8.479197280000e-04
2.998076380000e-03 1.583021640000e+00 8.829156290000e-04
3.079131250000e-03 1.587514640000e+00 9.164488290000e-04
3.241255880000e-03 1.592863320000e+00 9.522032340000e-04
3.322310750000e-03 1.597784160000e+00 9.863324230000e-04
3.322310750000e-03 1.602277160000e+00 1.022790910000e-03
3.484427930000e-03 1.606770040000e+00 1.056865910000e-03
3.484427930000e-03 1.611904860000e+00 1.094082950000e-03
3.646545110000e-03 1.616397860000e+00 1.129999760000e-03
3.727607430000e-03 1.621532680000e+00 1.165645900000e-03
3.808662300000e-03 1.625811580000e+00 1.199449880000e-03
3.889724610000e-03 1.630518560000e+00 1.233308230000e-03
3.970779480000e-03 1.634797450000e+00 1.266570530000e-03
4.051841800000e-03 1.639076470000e+00 1.301133190000e-03
4.051841800000e-03 1.643569470000e+00 1.333582910000e-03
4.213958980000e-03 1.648062350000e+00 1.368795520000e-03
4.213958980000e-03 1.652341370000e+00 1.402762140000e-03
4.376076160000e-03 1.656834360000e+00 1.437053780000e-03
4.457131030000e-03 1.661113380000e+00 1.469991050000e-03
4.538193350000e-03 1.665392280000e+00 1.503470120000e-03
4.619248210000e-03 1.669457320000e+00 1.536299240000e-03
4.700310530000e-03 1.673950310000e+00 1.570482510000e-03
4.781365390000e-03 1.678229330000e+00 1.601252940000e-03
4.862427710000e-03 1.681866410000e+00 1.635815370000e-03
4.862427710000e-03 1.686359410000e+00 1.668807000000e-03
4.943482580000e-03 1.690424440000e+00 1.702448590000e-03
5.105599760000e-03 1.694489480000e+00 1.734139860000e-03
5.186662080000e-03 1.698768500000e+00 1.767944080000e-03
5.186662080000e-03 1.702833530000e+00 1.800393800000e-03
5.267724390000e-03 1.706898570000e+00 1.833222690000e-03
5.429841580000e-03 1.710321780000e+00 1.864914080000e-03
5.510896440000e-03 1.714172840000e+00 1.898339130000e-03
5.591958760000e-03 1.718024020000e+00 1.930680480000e-03
5.591958760000e-03 1.721874950000e+00 1.963400980000e-03
5.754075940000e-03 1.725940230000e+00 1.995038240000e-03
5.835130810000e-03 1.729791160000e+00 2.028083890000e-03
5.835130810000e-03 1.733642340000e+00 2.060371220000e-03
5.997247990000e-03 1.737065550000e+00 2.092550040000e-03
5.997247990000e-03 1.740916490000e+00 2.121316040000e-03
6.078310310000e-03 1.744339700000e+00 2.154524440000e-03
6.159365180000e-03 1.748832700000e+00 2.186595000000e-03
6.240427490000e-03 1.752255920000e+00 2.218394540000e-03
6.483599540000e-03 1.755251170000e+00 2.249381740000e-03
6.483599540000e-03 1.759316210000e+00 2.281560330000e-03
6.564661860000e-03 1.762311460000e+00 2.312114230000e-03
6.645716730000e-03 1.765948770000e+00 2.342992930000e-03
6.645716730000e-03 1.769371990000e+00 2.372029940000e-03
6.726779040000e-03 1.773009060000e+00 2.372029940000e-03
6.888896230000e-03 1.778143880000e+00 2.458820820000e-03
6.807833910000e-03 1.781353000000e+00 2.480972560000e-03
6.969951090000e-03 1.784776210000e+00 2.510147630000e-03
7.132075730000e-03 1.787557600000e+00 2.539322480000e-03
7.132075730000e-03 1.791622640000e+00 2.566336420000e-03
7.213130590000e-03 1.795687680000e+00 2.597132700000e-03
7.375247780000e-03 1.797613380000e+00 2.625227440000e-03
7.456310090000e-03 1.802106140000e+00 2.658184380000e-03
7.537364960000e-03 1.805101630000e+00 2.687359460000e-03
7.537364960000e-03 1.809166670000e+00 2.718155510000e-03
7.618427280000e-03 1.811947820000e+00 2.746790650000e-03
7.780544460000e-03 1.815371040000e+00 2.778126630000e-03
7.780544460000e-03 1.819008350000e+00 2.807302170000e-03
7.942661640000e-03 1.822217460000e+00 2.840259110000e-03
8.023716510000e-03 1.825212720000e+00 2.866732890000e-03
8.104778830000e-03 1.829063890000e+00 2.897528930000e-03
8.185833690000e-03 1.832273240000e+00 2.929945710000e-03
8.185833690000e-03 1.835482360000e+00 2.961822550000e-03
8.266896010000e-03 1.838477610000e+00 2.992078200000e-03
8.429013190000e-03 1.841900830000e+00 3.022874240000e-03
8.429013190000e-03 1.845110180000e+00 3.052049320000e-03
8.510068060000e-03 1.848747250000e+00 3.082845360000e-03
8.591130380000e-03 1.851528640000e+00 3.109859300000e-03
8.672185240000e-03 1.854951860000e+00 3.141195980000e-03
8.834302430000e-03 1.858375070000e+00 3.171451620000e-03
8.915364740000e-03 1.861584190000e+00 3.201167100000e-03
8.996419610000e-03 1.864579680000e+00 3.230882340000e-03
8.996419610000e-03 1.867788790000e+00 3.262758720000e-03
9.158544240000e-03 1.870784040000e+00 3.292474660000e-03
9.239599110000e-03 1.874421360000e+00 3.323270010000e-03
9.320661430000e-03 1.877416610000e+00 3.351905150000e-03
9.320661430000e-03 1.880839820000e+00 3.383781530000e-03
9.482778610000e-03 1.884048940000e+00 3.417278870000e-03
9.563833480000e-03 1.887258290000e+00 3.445373850000e-03
9.644895790000e-03 1.890039680000e+00 3.474008990000e-03
9.725950660000e-03 1.893034930000e+00 3.506425540000e-03
9.725950660000e-03 1.896244050000e+00 3.535060910000e-03
9.807012980000e-03 1.896458150000e+00 3.535060910000e-03
9.888067840000e-03 1.899453400000e+00 3.567477460000e-03
9.969130160000e-03 1.902020690000e+00 3.593951000000e-03
1.005018500000e-02 1.905443910000e+00 3.629609480000e-03
1.013124730000e-02 1.908439160000e+00 3.659865120000e-03
1.021230220000e-02 1.911648510000e+00 3.690661400000e-03
1.029336450000e-02 1.914429900000e+00 3.718756140000e-03
1.029336450000e-02 1.917853120000e+00 3.753874220000e-03
1.037441940000e-02 1.920634510000e+00 3.782509360000e-03
1.053653660000e-02 1.923629760000e+00 3.811143800000e-03
1.061759890000e-02 1.926411150000e+00 3.843020650000e-03
1.061759890000e-02 1.929620270000e+00 3.875977830000e-03
1.077971610000e-02 1.932615520000e+00 3.902451370000e-03
1.086077090000e-02 1.935396910000e+00 3.937029750000e-03
1.086077090000e-02 1.938178300000e+00 3.962962890000e-03
1.094183330000e-02 1.941387650000e+00 3.993758930000e-03
1.110395040000e-02 1.944382910000e+00 4.022394310000e-03
1.110395040000e-02 1.947164300000e+00 4.052649720000e-03
1.118501280000e-02 1.949945450000e+00 4.079664130000e-03
1.134712990000e-02 1.953154800000e+00 4.112620840000e-03
1.142818480000e-02 1.955936190000e+00 4.142336080000e-03
1.142818480000e-02 1.959145310000e+00 4.174213390000e-03
1.150924710000e-02 1.961498740000e+00 4.205008500000e-03
1.159030200000e-02 1.964708090000e+00 4.236885810000e-03
1.167136430000e-02 1.967489480000e+00 4.264439920000e-03
1.183348150000e-02 1.970270870000e+00 4.294155170000e-03
1.191453640000e-02 1.973266120000e+00 4.322790540000e-03
1.191453640000e-02 1.976047520000e+00 4.352505780000e-03
1.207665350000e-02 1.978828670000e+00 4.380600060000e-03
1.215771590000e-02 1.981824160000e+00 4.415178210000e-03
1.215771590000e-02 1.984819410000e+00 4.444353280000e-03
1.223877070000e-02 1.987600800000e+00 4.474609160000e-03
1.240088790000e-02 1.990168090000e+00 4.501623570000e-03
1.248195020000e-02 1.992949490000e+00 4.531879440000e-03
1.248195020000e-02 1.995516780000e+00 4.559973250000e-03
1.256300510000e-02 1.998726130000e+00 4.589148800000e-03
1.264406740000e-02 2.001293420000e+00 4.615622570000e-03
1.280618460000e-02 2.003860950000e+00 4.643717320000e-03
1.280618460000e-02 2.006856200000e+00 4.667489790000e-03
1.296830180000e-02 2.009637590000e+00 4.693422930000e-03
1.304936410000e-02 2.012418990000e+00 4.723138180000e-03
1.313041900000e-02 2.015200140000e+00 4.747991450000e-03
1.313041900000e-02 2.017553570000e+00 4.776086190000e-03
1.321148130000e-02 2.020549060000e+00 4.803640300000e-03
1.337359850000e-02 2.023330210000e+00 4.831194880000e-03
1.337359850000e-02 2.026111600000e+00 4.857128020000e-03
1.345465330000e-02 2.028892990000e+00 4.880359860000e-03
1.345465330000e-02 2.031460290000e+00 4.905753300000e-03
1.361677050000e-02 2.034027810000e+00 4.929525780000e-03
1.377888770000e-02 2.037023070000e+00 4.954919220000e-03
1.385995000000e-02 2.039376500000e+00 4.979772030000e-03
1.394100490000e-02 2.042157890000e+00 5.006785970000e-03
1.402206720000e-02 2.044939280000e+00 5.033799910000e-03
1.410312210000e-02 2.047720670000e+00 5.062434820000e-03
1.410312210000e-02 2.050074100000e+00 5.087828260000e-03
1.418418440000e-02 2.053283210000e+00 5.117002870000e-03
1.434630160000e-02 2.055636640000e+00 5.142396320000e-03
1.434630160000e-02 2.057990070000e+00 5.168870090000e-03
1.442735640000e-02 2.060771470000e+00 5.191022060000e-03
1.458947360000e-02 2.063552860000e+00 5.215334710000e-03
1.458947360000e-02 2.066120150000e+00 5.239106710000e-03
1.475159080000e-02 2.068901540000e+00 5.265580490000e-03
1.483265310000e-02 2.071469070000e+00 5.288812800000e-03
1.491370800000e-02 2.073822500000e+00 5.312045100000e-03
1.499477030000e-02 2.076389790000e+00 5.337438550000e-03
1.507583260000e-02 2.079385040000e+00 5.360670390000e-03
1.515688750000e-02 2.081738710000e+00 5.385523660000e-03
1.523794980000e-02 2.084306000000e+00 5.410915710000e-03
1.531900470000e-02 2.086873290000e+00 5.434148940000e-03
1.540006700000e-02 2.089440820000e+00 5.458461590000e-03
1.540006700000e-02 2.092008110000e+00 5.478991200000e-03
1.548112180000e-02 2.094789510000e+00 5.505465440000e-03
1.564323900000e-02 2.097142930000e+00 5.529778080000e-03
1.564323900000e-02 2.099710460000e+00 5.555712150000e-03
1.580535620000e-02 2.102063890000e+00 5.582725630000e-03
1.588641850000e-02 2.104845290000e+00 5.610819440000e-03
1.596747340000e-02 2.107198720000e+00 5.634593310000e-03
1.596747340000e-02 2.109979870000e+00 5.663227760000e-03
1.604853570000e-02 2.112333540000e+00 5.685918960000e-03
1.612959060000e-02 2.115114690000e+00 5.713473070000e-03
1.629170780000e-02 2.117254260000e+00 5.735084880000e-03
1.637277010000e-02 2.119607690000e+00 5.758316720000e-03
1.637277010000e-02 2.121961120000e+00 5.779928530000e-03
1.645382490000e-02 2.124528650000e+00 5.800458600000e-03
1.661594210000e-02 2.127095940000e+00 5.824231080000e-03
1.661594210000e-02 2.129663470000e+00 5.849083890000e-03
1.669700440000e-02 2.132016900000e+00 5.870155520000e-03
1.677805930000e-02 2.134584190000e+00 5.896628370000e-03
1.685912160000e-02 2.136937620000e+00 5.918780810000e-03
1.702123880000e-02 2.139719010000e+00 5.942553280000e-03
1.702123880000e-02 2.141644480000e+00 5.966865920000e-03
1.710230110000e-02 2.144212010000e+00 5.993338770000e-03
1.718335600000e-02 2.146779300000e+00 6.018732210000e-03
1.734547320000e-02 2.149132730000e+00 6.044665820000e-03
1.734547320000e-02 2.151486160000e+00 6.069519090000e-03
1.742653550000e-02 2.153839590000e+00 6.090589330000e-03
1.758865270000e-02 2.156407120000e+00 6.114901970000e-03
1.766970750000e-02 2.158974410000e+00 6.137593650000e-03
1.766970750000e-02 2.160900120000e+00 6.158665290000e-03
1.775076990000e-02 2.163253550000e+00 6.184058730000e-03
1.783182470000e-02 2.165820840000e+00 6.206209770000e-03
1.799394190000e-02 2.168388370000e+00 6.227821580000e-03
1.799394190000e-02 2.170527700000e+00 6.249432450000e-03
1.815605910000e-02 2.173095230000e+00 6.271042860000e-03
1.815605910000e-02 2.175234560000e+00 6.291033700000e-03
1.823712140000e-02 2.177802090000e+00 6.311024540000e-03
1.831817630000e-02 2.180155520000e+00 6.331015380000e-03
1.839923860000e-02 2.182508950000e+00 6.351544990000e-03
1.848029350000e-02 2.184862380000e+00 6.374777290000e-03
1.856135580000e-02 2.187001940000e+00 6.398010070000e-03
1.872347300000e-02 2.189569230000e+00 6.420161110000e-03
1.872347300000e-02 2.191922660000e+00 6.441231820000e-03
1.880452780000e-02 2.194062230000e+00 6.462843620000e-03
1.888559010000e-02 2.196201800000e+00 6.484454030000e-03
1.896665250000e-02 2.198769090000e+00 6.503364070000e-03
1.904770730000e-02 2.201550480000e+00 6.522814740000e-03
1.920982450000e-02 2.203475950000e+00 6.540643980000e-03
1.912876960000e-02 2.203475950000e+00 6.540103350000e-03
1.929088680000e-02 2.206043480000e+00 6.561174990000e-03
1.929088680000e-02 2.208182810000e+00 6.577923430000e-03
1.945300400000e-02 2.210536480000e+00 6.595752670000e-03
1.945300400000e-02 2.213103770000e+00 6.617903710000e-03
