#  J [A] 	 V 	 L [w] 
7.995963100000e-05 2.211630340000e-04 -1.772779590000e-09
1.610219480000e-04 2.211630340000e-04 -1.826502500000e-09
7.995963100000e-05 2.211630340000e-04 -1.611649370000e-09
1.610219480000e-04 2.211630340000e-04 -1.504203540000e-09
1.610219480000e-04 7.212162020000e-06 -1.450480620000e-09
1.610219480000e-04 7.212162020000e-06 -1.504203540000e-09
1.610219480000e-04 7.212162020000e-06 -1.719056670000e-09
1.610219480000e-04 7.212162020000e-06 -1.504203540000e-09
1.610219480000e-04 2.753605540000e-01 -1.557926450000e-09
3.231391310000e-04 1.126880760000e+00 6.688277380000e-07
2.420768140000e-04 1.165605660000e+00 8.362092670000e-07
4.041939970000e-04 1.197698120000e+00 1.618164560000e-06
4.852563140000e-04 1.220804690000e+00 1.618164560000e-06
5.663111810000e-04 1.237920640000e+00 3.186797580000e-06
6.473734970000e-04 1.253538970000e+00 3.918096350000e-06
6.473734970000e-04 1.267017840000e+00 4.635882310000e-06
7.284283640000e-04 1.279212950000e+00 5.357991540000e-06
8.094906810000e-04 1.289054630000e+00 5.987676560000e-06
9.716078640000e-04 1.299752120000e+00 6.736271190000e-06
1.052662730000e-03 1.310235740000e+00 7.430274760000e-06
1.052662730000e-03 1.319221620000e+00 8.115091080000e-06
1.133725050000e-03 1.327351690000e+00 8.769096890000e-06
1.295842230000e-03 1.335909610000e+00 9.463640710000e-06
1.376904550000e-03 1.343611840000e+00 1.013008020000e-05
1.457959410000e-03 1.351314070000e+00 1.080246240000e-05
1.457959410000e-03 1.358374360000e+00 1.143917420000e-05
1.539021730000e-03 1.365648630000e+00 1.214669100000e-05
1.620076600000e-03 1.372281070000e+00 1.284177600000e-05
1.782193780000e-03 1.378913520000e+00 1.355199400000e-05
1.863256100000e-03 1.384904150000e+00 1.426815920000e-05
1.863256100000e-03 1.391108750000e+00 1.506107400000e-05
2.025373280000e-03 1.396885400000e+00 1.587669070000e-05
2.025373280000e-03 1.402875900000e+00 1.682635050000e-05
2.187490460000e-03 1.408224700000e+00 1.787005930000e-05
2.187490460000e-03 1.414001350000e+00 1.958831310000e-05
2.268545330000e-03 1.419350030000e+00 1.958831310000e-05
2.349607650000e-03 1.424057010000e+00 4.806413560000e-05
2.511724830000e-03 1.428549890000e+00 7.066952820000e-05
2.592779700000e-03 1.433042880000e+00 9.357754610000e-05
2.673842010000e-03 1.437321900000e+00 1.152047990000e-04
2.673842010000e-03 1.441386940000e+00 1.363997290000e-04
2.835959200000e-03 1.445879820000e+00 1.560760870000e-04
2.835959200000e-03 1.450372820000e+00 1.788057850000e-04
2.917014060000e-03 1.455079670000e+00 2.012166220000e-04
3.079131250000e-03 1.458930730000e+00 2.262916680000e-04
3.160193560000e-03 1.462995890000e+00 2.262916680000e-04
3.241255880000e-03 1.467060920000e+00 2.787754930000e-04
3.322310750000e-03 1.471125960000e+00 3.035868580000e-04
3.403373060000e-03 1.474977020000e+00 3.293191550000e-04
3.403373060000e-03 1.478614210000e+00 3.537512680000e-04
3.484427930000e-03 1.482893110000e+00 3.812712380000e-04
3.565490250000e-03 1.486744280000e+00 4.078703640000e-04
3.727607430000e-03 1.490809320000e+00 4.345777850000e-04
3.727607430000e-03 1.494446400000e+00 4.594974450000e-04
3.808662300000e-03 1.498511550000e+00 4.857173190000e-04
3.889724610000e-03 1.502148630000e+00 5.109620400000e-04
4.051841800000e-03 1.505999680000e+00 5.362068190000e-04
4.051841800000e-03 1.509636880000e+00 5.595554250000e-04
4.132896660000e-03 1.513274070000e+00 5.860461970000e-04
4.295013840000e-03 1.516697290000e+00 6.106949880000e-04
4.295013840000e-03 1.520976190000e+00 6.351813210000e-04
4.457131030000e-03 1.524399400000e+00 6.586382510000e-04
4.457131030000e-03 1.528250580000e+00 6.832329670000e-04
4.538193350000e-03 1.531887650000e+00 7.068525880000e-04
4.700310530000e-03 1.535310860000e+00 7.314471300000e-04
4.781365390000e-03 1.538734080000e+00 7.527373380000e-04
4.781365390000e-03 1.542585130000e+00 7.772235550000e-04
4.862427710000e-03 1.546008350000e+00 8.007888680000e-04
5.024544890000e-03 1.549431560000e+00 8.255460420000e-04
5.024544890000e-03 1.553068640000e+00 8.497073430000e-04
5.186662080000e-03 1.556705830000e+00 8.747353570000e-04
5.267724390000e-03 1.560129050000e+00 8.994925300000e-04
5.267724390000e-03 1.563766120000e+00 9.250623990000e-04
5.348779260000e-03 1.566761490000e+00 9.483027970000e-04
5.429841580000e-03 1.570398570000e+00 9.746851280000e-04
5.591958760000e-03 1.573821780000e+00 1.001392490000e-03
5.673013630000e-03 1.577245000000e+00 1.026258110000e-03
5.673013630000e-03 1.580668210000e+00 1.050960970000e-03
5.754075940000e-03 1.584091420000e+00 1.076910060000e-03
5.835130810000e-03 1.587300660000e+00 1.100312920000e-03
5.997247990000e-03 1.590937850000e+00 1.123769910000e-03
5.997247990000e-03 1.593719120000e+00 1.145168320000e-03
6.159365180000e-03 1.597142340000e+00 1.169437890000e-03
6.159365180000e-03 1.600351570000e+00 1.193003260000e-03
6.240427490000e-03 1.603560810000e+00 1.216081090000e-03
6.321482360000e-03 1.606770040000e+00 1.237967050000e-03
6.402544680000e-03 1.610193250000e+00 1.261099130000e-03
6.564661860000e-03 1.613830450000e+00 1.282930960000e-03
6.564661860000e-03 1.616825700000e+00 1.305900400000e-03
6.645716730000e-03 1.619821070000e+00 1.327515460000e-03
6.807833910000e-03 1.623030300000e+00 1.349672330000e-03
6.888896230000e-03 1.626881360000e+00 1.372533500000e-03
6.888896230000e-03 1.630090590000e+00 1.395177790000e-03
7.051013410000e-03 1.632444020000e+00 1.415872130000e-03
7.132075730000e-03 1.635653260000e+00 1.437053780000e-03
7.132075730000e-03 1.639504430000e+00 1.457477100000e-03
7.294192910000e-03 1.641857860000e+00 1.478008690000e-03
7.456310090000e-03 1.645067100000e+00 1.496048410000e-03
7.375247780000e-03 1.648276330000e+00 1.518476170000e-03
7.537364960000e-03 1.651485560000e+00 1.538466080000e-03
7.537364960000e-03 1.654052970000e+00 1.559431200000e-03
7.618427280000e-03 1.657476190000e+00 1.580612970000e-03
7.699482140000e-03 1.660899400000e+00 1.602715700000e-03
7.780544460000e-03 1.663680670000e+00 1.623734830000e-03
7.942661640000e-03 1.666890030000e+00 1.645404030000e-03
8.023716510000e-03 1.669671300000e+00 1.665827350000e-03
8.023716510000e-03 1.672666670000e+00 1.687442530000e-03
8.185833690000e-03 1.676303740000e+00 1.707974240000e-03
8.185833690000e-03 1.678871150000e+00 1.729101870000e-03
8.266896010000e-03 1.681652550000e+00 1.748820880000e-03
8.429013190000e-03 1.685075760000e+00 1.770435950000e-03
8.429013190000e-03 1.687429190000e+00 1.790480110000e-03
8.510068060000e-03 1.690210460000e+00 1.810903310000e-03
8.672185240000e-03 1.693847660000e+00 1.830026620000e-03
8.672185240000e-03 1.696629050000e+00 1.850341450000e-03
8.753247560000e-03 1.699410320000e+00 1.870927400000e-03
8.834302430000e-03 1.702833530000e+00 1.891729890000e-03
8.996419610000e-03 1.705614920000e+00 1.910311290000e-03
8.996419610000e-03 1.708610180000e+00 1.930897240000e-03
9.077481930000e-03 1.711391570000e+00 1.949803550000e-03
9.158544240000e-03 1.714386820000e+00 1.968764230000e-03
9.239599110000e-03 1.717168210000e+00 1.987725030000e-03
9.320661430000e-03 1.719949480000e+00 2.007335660000e-03
9.401716290000e-03 1.722730880000e+00 2.026838020000e-03
9.482778610000e-03 1.726154090000e+00 2.046665410000e-03
9.563833480000e-03 1.728935480000e+00 2.065138430000e-03
9.644895790000e-03 1.731716870000e+00 2.084695040000e-03
9.807012980000e-03 1.734498020000e+00 2.103384820000e-03
9.807012980000e-03 1.734498020000e+00 2.103005540000e-03
9.807012980000e-03 1.737279420000e+00 2.122237110000e-03
9.888067840000e-03 1.740060810000e+00 2.139680790000e-03
1.005018500000e-02 1.742842200000e+00 2.159616680000e-03
1.013124730000e-02 1.745837450000e+00 2.178793770000e-03
1.013124730000e-02 1.748832700000e+00 2.198350620000e-03
1.021230220000e-02 1.751400230000e+00 2.217527940000e-03
1.037441940000e-02 1.754395480000e+00 2.237463600000e-03
1.045548170000e-02 1.757176880000e+00 2.257399260000e-03
1.053653660000e-02 1.759958030000e+00 2.277985220000e-03
1.061759890000e-02 1.762739420000e+00 2.296132970000e-03
1.061759890000e-02 1.765306950000e+00 2.316448140000e-03
1.069865380000e-02 1.768302200000e+00 2.333567010000e-03
1.077971610000e-02 1.770869490000e+00 2.351931530000e-03
1.094183330000e-02 1.773864750000e+00 2.370079750000e-03
1.102288810000e-02 1.776860240000e+00 2.387740180000e-03
1.110395040000e-02 1.779213670000e+00 2.387740180000e-03
1.110395040000e-02 1.781995060000e+00 2.446394410000e-03
1.118501280000e-02 1.784562350000e+00 2.453418220000e-03
1.126606760000e-02 1.787343740000e+00 2.468546150000e-03
1.134712990000e-02 1.790125130000e+00 2.483673860000e-03
1.150924710000e-02 1.792906280000e+00 2.500422300000e-03
1.150924710000e-02 1.795473810000e+00 2.518251540000e-03
1.159030200000e-02 1.798469070000e+00 2.534460280000e-03
1.167136430000e-02 1.801036600000e+00 2.552829680000e-03
1.183348150000e-02 1.803817750000e+00 2.570658920000e-03
1.183348150000e-02 1.806385280000e+00 2.586867660000e-03
1.191453640000e-02 1.809166670000e+00 2.605236600000e-03
1.199559870000e-02 1.811733960000e+00 2.620364540000e-03
1.207665350000e-02 1.814301490000e+00 2.636573040000e-03
1.223877070000e-02 1.817296740000e+00 2.654402280000e-03
1.223877070000e-02 1.819864030000e+00 2.671691820000e-03
1.240088790000e-02 1.822431560000e+00 2.688980660000e-03
1.240088790000e-02 1.824784990000e+00 2.702487170000e-03
1.240088790000e-02 1.827566150000e+00 2.718155510000e-03
1.256300510000e-02 1.830347540000e+00 2.732743040000e-03
1.264406740000e-02 1.833342790000e+00 2.750032350000e-03
1.280618460000e-02 1.835910320000e+00 2.762998690000e-03
1.288723950000e-02 1.838477610000e+00 2.777046290000e-03
1.288723950000e-02 1.841259000000e+00 2.791633830000e-03
1.296830180000e-02 1.843826530000e+00 2.806221370000e-03
1.313041900000e-02 1.846179960000e+00 2.821349310000e-03
1.313041900000e-02 1.848747250000e+00 2.834316110000e-03
1.321148130000e-02 1.851528640000e+00 2.851604950000e-03
1.329253610000e-02 1.854310040000e+00 2.867813690000e-03
1.337359850000e-02 1.856663470000e+00 2.884021490000e-03
1.345465330000e-02 1.859230760000e+00 2.899689830000e-03
1.361677050000e-02 1.861798290000e+00 2.915358170000e-03
1.361677050000e-02 1.864579680000e+00 2.929945710000e-03
1.369783280000e-02 1.867146970000e+00 2.942912510000e-03
1.385995000000e-02 1.869500400000e+00 2.954798750000e-03
1.385995000000e-02 1.872281790000e+00 2.968845660000e-03
1.394100490000e-02 1.874849080000e+00 2.983973590000e-03
1.402206720000e-02 1.877416610000e+00 2.996400230000e-03
1.418418440000e-02 1.879983900000e+00 3.007746530000e-03
1.426523920000e-02 1.882551430000e+00 3.022334070000e-03
1.434630160000e-02 1.885118720000e+00 3.033679680000e-03
1.434630160000e-02 1.887900110000e+00 3.047726820000e-03
1.450841870000e-02 1.890039680000e+00 3.057451920000e-03
1.450841870000e-02 1.892606970000e+00 3.072579860000e-03
1.458947360000e-02 1.894960400000e+00 3.084465860000e-03
1.467053590000e-02 1.897741790000e+00 3.097432900000e-03
1.475159080000e-02 1.900095220000e+00 3.112020440000e-03
1.491370800000e-02 1.903090480000e+00 3.127688540000e-03
1.491370800000e-02 1.905016180000e+00 3.142276080000e-03
1.499477030000e-02 1.908011440000e+00 3.159025220000e-03
1.499477030000e-02 1.910150770000e+00 3.169290020000e-03
1.515688750000e-02 1.912932160000e+00 3.185498760000e-03
1.523794980000e-02 1.915499690000e+00 3.197384770000e-03
1.531900470000e-02 1.918066980000e+00 3.209811400000e-03
1.540006700000e-02 1.920634510000e+00 3.219536510000e-03
1.540006700000e-02 1.923201800000e+00 3.232502840000e-03
1.556218420000e-02 1.925555230000e+00 3.245469880000e-03
1.572430130000e-02 1.927908660000e+00 3.256815490000e-03
1.572430130000e-02 1.930476190000e+00 3.269242120000e-03
1.588641850000e-02 1.933043480000e+00 3.280048030000e-03
1.588641850000e-02 1.935611010000e+00 3.293014360000e-03
1.604853570000e-02 1.937750340000e+00 3.304360670000e-03
1.604853570000e-02 1.940531730000e+00 3.317327010000e-03
1.612959060000e-02 1.942885160000e+00 3.327592510000e-03
1.621065290000e-02 1.945238590000e+00 3.341099950000e-03
1.637277010000e-02 1.948019980000e+00 3.352985950000e-03
1.637277010000e-02 1.950159550000e+00 3.362710590000e-03
1.645382490000e-02 1.952726840000e+00 3.372976090000e-03
1.653488730000e-02 1.955294370000e+00 3.383241830000e-03
1.661594210000e-02 1.957647800000e+00 3.392966230000e-03
1.669700440000e-02 1.960001230000e+00 3.402691570000e-03
1.677805930000e-02 1.962568520000e+00 3.414577570000e-03
1.685912160000e-02 1.964921950000e+00 3.421601610000e-03
1.694017650000e-02 1.967489480000e+00 3.432406810000e-03
1.702123880000e-02 1.969628810000e+00 3.439430610000e-03
1.718335600000e-02 1.972410200000e+00 3.449696350000e-03
1.726441830000e-02 1.975191590000e+00 3.456179750000e-03
1.726441830000e-02 1.977331160000e+00 3.464824050000e-03
1.734547320000e-02 1.979684590000e+00 3.474549390000e-03
1.742653550000e-02 1.982251880000e+00 3.482653290000e-03
1.742653550000e-02 1.984819410000e+00 3.491838230000e-03
1.758865270000e-02 1.987386700000e+00 3.499942130000e-03
1.766970750000e-02 1.989526270000e+00 3.503724230000e-03
1.766970750000e-02 1.992093560000e+00 3.511828370000e-03
1.783182470000e-02 1.994661090000e+00 3.519392570000e-03
1.799394190000e-02 1.997014520000e+00 3.525335570000e-03
1.799394190000e-02 1.999367950000e+00 3.530197780000e-03
1.807500420000e-02 2.001935240000e+00 3.539382710000e-03
1.815605910000e-02 2.004288670000e+00 3.545866120000e-03
1.831817630000e-02 2.006642340000e+00 3.551809120000e-03
1.831817630000e-02 2.008995770000e+00 3.557752350000e-03
1.839923860000e-02 2.011563060000e+00 3.564235750000e-03
1.848029350000e-02 2.014130350000e+00 3.569638360000e-03
1.856135580000e-02 2.016484020000e+00 3.577742490000e-03
1.864241060000e-02 2.018837450000e+00 3.587467600000e-03
1.872347300000e-02 2.021404740000e+00 3.596652300000e-03
1.880452780000e-02 2.023972270000e+00 3.602595530000e-03
1.888559010000e-02 2.026325700000e+00 3.608538540000e-03
1.896665250000e-02 2.028251170000e+00 3.612320640000e-03
1.912876960000e-02 2.031246420000e+00 3.615021940000e-03
1.912876960000e-02 2.033599850000e+00 3.619884840000e-03
1.912876960000e-02 2.033599850000e+00 3.616643140000e-03
1.920982450000e-02 2.036167380000e+00 3.620424770000e-03
1.929088680000e-02 2.038520810000e+00 3.624206870000e-03
1.937194170000e-02 2.040660140000e+00 3.629609480000e-03
1.945300400000e-02 2.043441530000e+00 3.632310780000e-03
