#  J [A] 	 V 	 L [w] 
7.995963100000e-05 7.212162020000e-06 -2.148801580000e-09
1.610219480000e-04 7.212162020000e-06 -2.202524390000e-09
7.995963100000e-05 -2.067387100000e-04 -1.987671360000e-09
1.610219480000e-04 7.212162020000e-06 -1.880225530000e-09
1.610219480000e-04 7.212162020000e-06 -1.987671360000e-09
1.610219480000e-04 7.212162020000e-06 -2.148801580000e-09
1.610219480000e-04 7.212162020000e-06 -1.880225530000e-09
1.610219480000e-04 -2.067387100000e-04 -2.095078560000e-09
1.610219480000e-04 3.140854540000e-01 -2.095078560000e-09
3.231391310000e-04 1.192777280000e+00 9.638403070000e-07
4.041939970000e-04 1.218451260000e+00 1.171831630000e-06
3.231391310000e-04 1.252469300000e+00 2.220168650000e-06
4.852563140000e-04 1.278785110000e+00 2.220168650000e-06
5.663111810000e-04 1.297826650000e+00 4.367793280000e-06
6.473734970000e-04 1.316226240000e+00 5.488253010000e-06
7.284283640000e-04 1.331844570000e+00 6.581147320000e-06
7.284283640000e-04 1.346179250000e+00 7.720524080000e-06
8.094906810000e-04 1.357732530000e+00 8.764772250000e-06
8.905455470000e-04 1.370569590000e+00 1.008521850000e-05
1.052662730000e-03 1.382336740000e+00 1.150673690000e-05
1.133725050000e-03 1.393034220000e+00 1.325201630000e-05
1.214787360000e-03 1.403303860000e+00 1.581993820000e-05
1.214787360000e-03 1.412289740000e+00 1.581993820000e-05
1.376904550000e-03 1.419350030000e+00 6.289301380000e-05
1.376904550000e-03 1.426624420000e+00 9.420983410000e-05
1.539021730000e-03 1.433256860000e+00 1.232623330000e-04
1.620076600000e-03 1.440317150000e+00 1.542711110000e-04
1.620076600000e-03 1.447163580000e+00 1.849556570000e-04
1.782193780000e-03 1.453582050000e+00 2.162400490000e-04
1.863256100000e-03 1.459358690000e+00 2.162400490000e-04
1.944310960000e-03 1.465349320000e+00 2.805631670000e-04
1.944310960000e-03 1.471339820000e+00 3.106835650000e-04
2.025373280000e-03 1.477116470000e+00 3.431332880000e-04
2.106428150000e-03 1.482251290000e+00 3.733619810000e-04
2.268545330000e-03 1.488455890000e+00 4.066785330000e-04
2.268545330000e-03 1.493590590000e+00 4.396158910000e-04
2.349607650000e-03 1.499153380000e+00 4.729323850000e-04
2.511724830000e-03 1.504502060000e+00 5.045696160000e-04
2.592779700000e-03 1.509636880000e+00 5.384820400000e-04
2.592779700000e-03 1.514771700000e+00 5.707151140000e-04
2.754896880000e-03 1.520120380000e+00 6.041400480000e-04
2.754896880000e-03 1.524613380000e+00 6.349646720000e-04
2.835959200000e-03 1.529748200000e+00 6.686062550000e-04
2.998076380000e-03 1.534669040000e+00 7.008392710000e-04
3.079131250000e-03 1.539589880000e+00 7.333432440000e-04
3.160193560000e-03 1.544082760000e+00 7.643844000000e-04
3.160193560000e-03 1.548789740000e+00 7.968342980000e-04
3.241255880000e-03 1.553282620000e+00 8.284713840000e-04
3.403373060000e-03 1.558203460000e+00 8.594043900000e-04
3.403373060000e-03 1.562482480000e+00 8.891997280000e-04
3.565490250000e-03 1.567189340000e+00 9.215411260000e-04
3.565490250000e-03 1.571682330000e+00 9.531240790000e-04
3.727607430000e-03 1.576389190000e+00 9.854655950000e-04
3.727607430000e-03 1.580668210000e+00 1.015477580000e-03
3.889724610000e-03 1.585161210000e+00 1.048089820000e-03
3.970779480000e-03 1.589440110000e+00 1.079564560000e-03
4.051841800000e-03 1.593719120000e+00 1.111580870000e-03
4.132896660000e-03 1.597998140000e+00 1.141267830000e-03
4.132896660000e-03 1.602491140000e+00 1.173771800000e-03
4.295013840000e-03 1.606556180000e+00 1.205571580000e-03
4.295013840000e-03 1.610621210000e+00 1.236937820000e-03
4.457131030000e-03 1.614686250000e+00 1.267491610000e-03
4.538193350000e-03 1.618751290000e+00 1.299724560000e-03
4.619248210000e-03 1.622816320000e+00 1.332011890000e-03
4.700310530000e-03 1.626881360000e+00 1.364895030000e-03
4.700310530000e-03 1.630304570000e+00 1.394256950000e-03
4.862427710000e-03 1.634369610000e+00 1.426923440000e-03
4.943482580000e-03 1.638434650000e+00 1.457585370000e-03
5.024544890000e-03 1.642713670000e+00 1.488897600000e-03
5.105599760000e-03 1.646350740000e+00 1.519451380000e-03
5.186662080000e-03 1.650201920000e+00 1.550925900000e-03
5.186662080000e-03 1.654052970000e+00 1.581642190000e-03
5.348779260000e-03 1.657904030000e+00 1.613821140000e-03
5.348779260000e-03 1.661327240000e+00 1.643237080000e-03
5.429841580000e-03 1.665178420000e+00 1.675416020000e-03
5.591958760000e-03 1.669029470000e+00 1.706511600000e-03
5.591958760000e-03 1.672666670000e+00 1.737823590000e-03
5.673013630000e-03 1.676303740000e+00 1.768268990000e-03
5.835130810000e-03 1.680154920000e+00 1.799906250000e-03
5.916193130000e-03 1.683792000000e+00 1.830405790000e-03
5.916193130000e-03 1.687429190000e+00 1.861067840000e-03
6.078310310000e-03 1.690852400000e+00 1.887829390000e-03
6.078310310000e-03 1.694489480000e+00 1.918328930000e-03
6.240427490000e-03 1.698126670000e+00 1.946011440000e-03
6.321482360000e-03 1.701763750000e+00 1.977865350000e-03
6.321482360000e-03 1.705186960000e+00 2.009015060000e-03
6.483599540000e-03 1.709252000000e+00 2.040218790000e-03
6.564661860000e-03 1.712675210000e+00 2.071476770000e-03
6.645716730000e-03 1.716098430000e+00 2.104684940000e-03
6.645716730000e-03 1.719307660000e+00 2.134967830000e-03
6.726779040000e-03 1.722730880000e+00 2.168013480000e-03
6.888896230000e-03 1.726367950000e+00 2.200029790000e-03
6.969951090000e-03 1.729791160000e+00 2.231721070000e-03
7.051013410000e-03 1.733214380000e+00 2.261083110000e-03
7.051013410000e-03 1.736209630000e+00 2.291799520000e-03
7.213130590000e-03 1.739846940000e+00 2.321811160000e-03
7.213130590000e-03 1.743056060000e+00 2.351498000000e-03
7.294192910000e-03 1.746051310000e+00 2.379668180000e-03
7.375247780000e-03 1.749688630000e+00 2.379668180000e-03
7.456310090000e-03 1.753111840000e+00 2.464223420000e-03
7.537364960000e-03 1.756107090000e+00 2.483673860000e-03
7.618427280000e-03 1.759744170000e+00 2.509607230000e-03
7.780544460000e-03 1.762739420000e+00 2.539322480000e-03
7.780544460000e-03 1.766376730000e+00 2.566876820000e-03
7.861599330000e-03 1.769585850000e+00 2.594431160000e-03
8.023716510000e-03 1.772153380000e+00 2.620904940000e-03
8.023716510000e-03 1.775576350000e+00 2.652241380000e-03
8.185833690000e-03 1.778999570000e+00 2.678714930000e-03
8.185833690000e-03 1.782850740000e+00 2.707890470000e-03
8.266896010000e-03 1.784990310000e+00 2.733823840000e-03
8.347950880000e-03 1.789055350000e+00 2.762458990000e-03
8.429013190000e-03 1.791622640000e+00 2.786771630000e-03
8.591130380000e-03 1.794831990000e+00 2.815946470000e-03
8.591130380000e-03 1.798682930000e+00 2.842420250000e-03
8.753247560000e-03 1.802106140000e+00 2.870514990000e-03
8.753247560000e-03 1.804673670000e+00 2.899689830000e-03
8.915364740000e-03 1.808310750000e+00 2.930485880000e-03
8.915364740000e-03 1.810236220000e+00 2.958580850000e-03
9.077481930000e-03 1.814943310000e+00 2.987215300000e-03
9.158544240000e-03 1.817938570000e+00 3.015310040000e-03
9.158544240000e-03 1.820719960000e+00 3.045025510000e-03
9.239599110000e-03 1.823501110000e+00 3.074201060000e-03
9.320661430000e-03 1.826068640000e+00 3.101215000000e-03
9.401716290000e-03 1.829919820000e+00 3.129309280000e-03
9.482778610000e-03 1.832487110000e+00 3.156323680000e-03
9.644895790000e-03 1.835696460000e+00 3.181716660000e-03
9.725950660000e-03 1.838477610000e+00 3.208730600000e-03
9.725950660000e-03 1.841900830000e+00 3.235744550000e-03
9.807012980000e-03 1.841686960000e+00 3.235744550000e-03
9.807012980000e-03 1.844468360000e+00 3.263298890000e-03
9.807012980000e-03 1.847677470000e+00 3.287611760000e-03
1.005018500000e-02 1.850672720000e+00 3.313545600000e-03
1.013124730000e-02 1.853454110000e+00 3.340019150000e-03
1.013124730000e-02 1.856877330000e+00 3.365412590000e-03
1.021230220000e-02 1.859658720000e+00 3.390264930000e-03
1.037441940000e-02 1.862653970000e+00 3.414577570000e-03
1.037441940000e-02 1.865435360000e+00 3.438890210000e-03
1.053653660000e-02 1.868858580000e+00 3.463743250000e-03
1.061759890000e-02 1.871425870000e+00 3.488596530000e-03
1.069865380000e-02 1.874421360000e+00 3.512909170000e-03
1.069865380000e-02 1.877416610000e+00 3.538842310000e-03
1.086077090000e-02 1.880198000000e+00 3.564776150000e-03
1.094183330000e-02 1.883193250000e+00 3.586927200000e-03
1.102288810000e-02 1.886402370000e+00 3.612861040000e-03
1.110395040000e-02 1.888969900000e+00 3.638794180000e-03
1.110395040000e-02 1.891751290000e+00 3.665808360000e-03
1.126606760000e-02 1.894532440000e+00 3.686339360000e-03
1.126606760000e-02 1.897313830000e+00 3.716054840000e-03
1.134712990000e-02 1.900095220000e+00 3.740907880000e-03
1.150924710000e-02 1.903090480000e+00 3.763599320000e-03
1.150924710000e-02 1.905871870000e+00 3.790072860000e-03
1.159030200000e-02 1.908867120000e+00 3.816547110000e-03
1.175241920000e-02 1.911648510000e+00 3.840859750000e-03
1.183348150000e-02 1.914429900000e+00 3.865172390000e-03
1.183348150000e-02 1.917425160000e+00 3.889485030000e-03
1.191453640000e-02 1.920206550000e+00 3.912717100000e-03
1.199559870000e-02 1.922987940000e+00 3.937569910000e-03
1.215771590000e-02 1.925983190000e+00 3.961882550000e-03
1.223877070000e-02 1.928550480000e+00 3.985655030000e-03
1.231983300000e-02 1.931331870000e+00 4.011048000000e-03
1.240088790000e-02 1.934113260000e+00 4.038602110000e-03
1.248195020000e-02 1.936894660000e+00 4.064536190000e-03
1.256300510000e-02 1.939889910000e+00 4.089389000000e-03
1.272512230000e-02 1.942885160000e+00 4.117483270000e-03
1.272512230000e-02 1.945024730000e+00 4.145578020000e-03
1.280618460000e-02 1.948019980000e+00 4.171511160000e-03
1.280618460000e-02 1.950801370000e+00 4.200146530000e-03
1.296830180000e-02 1.953582760000e+00 4.225539970000e-03
1.304936410000e-02 1.956150050000e+00 4.252553920000e-03
1.313041900000e-02 1.958717580000e+00 4.275245130000e-03
1.321148130000e-02 1.961498740000e+00 4.302259530000e-03
1.329253610000e-02 1.964280130000e+00 4.326572180000e-03
1.337359850000e-02 1.966847660000e+00 4.349804480000e-03
1.345465330000e-02 1.969628810000e+00 4.375737630000e-03
1.345465330000e-02 1.971982480000e+00 4.397889600000e-03
1.361677050000e-02 1.974763630000e+00 4.423282110000e-03
1.361677050000e-02 1.977117060000e+00 4.449216180000e-03
1.377888770000e-02 1.979898450000e+00 4.473528820000e-03
1.377888770000e-02 1.982679840000e+00 4.497300830000e-03
1.394100490000e-02 1.985247140000e+00 4.519992510000e-03
1.394100490000e-02 1.988028530000e+00 4.546466750000e-03
1.410312210000e-02 1.990596060000e+00 4.570239220000e-03
1.410312210000e-02 1.993377450000e+00 4.594011230000e-03
1.426523920000e-02 1.995730880000e+00 4.622105970000e-03
1.434630160000e-02 1.998726130000e+00 4.646959250000e-03
1.442735640000e-02 2.001293420000e+00 4.671811590000e-03
1.450841870000e-02 2.003646850000e+00 4.692882300000e-03
1.450841870000e-02 2.006428240000e+00 4.723138180000e-03
1.467053590000e-02 2.008995770000e+00 4.744749520000e-03
1.467053590000e-02 2.011349200000e+00 4.770142960000e-03
1.483265310000e-02 2.014130350000e+00 4.791754300000e-03
1.483265310000e-02 2.016911750000e+00 4.813365640000e-03
1.491370800000e-02 2.019479270000e+00 4.833356010000e-03
1.499477030000e-02 2.021832700000e+00 4.854426720000e-03
1.515688750000e-02 2.024186130000e+00 4.874416630000e-03
1.515688750000e-02 2.026753430000e+00 4.894948100000e-03
1.523794980000e-02 2.029748920000e+00 4.917639310000e-03
1.531900470000e-02 2.032102350000e+00 4.938169850000e-03
1.540006700000e-02 2.034241680000e+00 4.959781190000e-03
1.556218420000e-02 2.036595110000e+00 4.979772030000e-03
1.564323900000e-02 2.039376500000e+00 4.997061100000e-03
1.572430130000e-02 2.042157890000e+00 5.017051010000e-03
1.572430130000e-02 2.044511320000e+00 5.037041850000e-03
1.588641850000e-02 2.047078850000e+00 5.058653190000e-03
1.588641850000e-02 2.049860000000e+00 5.079183730000e-03
1.604853570000e-02 2.052213430000e+00 5.100254440000e-03
1.604853570000e-02 2.054566860000e+00 5.123486740000e-03
1.621065290000e-02 2.056920530000e+00 5.144557450000e-03
1.621065290000e-02 2.059701680000e+00 5.166168790000e-03
1.637277010000e-02 2.062055110000e+00 5.183998030000e-03
1.637277010000e-02 2.064194680000e+00 5.200206770000e-03
1.645382490000e-02 2.066762210000e+00 5.220737310000e-03
1.661594210000e-02 2.069115640000e+00 5.236946050000e-03
1.661594210000e-02 2.071682930000e+00 5.255855620000e-03
1.669700440000e-02 2.074250460000e+00 5.273144690000e-03
1.685912160000e-02 2.076603890000e+00 5.292054730000e-03
1.694017650000e-02 2.079171180000e+00 5.307722370000e-03
1.694017650000e-02 2.081524610000e+00 5.324471740000e-03
1.702123880000e-02 2.083878040000e+00 5.342300980000e-03
1.718335600000e-02 2.086445570000e+00 5.362830590000e-03
1.718335600000e-02 2.088799000000e+00 5.379580430000e-03
1.726441830000e-02 2.091366290000e+00 5.395788230000e-03
1.742653550000e-02 2.093719720000e+00 5.415238910000e-03
1.742653550000e-02 2.096073150000e+00 5.435768510000e-03
1.750759040000e-02 2.098640680000e+00 5.454678550000e-03
1.758865270000e-02 2.100780250000e+00 5.472507790000e-03
1.766970750000e-02 2.103561400000e+00 5.492498630000e-03
1.775076990000e-02 2.105700970000e+00 5.511408670000e-03
1.791288700000e-02 2.108268260000e+00 5.532478910000e-03
1.791288700000e-02 2.110835790000e+00 5.553550550000e-03
1.799394190000e-02 2.112975360000e+00 5.568137390000e-03
1.807500420000e-02 2.115970610000e+00 5.587047430000e-03
1.815605910000e-02 2.118324040000e+00 5.604337440000e-03
1.823712140000e-02 2.120463610000e+00 5.623246080000e-03
1.831817630000e-02 2.122602940000e+00 5.638374480000e-03
1.848029350000e-02 2.125170470000e+00 5.657825150000e-03
1.856135580000e-02 2.127309800000e+00 5.677814600000e-03
1.856135580000e-02 2.129877330000e+00 5.696184000000e-03
1.864241060000e-02 2.132016900000e+00 5.717255640000e-03
1.872347300000e-02 2.134156230000e+00 5.736165680000e-03
1.880452780000e-02 2.136937620000e+00 5.752914120000e-03
1.888559010000e-02 2.139291050000e+00 5.768041130000e-03
1.904770730000e-02 2.141644480000e+00 5.783170000000e-03
1.904770730000e-02 2.143784050000e+00 5.800999240000e-03
1.912876960000e-02 2.146137480000e+00 5.818287840000e-03
1.920982450000e-02 2.146137480000e+00 5.817747210000e-03
1.920982450000e-02 2.148490910000e+00 5.836657250000e-03
1.929088680000e-02 2.150844340000e+00 5.850705320000e-03
1.937194170000e-02 2.153197770000e+00 5.867993920000e-03
1.937194170000e-02 2.155551200000e+00 5.887984760000e-03
