#  J [A] 	 V 	 L [w] 
1.610219480000e-04 7.212162020000e-06 -2.041355750000e-09
1.610219480000e-04 7.212162020000e-06 -2.095078560000e-09
1.610219480000e-04 -2.067387100000e-04 -2.095078560000e-09
1.610219480000e-04 7.212162020000e-06 -1.987671360000e-09
1.610219480000e-04 7.212162020000e-06 -1.987671360000e-09
1.610219480000e-04 7.212162020000e-06 -2.148801580000e-09
7.995963100000e-05 7.212162020000e-06 -2.148801580000e-09
1.610219480000e-04 7.212162020000e-06 -1.987671360000e-09
2.420768140000e-04 3.110902010000e-01 -2.041355750000e-09
2.420768140000e-04 1.188712240000e+00 9.706623130000e-07
2.420768140000e-04 1.213530420000e+00 1.146369980000e-06
4.041939970000e-04 1.246050720000e+00 2.153130030000e-06
4.041939970000e-04 1.271082880000e+00 2.153130030000e-06
4.852563140000e-04 1.290980220000e+00 4.237532720000e-06
6.473734970000e-04 1.308737990000e+00 5.302320460000e-06
7.284283640000e-04 1.324142460000e+00 6.359541200000e-06
8.094906810000e-04 1.338263150000e+00 7.437300610000e-06
8.094906810000e-04 1.350244280000e+00 8.440471900000e-06
9.716078640000e-04 1.362653370000e+00 9.664167920000e-06
9.716078640000e-04 1.374206660000e+00 1.092515690000e-05
1.052662730000e-03 1.384904150000e+00 1.235586390000e-05
1.133725050000e-03 1.394959810000e+00 1.409627840000e-05
1.295842230000e-03 1.404373650000e+00 1.728361530000e-05
1.295842230000e-03 1.412503720000e+00 1.728361530000e-05
1.457959410000e-03 1.419564010000e+00 6.681640660000e-05
1.457959410000e-03 1.426196460000e+00 9.613369910000e-05
1.539021730000e-03 1.432828900000e+00 1.287096670000e-04
1.701138910000e-03 1.439247370000e+00 1.607182200000e-04
1.782193780000e-03 1.445879820000e+00 1.937373310000e-04
1.782193780000e-03 1.451442600000e+00 2.253135460000e-04
1.944310960000e-03 1.457647090000e+00 2.253135460000e-04
2.025373280000e-03 1.463209750000e+00 2.919395920000e-04
2.106428150000e-03 1.468772530000e+00 3.242268580000e-04
2.187490460000e-03 1.473907230000e+00 3.542930060000e-04
2.187490460000e-03 1.479897860000e+00 3.880429430000e-04
2.349607650000e-03 1.485032680000e+00 4.204385620000e-04
2.349607650000e-03 1.490595340000e+00 4.540259540000e-04
2.511724830000e-03 1.495730160000e+00 4.857173190000e-04
2.511724830000e-03 1.500651000000e+00 5.189254880000e-04
2.673842010000e-03 1.505999680000e+00 5.509418550000e-04
2.673842010000e-03 1.510706660000e+00 5.835542110000e-04
2.754896880000e-03 1.515627500000e+00 6.139453620000e-04
2.835959200000e-03 1.520762320000e+00 6.467201750000e-04
2.998076380000e-03 1.525469180000e+00 6.787366000000e-04
3.079131250000e-03 1.530604000000e+00 7.107530250000e-04
3.079131250000e-03 1.534882900000e+00 7.402231570000e-04
3.160193560000e-03 1.539589880000e+00 7.718604170000e-04
3.322310750000e-03 1.544082760000e+00 8.020349780000e-04
3.403373060000e-03 1.548789740000e+00 8.337263130000e-04
3.403373060000e-03 1.552640800000e+00 8.635215340000e-04
3.565490250000e-03 1.557775620000e+00 8.960796400000e-04
3.646545110000e-03 1.562054630000e+00 9.286379210000e-04
3.727607430000e-03 1.566761490000e+00 9.607084210000e-04
3.727607430000e-03 1.571040510000e+00 9.905579500000e-04
3.889724610000e-03 1.575319410000e+00 1.023495220000e-03
3.970779480000e-03 1.579598430000e+00 1.054428170000e-03
4.051841800000e-03 1.583877440000e+00 1.086498730000e-03
4.051841800000e-03 1.587728500000e+00 1.115535500000e-03
4.132896660000e-03 1.592435480000e+00 1.147606060000e-03
4.295013840000e-03 1.596286540000e+00 1.178701520000e-03
4.295013840000e-03 1.600565550000e+00 1.209634470000e-03
4.457131030000e-03 1.604416610000e+00 1.238942150000e-03
4.538193350000e-03 1.608695630000e+00 1.269820960000e-03
4.619248210000e-03 1.612546680000e+00 1.299616180000e-03
4.619248210000e-03 1.616611720000e+00 1.330657510000e-03
4.781365390000e-03 1.620462890000e+00 1.358556790000e-03
4.862427710000e-03 1.624527930000e+00 1.389598010000e-03
4.943482580000e-03 1.628378990000e+00 1.421018500000e-03
4.943482580000e-03 1.632230160000e+00 1.452655760000e-03
5.024544890000e-03 1.636295200000e+00 1.481313370000e-03
5.186662080000e-03 1.639932270000e+00 1.512462970000e-03
5.186662080000e-03 1.643997310000e+00 1.542799990000e-03
5.267724390000e-03 1.647634510000e+00 1.574003720000e-03
5.348779260000e-03 1.651057720000e+00 1.604124090000e-03
5.429841580000e-03 1.654908780000e+00 1.635273800000e-03
5.591958760000e-03 1.658973810000e+00 1.665339810000e-03
5.673013630000e-03 1.662397030000e+00 1.695135140000e-03
5.673013630000e-03 1.666248080000e+00 1.723630350000e-03
5.835130810000e-03 1.669885280000e+00 1.754292290000e-03
5.916193130000e-03 1.673522470000e+00 1.783437560000e-03
5.997247990000e-03 1.676731710000e+00 1.812907870000e-03
5.997247990000e-03 1.680368780000e+00 1.838206660000e-03
6.159365180000e-03 1.683578010000e+00 1.867893730000e-03
6.159365180000e-03 1.687429190000e+00 1.897309670000e-03
6.321482360000e-03 1.691066270000e+00 1.926238180000e-03
6.321482360000e-03 1.694275500000e+00 1.953920820000e-03
6.402544680000e-03 1.697912690000e+00 1.982415790000e-03
6.483599540000e-03 1.701549890000e+00 2.011127770000e-03
6.645716730000e-03 1.704972980000e+00 2.040218790000e-03
6.645716730000e-03 1.708610180000e+00 2.067034600000e-03
6.726779040000e-03 1.711819410000e+00 2.097642280000e-03
6.807833910000e-03 1.715242620000e+00 2.126300010000e-03
6.969951090000e-03 1.718879700000e+00 2.154740970000e-03
7.051013410000e-03 1.722089050000e+00 2.182261090000e-03
7.132075730000e-03 1.725298170000e+00 2.210810310000e-03
7.132075730000e-03 1.728721380000e+00 2.238980490000e-03
7.213130590000e-03 1.732144590000e+00 2.267963020000e-03
7.294192910000e-03 1.735353950000e+00 2.295537390000e-03
7.456310090000e-03 1.738777160000e+00 2.326307820000e-03
7.537364960000e-03 1.741986270000e+00 2.355886390000e-03
7.618427280000e-03 1.745623590000e+00 2.385735510000e-03
7.699482140000e-03 1.748618840000e+00 2.385735510000e-03
7.699482140000e-03 1.751827960000e+00 2.468005750000e-03
7.780544460000e-03 1.755037310000e+00 2.487455490000e-03
7.942661640000e-03 1.758246420000e+00 2.514469440000e-03
8.023716510000e-03 1.760813950000e+00 2.539322480000e-03
8.023716510000e-03 1.764878990000e+00 2.567417220000e-03
8.104778830000e-03 1.768302200000e+00 2.596052360000e-03
8.185833690000e-03 1.771297450000e+00 2.621445340000e-03
8.266896010000e-03 1.774506810000e+00 2.647379180000e-03
8.347950880000e-03 1.777502060000e+00 2.674393120000e-03
8.429013190000e-03 1.780497310000e+00 2.698705760000e-03
8.510068060000e-03 1.783492570000e+00 2.728421010000e-03
8.672185240000e-03 1.786701920000e+00 2.752733650000e-03
8.672185240000e-03 1.789911030000e+00 2.782449130000e-03
8.834302430000e-03 1.793548350000e+00 2.811623970000e-03
8.915364740000e-03 1.796543600000e+00 2.839718710000e-03
8.915364740000e-03 1.799110890000e+00 2.866732890000e-03
8.996419610000e-03 1.802534100000e+00 2.893746830000e-03
9.077481930000e-03 1.806385280000e+00 2.920221070000e-03
9.239599110000e-03 1.809166670000e+00 2.945613810000e-03
9.239599110000e-03 1.812161920000e+00 2.972627760000e-03
9.482778610000e-03 1.813873530000e+00 3.000722730000e-03
9.563833480000e-03 1.817082640000e+00 3.030437980000e-03
9.482778610000e-03 1.820292000000e+00 3.057992320000e-03
9.482778610000e-03 1.823929070000e+00 3.082845360000e-03
9.644895790000e-03 1.826282500000e+00 3.111480040000e-03
9.807012980000e-03 1.830347540000e+00 3.136333080000e-03
9.807012980000e-03 1.830561640000e+00 3.138493980000e-03
9.888067840000e-03 1.833556890000e+00 3.163887420000e-03
9.969130160000e-03 1.836124180000e+00 3.189280860000e-03
1.013124730000e-02 1.839333530000e+00 3.216835200000e-03
1.005018500000e-02 1.842114930000e+00 3.244929480000e-03
1.021230220000e-02 1.844896080000e+00 3.271403720000e-03
1.029336450000e-02 1.847891570000e+00 3.294635560000e-03
1.037441940000e-02 1.851100680000e+00 3.323270010000e-03
1.037441940000e-02 1.853668210000e+00 3.348123050000e-03
1.053653660000e-02 1.856663470000e+00 3.371355590000e-03
1.061759890000e-02 1.859444860000e+00 3.397829130000e-03
1.061759890000e-02 1.862653970000e+00 3.424302910000e-03
1.069865380000e-02 1.865435360000e+00 3.446995050000e-03
1.086077090000e-02 1.868216750000e+00 3.473468590000e-03
1.102288810000e-02 1.871212010000e+00 3.498321630000e-03
1.102288810000e-02 1.873779300000e+00 3.516691270000e-03
1.110395040000e-02 1.876774790000e+00 3.542624410000e-03
1.110395040000e-02 1.879555940000e+00 3.568558260000e-03
1.126606760000e-02 1.882337330000e+00 3.592870200000e-03
1.134712990000e-02 1.885546680000e+00 3.620965170000e-03
1.142818480000e-02 1.888328080000e+00 3.650680420000e-03
1.142818480000e-02 1.891109230000e+00 3.675533460000e-03
1.150924710000e-02 1.894104720000e+00 3.702007000000e-03
1.167136430000e-02 1.897099970000e+00 3.727940840000e-03
1.167136430000e-02 1.899881360000e+00 3.751713080000e-03
1.183348150000e-02 1.902662520000e+00 3.777646460000e-03
1.191453640000e-02 1.905230050000e+00 3.798177470000e-03
1.199559870000e-02 1.908011440000e+00 3.824110840000e-03
1.199559870000e-02 1.910792830000e+00 3.846802980000e-03
1.215771590000e-02 1.913788080000e+00 3.867873920000e-03
1.223877070000e-02 1.916355370000e+00 3.891105760000e-03
1.231983300000e-02 1.919136760000e+00 3.915958570000e-03
1.240088790000e-02 1.921918150000e+00 3.939190410000e-03
1.248195020000e-02 1.924699540000e+00 3.964583860000e-03
1.248195020000e-02 1.927480700000e+00 3.986195200000e-03
1.264406740000e-02 1.930048230000e+00 4.011588170000e-03
1.272512230000e-02 1.933043480000e+00 4.034820480000e-03
1.272512230000e-02 1.935611010000e+00 4.057512150000e-03
1.280618460000e-02 1.938392160000e+00 4.078583330000e-03
1.296830180000e-02 1.941387650000e+00 4.102355330000e-03
1.296830180000e-02 1.944168810000e+00 4.125047480000e-03
1.304936410000e-02 1.946736340000e+00 4.151521250000e-03
1.313041900000e-02 1.949089770000e+00 4.177454860000e-03
1.329253610000e-02 1.952085020000e+00 4.205549140000e-03
1.329253610000e-02 1.954652550000e+00 4.229321140000e-03
1.337359850000e-02 1.957219840000e+00 4.257956520000e-03
1.353571560000e-02 1.959787130000e+00 4.279027690000e-03
1.353571560000e-02 1.962354660000e+00 4.303880500000e-03
1.369783280000e-02 1.965136050000e+00 4.326572180000e-03
1.369783280000e-02 1.967917200000e+00 4.349804480000e-03
1.377888770000e-02 1.970484730000e+00 4.370875660000e-03
1.385995000000e-02 1.973266120000e+00 4.395188300000e-03
1.402206720000e-02 1.975833420000e+00 4.420040640000e-03
1.402206720000e-02 1.978400950000e+00 4.443813580000e-03
1.410312210000e-02 1.981182100000e+00 4.464344120000e-03
1.426523920000e-02 1.983535770000e+00 4.489736630000e-03
1.426523920000e-02 1.986103060000e+00 4.512969400000e-03
1.434630160000e-02 1.988884450000e+00 4.534580740000e-03
1.442735640000e-02 1.991023780000e+00 4.556731790000e-03
1.458947360000e-02 1.993591310000e+00 4.579964090000e-03
1.467053590000e-02 1.996586560000e+00 4.602655770000e-03
1.475159080000e-02 1.999154090000e+00 4.625347910000e-03
1.475159080000e-02 2.001935240000e+00 4.646418620000e-03
1.491370800000e-02 2.004288670000e+00 4.671271890000e-03
1.499477030000e-02 2.006642340000e+00 4.692342600000e-03
1.499477030000e-02 2.009423490000e+00 4.717194940000e-03
1.507583260000e-02 2.011776920000e+00 4.736645610000e-03
1.515688750000e-02 2.014558320000e+00 4.760417620000e-03
1.523794980000e-02 2.017125840000e+00 4.782028960000e-03
1.540006700000e-02 2.019693140000e+00 4.803100140000e-03
1.540006700000e-02 2.022046570000e+00 4.824170840000e-03
1.548112180000e-02 2.024614100000e+00 4.844161220000e-03
1.564323900000e-02 2.027181390000e+00 4.861990920000e-03
1.572430130000e-02 2.029748920000e+00 4.882521460000e-03
1.580535620000e-02 2.031888250000e+00 4.900890870000e-03
1.588641850000e-02 2.034455780000e+00 4.919260740000e-03
1.588641850000e-02 2.037023070000e+00 4.935468550000e-03
1.604853570000e-02 2.039590600000e+00 4.952758080000e-03
1.604853570000e-02 2.041944030000e+00 4.970587320000e-03
1.612959060000e-02 2.044297460000e+00 4.988956730000e-03
1.629170780000e-02 2.046864750000e+00 5.005705170000e-03
1.629170780000e-02 2.049218180000e+00 5.025696010000e-03
1.645382490000e-02 2.051785710000e+00 5.042985080000e-03
1.653488730000e-02 2.054139140000e+00 5.061354490000e-03
1.653488730000e-02 2.056706430000e+00 5.082425660000e-03
1.661594210000e-02 2.059059860000e+00 5.099714270000e-03
1.677805930000e-02 2.061413290000e+00 5.122406410000e-03
1.677805930000e-02 2.064194680000e+00 5.138614210000e-03
1.685912160000e-02 2.066334250000e+00 5.158064890000e-03
1.702123880000e-02 2.068901540000e+00 5.175353490000e-03
1.702123880000e-02 2.071041110000e+00 5.190481430000e-03
1.710230110000e-02 2.073608400000e+00 5.209391470000e-03
1.718335600000e-02 2.075962070000e+00 5.229381380000e-03
1.726441830000e-02 2.078743220000e+00 5.246670920000e-03
1.734547320000e-02 2.080882790000e+00 5.263959990000e-03
1.750759040000e-02 2.083664180000e+00 5.282329400000e-03
1.750759040000e-02 2.085803750000e+00 5.299618470000e-03
1.758865270000e-02 2.088584900000e+00 5.315826740000e-03
1.766970750000e-02 2.090724470000e+00 5.333115350000e-03
1.783182470000e-02 2.093077900000e+00 5.350404420000e-03
1.783182470000e-02 2.095645430000e+00 5.367153790000e-03
1.791288700000e-02 2.097998860000e+00 5.386063830000e-03
1.799394190000e-02 2.100566150000e+00 5.400650670000e-03
1.807500420000e-02 2.102919580000e+00 5.419560710000e-03
1.815605910000e-02 2.105700970000e+00 5.434689110000e-03
1.831817630000e-02 2.107626440000e+00 5.450356750000e-03
1.831817630000e-02 2.109979870000e+00 5.469806960000e-03
1.848029350000e-02 2.112333540000e+00 5.486555400000e-03
1.848029350000e-02 2.115114690000e+00 5.504925270000e-03
1.856135580000e-02 2.117468120000e+00 5.520592910000e-03
1.856135580000e-02 2.119607690000e+00 5.536802110000e-03
1.872347300000e-02 2.121961120000e+00 5.551388950000e-03
1.888559010000e-02 2.123886820000e+00 5.564896390000e-03
1.888559010000e-02 2.126454110000e+00 5.581104200000e-03
1.896665250000e-02 2.128807540000e+00 5.594611630000e-03
1.912876960000e-02 2.131160970000e+00 5.612440870000e-03
1.912876960000e-02 2.133514400000e+00 5.627569280000e-03
1.920982450000e-02 2.133300540000e+00 5.628648680000e-03
1.920982450000e-02 2.135653970000e+00 5.644857880000e-03
1.929088680000e-02 2.138221260000e+00 5.659985360000e-03
1.937194170000e-02 2.140788790000e+00 5.676735190000e-03
1.945300400000e-02 2.142500400000e+00 5.695104600000e-03
