#  J [A] 	 V 	 L [w] 
2.420768140000e-04 7.212162020000e-06 -1.665372400000e-09
1.610219480000e-04 2.211630340000e-04 -1.719056670000e-09
1.610219480000e-04 7.212162020000e-06 -1.611649370000e-09
1.610219480000e-04 2.211630340000e-04 -1.772779590000e-09
7.995963100000e-05 2.211630340000e-04 -1.719056670000e-09
1.610219480000e-04 7.212162020000e-06 -1.772779590000e-09
1.610219480000e-04 2.211630340000e-04 -1.557926450000e-09
1.610219480000e-04 7.212162020000e-06 -1.665372400000e-09
1.610219480000e-04 2.809232770000e-01 -1.557926450000e-09
2.420768140000e-04 1.136508460000e+00 7.104044360000e-07
3.231391310000e-04 1.171810150000e+00 8.762282280000e-07
3.231391310000e-04 1.203474760000e+00 1.676876990000e-06
4.041939970000e-04 1.226581340000e+00 1.676876990000e-06
4.852563140000e-04 1.243697290000e+00 3.277061300000e-06
5.663111810000e-04 1.259743570000e+00 4.048897610000e-06
7.284283640000e-04 1.273222330000e+00 4.799654110000e-06
7.284283640000e-04 1.284989600000e+00 5.552031330000e-06
8.905455470000e-04 1.295473100000e+00 6.213606410000e-06
9.716078640000e-04 1.305956720000e+00 6.969226890000e-06
1.052662730000e-03 1.316226240000e+00 7.698363330000e-06
1.052662730000e-03 1.325640080000e+00 8.434526530000e-06
1.214787360000e-03 1.333984140000e+00 9.126909390000e-06
1.376904550000e-03 1.342542050000e+00 9.863071680000e-06
1.376904550000e-03 1.350672250000e+00 1.056680410000e-05
1.376904550000e-03 1.357946520000e+00 1.130188680000e-05
1.539021730000e-03 1.364792940000e+00 1.199048530000e-05
1.539021730000e-03 1.372281070000e+00 1.276988860000e-05
1.701138910000e-03 1.379127500000e+00 1.354388680000e-05
1.782193780000e-03 1.385759950000e+00 1.437463740000e-05
1.782193780000e-03 1.392178420000e+00 1.522700770000e-05
1.863256100000e-03 1.398383020000e+00 1.622315360000e-05
2.025373280000e-03 1.404373650000e+00 1.741603960000e-05
2.025373280000e-03 1.410364150000e+00 1.914348100000e-05
2.187490460000e-03 1.415284990000e+00 1.914348100000e-05
2.268545330000e-03 1.420419810000e+00 4.818302840000e-05
2.268545330000e-03 1.425126670000e+00 7.265824390000e-05
2.430662510000e-03 1.430261490000e+00 9.708481960000e-05
2.430662510000e-03 1.434326530000e+00 1.195983420000e-04
2.592779700000e-03 1.439033510000e+00 1.430900010000e-04
2.592779700000e-03 1.443526390000e+00 1.664357700000e-04
2.754896880000e-03 1.448019390000e+00 1.908245320000e-04
2.754896880000e-03 1.452084420000e+00 2.147269120000e-04
2.835959200000e-03 1.456791280000e+00 2.147269120000e-04
2.917014060000e-03 1.460856320000e+00 2.717871390000e-04
2.998076380000e-03 1.465135340000e+00 2.970860810000e-04
3.079131250000e-03 1.469200370000e+00 3.227641860000e-04
3.160193560000e-03 1.473479390000e+00 3.496340650000e-04
3.322310750000e-03 1.477330450000e+00 3.755289360000e-04
3.403373060000e-03 1.481395480000e+00 4.014236910000e-04
3.403373060000e-03 1.485246660000e+00 4.263976010000e-04
3.484427930000e-03 1.489311700000e+00 4.539717630000e-04
3.565490250000e-03 1.493376730000e+00 4.793790580000e-04
3.727607430000e-03 1.497441770000e+00 5.051654880000e-04
3.808662300000e-03 1.501506810000e+00 5.299226610000e-04
3.889724610000e-03 1.505571840000e+00 5.546798350000e-04
3.970779480000e-03 1.509209040000e+00 5.788411360000e-04
4.051841800000e-03 1.513060090000e+00 6.028940550000e-04
4.132896660000e-03 1.516911150000e+00 6.259718210000e-04
4.213958980000e-03 1.520762320000e+00 6.515416320000e-04
4.295013840000e-03 1.524399400000e+00 6.756488000000e-04
4.376076160000e-03 1.528036590000e+00 7.001349590000e-04
4.376076160000e-03 1.531887650000e+00 7.237003300000e-04
4.538193350000e-03 1.535310860000e+00 7.492160660000e-04
4.619248210000e-03 1.539161920000e+00 7.749482170000e-04
4.700310530000e-03 1.543013100000e+00 7.999764060000e-04
4.781365390000e-03 1.546436190000e+00 8.236501020000e-04
4.781365390000e-03 1.550287370000e+00 8.515492080000e-04
4.862427710000e-03 1.553710580000e+00 8.783649540000e-04
4.943482580000e-03 1.557561640000e+00 9.043139870000e-04
5.024544890000e-03 1.560770870000e+00 9.297754730000e-04
5.105599760000e-03 1.564408060000e+00 9.565912770000e-04
5.186662080000e-03 1.567831280000e+00 9.817817480000e-04
5.267724390000e-03 1.571682330000e+00 1.005726400000e-03
5.348779260000e-03 1.574891570000e+00 1.029183390000e-03
5.429841580000e-03 1.578100800000e+00 1.053453070000e-03
5.591958760000e-03 1.581738000000e+00 1.076584910000e-03
5.591958760000e-03 1.585589050000e+00 1.101288010000e-03
5.754075940000e-03 1.588584300000e+00 1.123065590000e-03
5.754075940000e-03 1.592435480000e+00 1.145710120000e-03
5.916193130000e-03 1.595644710000e+00 1.169546270000e-03
5.916193130000e-03 1.598853950000e+00 1.192353320000e-03
6.078310310000e-03 1.601849200000e+00 1.212614120000e-03
6.078310310000e-03 1.605272410000e+00 1.238454600000e-03
6.159365180000e-03 1.608695630000e+00 1.263699380000e-03
6.240427490000e-03 1.612118840000e+00 1.287914810000e-03
6.321482360000e-03 1.615328070000e+00 1.310234310000e-03
6.483599540000e-03 1.618323330000e+00 1.333420400000e-03
6.564661860000e-03 1.621746540000e+00 1.355631510000e-03
6.645716730000e-03 1.625169750000e+00 1.378059040000e-03
6.645716730000e-03 1.628378990000e+00 1.399403320000e-03
6.726779040000e-03 1.631160380000e+00 1.423185460000e-03
6.888896230000e-03 1.634369610000e+00 1.446913230000e-03
6.888896230000e-03 1.638434650000e+00 1.470316200000e-03
7.051013410000e-03 1.640788080000e+00 1.491497970000e-03
7.051013410000e-03 1.643783450000e+00 1.517013530000e-03
7.213130590000e-03 1.648276330000e+00 1.540145490000e-03
7.132075730000e-03 1.651057720000e+00 1.563873370000e-03
7.294192910000e-03 1.653197170000e+00 1.587167960000e-03
7.375247780000e-03 1.657262210000e+00 1.611274900000e-03
7.537364960000e-03 1.660257580000e+00 1.634406970000e-03
7.537364960000e-03 1.663466810000e+00 1.657809710000e-03
7.618427280000e-03 1.666676040000e+00 1.679966690000e-03
7.699482140000e-03 1.669885280000e+00 1.702990380000e-03
7.780544460000e-03 1.672452690000e+00 1.726772290000e-03
7.942661640000e-03 1.675447940000e+00 1.748874900000e-03
7.942661640000e-03 1.678871150000e+00 1.770869360000e-03
8.023716510000e-03 1.682080390000e+00 1.793838800000e-03
8.185833690000e-03 1.684861780000e+00 1.816212320000e-03
8.266896010000e-03 1.687857030000e+00 1.839886070000e-03
8.347950880000e-03 1.690852400000e+00 1.861392870000e-03
8.347950880000e-03 1.694061640000e+00 1.883495480000e-03
8.429013190000e-03 1.696415070000e+00 1.906573310000e-03
8.591130380000e-03 1.699624300000e+00 1.927592440000e-03
8.672185240000e-03 1.702619550000e+00 1.947203300000e-03
8.672185240000e-03 1.705828790000e+00 1.969901840000e-03
8.834302430000e-03 1.708610180000e+00 1.989891990000e-03
8.834302430000e-03 1.711391570000e+00 2.012048620000e-03
8.915364740000e-03 1.714386820000e+00 2.031713490000e-03
9.077481930000e-03 1.717382190000e+00 2.053437060000e-03
9.158544240000e-03 1.720377450000e+00 2.076027220000e-03
9.158544240000e-03 1.723372700000e+00 2.097046470000e-03
9.239599110000e-03 1.726367950000e+00 2.118011470000e-03
9.401716290000e-03 1.729577300000e+00 2.140547610000e-03
9.401716290000e-03 1.732144590000e+00 2.161025070000e-03
9.482778610000e-03 1.735139850000e+00 2.182856900000e-03
9.644895790000e-03 1.738135340000e+00 2.201925960000e-03
9.725950660000e-03 1.740916490000e+00 2.223107500000e-03
9.807012980000e-03 1.744339700000e+00 2.245101840000e-03
9.725950660000e-03 1.744125840000e+00 2.245047830000e-03
9.807012980000e-03 1.746693130000e+00 2.265741820000e-03
9.888067840000e-03 1.749474530000e+00 2.286923820000e-03
1.005018500000e-02 1.752469780000e+00 2.309568230000e-03
1.013124730000e-02 1.755251170000e+00 2.331345570000e-03
1.021230220000e-02 1.758032560000e+00 2.353015120000e-03
1.021230220000e-02 1.760813950000e+00 2.372300720000e-03
1.037441940000e-02 1.763809200000e+00 2.372300720000e-03
1.045548170000e-02 1.766804460000e+00 2.444773210000e-03
1.053653660000e-02 1.769585850000e+00 2.448014910000e-03
1.053653660000e-02 1.772153380000e+00 2.462602920000e-03
1.061759890000e-02 1.774934530000e+00 2.477190460000e-03
1.069865380000e-02 1.777715920000e+00 2.497180600000e-03
1.077971610000e-02 1.780497310000e+00 2.513389340000e-03
1.086077090000e-02 1.782850740000e+00 2.530137780000e-03
1.094183330000e-02 1.786060090000e+00 2.551748880000e-03
1.110395040000e-02 1.789055350000e+00 2.565256320000e-03
1.110395040000e-02 1.791408780000e+00 2.582545160000e-03
1.118501280000e-02 1.793976070000e+00 2.597132700000e-03
1.126606760000e-02 1.796757460000e+00 2.615502100000e-03
1.134712990000e-02 1.799752710000e+00 2.632251240000e-03
1.142818480000e-02 1.802320240000e+00 2.651700980000e-03
1.150924710000e-02 1.805315490000e+00 2.667909720000e-03
1.159030200000e-02 1.807882790000e+00 2.684657930000e-03
1.167136430000e-02 1.810450320000e+00 2.705188470000e-03
1.183348150000e-02 1.813445570000e+00 2.724098510000e-03
1.183348150000e-02 1.816012860000e+00 2.739226450000e-03
1.191453640000e-02 1.818794250000e+00 2.760297390000e-03
1.199559870000e-02 1.821575640000e+00 2.775965720000e-03
1.207665350000e-02 1.824357030000e+00 2.794875530000e-03
1.223877070000e-02 1.826924320000e+00 2.808922670000e-03
1.223877070000e-02 1.829705720000e+00 2.828373110000e-03
1.231983300000e-02 1.832273240000e+00 2.842420250000e-03
1.240088790000e-02 1.834840540000e+00 2.858628750000e-03
1.256300510000e-02 1.837408070000e+00 2.872135490000e-03
1.256300510000e-02 1.840189220000e+00 2.886723490000e-03
1.272512230000e-02 1.842756750000e+00 2.903471930000e-03
1.280618460000e-02 1.845324040000e+00 2.918059470000e-03
1.280618460000e-02 1.848105430000e+00 2.935349010000e-03
1.288723950000e-02 1.850672720000e+00 2.952637620000e-03
1.296830180000e-02 1.853454110000e+00 2.967765550000e-03
1.313041900000e-02 1.856021640000e+00 2.984513990000e-03
1.321148130000e-02 1.858588930000e+00 3.000722730000e-03
1.321148130000e-02 1.861156460000e+00 3.016931240000e-03
1.337359850000e-02 1.863723750000e+00 3.033139280000e-03
1.345465330000e-02 1.866505150000e+00 3.047187110000e-03
1.345465330000e-02 1.869072440000e+00 3.064475720000e-03
1.353571560000e-02 1.871639970000e+00 3.079603660000e-03
1.369783280000e-02 1.874421360000e+00 3.092030300000e-03
1.377888770000e-02 1.876774790000e+00 3.109319140000e-03
1.377888770000e-02 1.879128220000e+00 3.123366040000e-03
1.377888770000e-02 1.881909610000e+00 3.139574780000e-03
1.394100490000e-02 1.884690760000e+00 3.151460780000e-03
1.410312210000e-02 1.887472150000e+00 3.165508620000e-03
1.418418440000e-02 1.889611720000e+00 3.180636560000e-03
1.426523920000e-02 1.891965150000e+00 3.194143060000e-03
1.426523920000e-02 1.894746540000e+00 3.210351800000e-03
1.442735640000e-02 1.897527930000e+00 3.226559840000e-03
1.442735640000e-02 1.899667260000e+00 3.241147850000e-03
1.450841870000e-02 1.902448650000e+00 3.258977090000e-03
1.458947360000e-02 1.904802080000e+00 3.275725520000e-03
1.467053590000e-02 1.907583480000e+00 3.293554760000e-03
1.483265310000e-02 1.909936900000e+00 3.306521570000e-03
1.483265310000e-02 1.912504430000e+00 3.323810410000e-03
1.491370800000e-02 1.915071730000e+00 3.336237050000e-03
1.507583260000e-02 1.917425160000e+00 3.352445550000e-03
1.515688750000e-02 1.919992450000e+00 3.362170890000e-03
1.515688750000e-02 1.922559980000e+00 3.378378930000e-03
1.531900470000e-02 1.925127270000e+00 3.389184830000e-03
1.531900470000e-02 1.927266840000e+00 3.404312770000e-03
1.548112180000e-02 1.930048230000e+00 3.415658370000e-03
1.548112180000e-02 1.932615520000e+00 3.429705510000e-03
1.564323900000e-02 1.935183050000e+00 3.442672310000e-03
1.572430130000e-02 1.937536480000e+00 3.456179750000e-03
1.572430130000e-02 1.940103770000e+00 3.470226890000e-03
1.588641850000e-02 1.942457200000e+00 3.481032090000e-03
1.588641850000e-02 1.945238590000e+00 3.495620330000e-03
1.596747340000e-02 1.947592020000e+00 3.509667240000e-03
1.612959060000e-02 1.949945450000e+00 3.520472670000e-03
1.612959060000e-02 1.952298880000e+00 3.534520510000e-03
1.621065290000e-02 1.955080270000e+00 3.545866120000e-03
1.629170780000e-02 1.957219840000e+00 3.559373550000e-03
1.637277010000e-02 1.959359410000e+00 3.570719160000e-03
1.653488730000e-02 1.962140560000e+00 3.580444490000e-03
1.653488730000e-02 1.964280130000e+00 3.591249700000e-03
1.661594210000e-02 1.967061520000e+00 3.603135930000e-03
1.669700440000e-02 1.969414950000e+00 3.613941840000e-03
1.677805930000e-02 1.971982480000e+00 3.622586140000e-03
1.685912160000e-02 1.974335910000e+00 3.631771080000e-03
1.702123880000e-02 1.976903200000e+00 3.640955780000e-03
1.702123880000e-02 1.979256630000e+00 3.648519520000e-03
1.710230110000e-02 1.981824160000e+00 3.659325420000e-03
1.718335600000e-02 1.984391450000e+00 3.670130860000e-03
1.734547320000e-02 1.986744880000e+00 3.683638060000e-03
1.734547320000e-02 1.989098310000e+00 3.692822300000e-03
1.742653550000e-02 1.991665840000e+00 3.703087800000e-03
1.750759040000e-02 1.994233130000e+00 3.711732340000e-03
1.758865270000e-02 1.996586560000e+00 3.719836940000e-03
1.766970750000e-02 1.998726130000e+00 3.730101740000e-03
1.775076990000e-02 2.001507520000e+00 3.739286680000e-03
1.783182470000e-02 2.003860950000e+00 3.749011780000e-03
1.791288700000e-02 2.006214380000e+00 3.754414620000e-03
1.799394190000e-02 2.008567810000e+00 3.762518520000e-03
1.815605910000e-02 2.011135100000e+00 3.768462220000e-03
1.815605910000e-02 2.013488530000e+00 3.774405220000e-03
1.823712140000e-02 2.015628100000e+00 3.784129860000e-03
1.831817630000e-02 2.018195630000e+00 3.788992760000e-03
1.848029350000e-02 2.020334960000e+00 3.798717870000e-03
1.848029350000e-02 2.023116350000e+00 3.803580300000e-03
1.856135580000e-02 2.025469780000e+00 3.814385510000e-03
1.864241060000e-02 2.027609350000e+00 3.826812140000e-03
1.872347300000e-02 2.029962780000e+00 3.835996850000e-03
1.880452780000e-02 2.032530070000e+00 3.844641380000e-03
1.888559010000e-02 2.035097600000e+00 3.849504280000e-03
1.896665250000e-02 2.037451030000e+00 3.858148590000e-03
1.904770730000e-02 2.039804460000e+00 3.864091590000e-03
1.920982450000e-02 2.042371750000e+00 3.869494420000e-03
1.920982450000e-02 2.041944030000e+00 3.869494420000e-03
1.920982450000e-02 2.044511320000e+00 3.875977830000e-03
1.929088680000e-02 2.046864750000e+00 3.881920830000e-03
1.945300400000e-02 2.049432280000e+00 3.886783260000e-03
1.945300400000e-02 2.051571610000e+00 3.891646160000e-03
