#  J [A] 	 V 	 L [w] 
1.610219480000e-04 7.212162020000e-06 -2.148801580000e-09
1.610219480000e-04 7.212162020000e-06 -2.041355750000e-09
1.610219480000e-04 7.212162020000e-06 -1.933948330000e-09
1.610219480000e-04 7.212162020000e-06 -2.095078560000e-09
1.610219480000e-04 7.212162020000e-06 -1.933948330000e-09
1.610219480000e-04 7.212162020000e-06 -1.933948330000e-09
1.610219480000e-04 7.212162020000e-06 -1.987671360000e-09
7.995963100000e-05 7.212162020000e-06 -2.148801580000e-09
1.610219480000e-04 4.114326540000e-01 -1.933948330000e-09
3.231391310000e-04 1.199195740000e+00 9.189867570000e-07
3.231391310000e-04 1.207753780000e+00 1.124184910000e-06
4.041939970000e-04 1.240702030000e+00 2.091946730000e-06
4.852563140000e-04 1.265520220000e+00 2.091946730000e-06
5.663111810000e-04 1.284133790000e+00 4.083489780000e-06
6.473734970000e-04 1.301891680000e+00 5.101253920000e-06
6.473734970000e-04 1.317082050000e+00 6.121721070000e-06
8.094906810000e-04 1.330774900000e+00 7.142186860000e-06
8.094906810000e-04 1.342328190000e+00 8.074552170000e-06
9.716078640000e-04 1.354737280000e+00 9.206902180000e-06
9.716078640000e-04 1.366076590000e+00 1.036681900000e-05
1.133725050000e-03 1.376346230000e+00 1.160726970000e-05
1.214787360000e-03 1.385973930000e+00 1.297636030000e-05
1.214787360000e-03 1.395387650000e+00 1.489135680000e-05
1.295842230000e-03 1.403731700000e+00 2.043149650000e-05
1.457959410000e-03 1.410792110000e+00 2.043149650000e-05
1.457959410000e-03 1.416996600000e+00 7.630061740000e-05
1.620076600000e-03 1.424057010000e+00 1.075795950000e-04
1.701138910000e-03 1.430261490000e+00 1.376426660000e-04
1.782193780000e-03 1.436679960000e+00 1.680137650000e-04
1.782193780000e-03 1.442670580000e+00 1.967528080000e-04
1.944310960000e-03 1.448661210000e+00 2.289937550000e-04
2.025373280000e-03 1.454223870000e+00 2.289937550000e-04
2.106428150000e-03 1.459572670000e+00 2.941606510000e-04
2.106428150000e-03 1.465135340000e+00 3.246060510000e-04
2.187490460000e-03 1.470911980000e+00 3.587893730000e-04
2.268545330000e-03 1.475832820000e+00 3.906432540000e-04
2.430662510000e-03 1.481395480000e+00 4.242306460000e-04
2.430662510000e-03 1.486102460000e+00 4.550010780000e-04
2.511724830000e-03 1.491237160000e+00 4.892385910000e-04
2.673842010000e-03 1.496585970000e+00 5.208215440000e-04
2.673842010000e-03 1.501292820000e+00 5.532713840000e-04
2.754896880000e-03 1.505999680000e+00 5.836625350000e-04
2.917014060000e-03 1.510920640000e+00 6.166540550000e-04
2.998076380000e-03 1.515627500000e+00 6.483453910000e-04
2.998076380000e-03 1.520334360000e+00 6.796033120000e-04
3.079131250000e-03 1.525041220000e+00 7.077734340000e-04
3.160193560000e-03 1.529748200000e+00 7.381647010000e-04
3.322310750000e-03 1.534027220000e+00 7.686099850000e-04
3.403373060000e-03 1.538734080000e+00 7.997596400000e-04
3.403373060000e-03 1.542799120000e+00 8.290673140000e-04
3.484427930000e-03 1.547505970000e+00 8.610294900000e-04
3.646545110000e-03 1.551784990000e+00 8.917999800000e-04
3.646545110000e-03 1.556491850000e+00 9.240872460000e-04
3.808662300000e-03 1.560770870000e+00 9.537200090000e-04
3.808662300000e-03 1.564835910000e+00 9.857905100000e-04
3.889724610000e-03 1.568900940000e+00 1.016831840000e-03
4.051841800000e-03 1.573179960000e+00 1.046952210000e-03
4.051841800000e-03 1.577245000000e+00 1.075772340000e-03
4.132896660000e-03 1.581738000000e+00 1.106109350000e-03
4.213958980000e-03 1.585803030000e+00 1.136067210000e-03
4.295013840000e-03 1.589868070000e+00 1.165699910000e-03
4.376076160000e-03 1.593719120000e+00 1.194357640000e-03
4.457131030000e-03 1.597784160000e+00 1.224369510000e-03
4.619248210000e-03 1.601849200000e+00 1.252973100000e-03
4.700310530000e-03 1.605914240000e+00 1.281793230000e-03
4.700310530000e-03 1.609337450000e+00 1.309150830000e-03
4.862427710000e-03 1.613616470000e+00 1.339433600000e-03
4.943482580000e-03 1.617467520000e+00 1.368795520000e-03
5.024544890000e-03 1.621318700000e+00 1.398049060000e-03
5.105599760000e-03 1.624955770000e+00 1.426056730000e-03
5.105599760000e-03 1.629020810000e+00 1.455689430000e-03
5.186662080000e-03 1.632658000000e+00 1.483155300000e-03
5.348779260000e-03 1.636509060000e+00 1.512679620000e-03
5.429841580000e-03 1.640360240000e+00 1.539603810000e-03
5.510896440000e-03 1.643997310000e+00 1.568694720000e-03
5.591958760000e-03 1.647420530000e+00 1.597081540000e-03
5.673013630000e-03 1.651271580000e+00 1.626551850000e-03
5.673013630000e-03 1.654694800000e+00 1.653042510000e-03
5.754075940000e-03 1.658759830000e+00 1.681483470000e-03
5.916193130000e-03 1.661969180000e+00 1.710682870000e-03
5.916193130000e-03 1.665606260000e+00 1.739069700000e-03
6.078310310000e-03 1.668815490000e+00 1.763935320000e-03
6.159365180000e-03 1.672452690000e+00 1.793892940000e-03
6.240427490000e-03 1.676517720000e+00 1.823796660000e-03
6.240427490000e-03 1.679512980000e+00 1.851424920000e-03
6.321482360000e-03 1.683150170000e+00 1.877915700000e-03
6.402544680000e-03 1.686573390000e+00 1.906302410000e-03
6.483599540000e-03 1.689996600000e+00 1.933118210000e-03
6.564661860000e-03 1.693847660000e+00 1.959771620000e-03
6.645716730000e-03 1.696842910000e+00 1.985503590000e-03
6.807833910000e-03 1.700694080000e+00 2.014215570000e-03
6.807833910000e-03 1.704117180000e+00 2.040977120000e-03
6.969951090000e-03 1.707326530000e+00 2.069201550000e-03
6.969951090000e-03 1.710535760000e+00 2.095963110000e-03
7.132075730000e-03 1.713958980000e+00 2.124079040000e-03
7.213130590000e-03 1.717382190000e+00 2.151382390000e-03
7.213130590000e-03 1.720805410000e+00 2.178522990000e-03
7.375247780000e-03 1.723800660000e+00 2.204309680000e-03
7.456310090000e-03 1.727223870000e+00 2.231558550000e-03
7.456310090000e-03 1.730432990000e+00 2.259024650000e-03
7.618427280000e-03 1.733642340000e+00 2.286923820000e-03
7.618427280000e-03 1.737065550000e+00 2.311951950000e-03
7.699482140000e-03 1.740488770000e+00 2.341259500000e-03
7.780544460000e-03 1.743697880000e+00 2.367912790000e-03
7.942661640000e-03 1.746907230000e+00 2.367912790000e-03
7.942661640000e-03 1.749902490000e+00 2.451797020000e-03
8.104778830000e-03 1.753325700000e+00 2.467465350000e-03
8.104778830000e-03 1.756107090000e+00 2.491237600000e-03
8.266896010000e-03 1.759958030000e+00 2.516090640000e-03
8.347950880000e-03 1.762311460000e+00 2.542564180000e-03
8.347950880000e-03 1.765520810000e+00 2.571199320000e-03
8.347950880000e-03 1.768516060000e+00 2.596592300000e-03
8.591130380000e-03 1.772153380000e+00 2.624146640000e-03
8.591130380000e-03 1.774934530000e+00 2.647918880000e-03
8.672185240000e-03 1.778571840000e+00 2.677634820000e-03
8.834302430000e-03 1.780711170000e+00 2.706269270000e-03
8.915364740000e-03 1.784348490000e+00 2.734904640000e-03
8.915364740000e-03 1.787129640000e+00 2.758676880000e-03
8.915364740000e-03 1.790338990000e+00 2.787311330000e-03
9.077481930000e-03 1.793120380000e+00 2.816486870000e-03
9.158544240000e-03 1.796329500000e+00 2.843500810000e-03
9.239599110000e-03 1.799324990000e+00 2.871055390000e-03
9.401716290000e-03 1.802962060000e+00 2.900230230000e-03
9.401716290000e-03 1.806599140000e+00 2.925083270000e-03
9.482778610000e-03 1.808096890000e+00 2.951556820000e-03
9.563833480000e-03 1.812161920000e+00 2.979111390000e-03
9.644895790000e-03 1.814943310000e+00 3.006665730000e-03
9.725950660000e-03 1.817296740000e+00 3.033679680000e-03
9.807012980000e-03 1.818580390000e+00 3.033139280000e-03
9.807012980000e-03 1.820505860000e+00 3.061774420000e-03
9.888067840000e-03 1.823287250000e+00 3.087707800000e-03
9.969130160000e-03 1.826710460000e+00 3.115262140000e-03
1.005018500000e-02 1.829491850000e+00 3.144437680000e-03
1.005018500000e-02 1.831845280000e+00 3.172531720000e-03
1.021230220000e-02 1.835268500000e+00 3.197384770000e-03
1.029336450000e-02 1.839119430000e+00 3.228721440000e-03
1.029336450000e-02 1.841473100000e+00 3.250872480000e-03
1.045548170000e-02 1.844468360000e+00 3.278426830000e-03
1.053653660000e-02 1.847249750000e+00 3.304360670000e-03
1.061759890000e-02 1.850245000000e+00 3.330834210000e-03
1.077971610000e-02 1.853240250000e+00 3.356227650000e-03
1.086077090000e-02 1.856021640000e+00 3.380540530000e-03
1.086077090000e-02 1.859230760000e+00 3.403772370000e-03
1.094183330000e-02 1.862012150000e+00 3.429705510000e-03
1.110395040000e-02 1.864151720000e+00 3.454558550000e-03
1.110395040000e-02 1.867360830000e+00 3.477790390000e-03
1.118501280000e-02 1.869928360000e+00 3.501022930000e-03
1.126606760000e-02 1.872709750000e+00 3.526956080000e-03
1.134712990000e-02 1.875277040000e+00 3.550188620000e-03
1.142818480000e-02 1.878272290000e+00 3.573960860000e-03
1.150924710000e-02 1.881267550000e+00 3.597733100000e-03
1.159030200000e-02 1.884263040000e+00 3.620965170000e-03
1.167136430000e-02 1.887044190000e+00 3.645818210000e-03
1.175241920000e-02 1.889825580000e+00 3.669050060000e-03
1.183348150000e-02 1.892606970000e+00 3.692282600000e-03
1.199559870000e-02 1.895174500000e+00 3.718756140000e-03
1.207665350000e-02 1.898383620000e+00 3.744149580000e-03
1.215771590000e-02 1.900951150000e+00 3.768462220000e-03
1.215771590000e-02 1.903732300000e+00 3.791694060000e-03
1.231983300000e-02 1.906727790000e+00 3.814385510000e-03
1.231983300000e-02 1.909081220000e+00 3.837077650000e-03
1.231983300000e-02 1.911862370000e+00 3.861390290000e-03
1.248195020000e-02 1.914429900000e+00 3.882461230000e-03
1.256300510000e-02 1.917425160000e+00 3.905693070000e-03
1.264406740000e-02 1.920420410000e+00 3.926223610000e-03
1.272512230000e-02 1.922987940000e+00 3.946755080000e-03
1.288723950000e-02 1.925341370000e+00 3.967825790000e-03
1.288723950000e-02 1.928550480000e+00 3.991057630000e-03
1.296830180000e-02 1.931118010000e+00 4.011588170000e-03
1.313041900000e-02 1.934113260000e+00 4.033740140000e-03
1.313041900000e-02 1.936038730000e+00 4.051568920000e-03
1.329253610000e-02 1.939248090000e+00 4.072099460000e-03
1.337359850000e-02 1.941387650000e+00 4.093710800000e-03
1.337359850000e-02 1.944596770000e+00 4.115322140000e-03
1.353571560000e-02 1.947164300000e+00 4.133692010000e-03
1.353571560000e-02 1.949731590000e+00 4.158004650000e-03
1.361677050000e-02 1.952512980000e+00 4.178535190000e-03
1.377888770000e-02 1.955080270000e+00 4.199605900000e-03
1.377888770000e-02 1.957433700000e+00 4.224999340000e-03
1.394100490000e-02 1.960429190000e+00 4.248231180000e-03
1.394100490000e-02 1.963424440000e+00 4.275245130000e-03
1.402206720000e-02 1.965777870000e+00 4.299017600000e-03
1.410312210000e-02 1.968345170000e+00 4.321709740000e-03
1.426523920000e-02 1.971126560000e+00 4.344401420000e-03
1.434630160000e-02 1.973693850000e+00 4.368173890000e-03
1.434630160000e-02 1.976261380000e+00 4.388704430000e-03
1.442735640000e-02 1.978828670000e+00 4.409775600000e-03
1.450841870000e-02 1.981396200000e+00 4.430306140000e-03
1.458947360000e-02 1.983963490000e+00 4.448675550000e-03
1.467053590000e-02 1.986531020000e+00 4.469206090000e-03
1.483265310000e-02 1.988884450000e+00 4.487575960000e-03
1.483265310000e-02 1.991665840000e+00 4.509187300000e-03
1.491370800000e-02 1.994446990000e+00 4.528637510000e-03
1.507583260000e-02 1.996800420000e+00 4.547547080000e-03
1.507583260000e-02 1.999154090000e+00 4.568617790000e-03
1.515688750000e-02 2.001935240000e+00 4.589148800000e-03
1.523794980000e-02 2.004288670000e+00 4.611840470000e-03
1.540006700000e-02 2.006856200000e+00 4.632371010000e-03
1.540006700000e-02 2.009423490000e+00 4.652902020000e-03
1.548112180000e-02 2.011991020000e+00 4.675593690000e-03
1.556218420000e-02 2.014558320000e+00 4.697745200000e-03
1.572430130000e-02 2.016697880000e+00 4.718275740000e-03
1.572430130000e-02 2.019265170000e+00 4.738806280000e-03
1.580535620000e-02 2.022046570000e+00 4.756635520000e-03
1.596747340000e-02 2.024186130000e+00 4.776086190000e-03
1.596747340000e-02 2.026967530000e+00 4.791754300000e-03
1.612959060000e-02 2.029320960000e+00 4.810663870000e-03
1.621065290000e-02 2.031888250000e+00 4.826331980000e-03
1.621065290000e-02 2.034027810000e+00 4.845242020000e-03
1.629170780000e-02 2.036809210000e+00 4.864692220000e-03
1.637277010000e-02 2.038734670000e+00 4.879820160000e-03
1.645382490000e-02 2.041516070000e+00 4.898189570000e-03
1.653488730000e-02 2.043869500000e+00 4.915478640000e-03
1.661594210000e-02 2.046436790000e+00 4.937089980000e-03
1.677805930000e-02 2.048790220000e+00 4.953297790000e-03
1.685912160000e-02 2.051357750000e+00 4.975449760000e-03
1.694017650000e-02 2.053497310000e+00 4.991658500000e-03
1.702123880000e-02 2.056278470000e+00 5.012729210000e-03
1.702123880000e-02 2.058418040000e+00 5.028397310000e-03
1.710230110000e-02 2.060771470000e+00 5.047306880000e-03
1.726441830000e-02 2.063338990000e+00 5.064596420000e-03
1.734547320000e-02 2.065906290000e+00 5.080804230000e-03
1.742653550000e-02 2.068473820000e+00 5.096472330000e-03
1.742653550000e-02 2.070827250000e+00 5.113221700000e-03
1.758865270000e-02 2.073180680000e+00 5.129429510000e-03
1.758865270000e-02 2.075534110000e+00 5.146178880000e-03
1.775076990000e-02 2.077673440000e+00 5.160225560000e-03
1.783182470000e-02 2.080240960000e+00 5.175894130000e-03
1.783182470000e-02 2.082808260000e+00 5.192642570000e-03
1.799394190000e-02 2.084947820000e+00 5.206690170000e-03
1.799394190000e-02 2.087729220000e+00 5.224519410000e-03
1.807500420000e-02 2.090296510000e+00 5.240728150000e-03
1.815605910000e-02 2.092436080000e+00 5.258557390000e-03
1.823712140000e-02 2.094575640000e+00 5.275305360000e-03
1.839923860000e-02 2.097357030000e+00 5.288812800000e-03
1.839923860000e-02 2.099282500000e+00 5.306101870000e-03
1.848029350000e-02 2.101635930000e+00 5.320148540000e-03
1.864241060000e-02 2.104417320000e+00 5.333655980000e-03
1.872347300000e-02 2.106556890000e+00 5.346082150000e-03
1.880452780000e-02 2.108910320000e+00 5.360130220000e-03
1.880452780000e-02 2.111263750000e+00 5.373637190000e-03
1.888559010000e-02 2.113831040000e+00 5.382821430000e-03
1.896665250000e-02 2.115970610000e+00 5.398489070000e-03
1.912876960000e-02 2.118110180000e+00 5.409295670000e-03
1.912876960000e-02 2.120463610000e+00 5.423342340000e-03
1.912876960000e-02 2.120463610000e+00 5.423342340000e-03
1.920982450000e-02 2.123030900000e+00 5.436849310000e-03
1.929088680000e-02 2.125170470000e+00 5.451437550000e-03
1.937194170000e-02 2.127523900000e+00 5.466565020000e-03
1.945300400000e-02 2.129877330000e+00 5.482233600000e-03
