#  J [A] 	 V 	 L [w] 
7.995963100000e-05 7.212162020000e-06 -1.719056670000e-09
7.995963100000e-05 2.211630340000e-04 -1.719056670000e-09
1.610219480000e-04 7.212162020000e-06 -1.826502500000e-09
1.610219480000e-04 2.211630340000e-04 -1.772779590000e-09
1.610219480000e-04 7.212162020000e-06 -1.772779590000e-09
1.610219480000e-04 7.212162020000e-06 -1.557926450000e-09
7.995963100000e-05 7.212162020000e-06 -1.880225530000e-09
1.610219480000e-04 2.211630340000e-04 -1.772779590000e-09
7.995963100000e-05 3.842609820000e-01 -1.880225530000e-09
3.231391310000e-04 1.166461470000e+00 7.279699620000e-07
2.420768140000e-04 1.177372930000e+00 9.129167890000e-07
3.231391310000e-04 1.208609580000e+00 1.728391450000e-06
4.852563140000e-04 1.232144000000e+00 1.728391450000e-06
5.663111810000e-04 1.249259950000e+00 3.359757780000e-06
5.663111810000e-04 1.265306230000e+00 4.188887030000e-06
6.473734970000e-04 1.278785110000e+00 4.969911970000e-06
8.094906810000e-04 1.291408060000e+00 5.748233890000e-06
8.094906810000e-04 1.301463720000e+00 6.439535810000e-06
8.905455470000e-04 1.312589170000e+00 7.238396390000e-06
1.052662730000e-03 1.322644830000e+00 8.018881090000e-06
1.052662730000e-03 1.332058550000e+00 8.792338120000e-06
1.133725050000e-03 1.340616580000e+00 9.526338540000e-06
1.214787360000e-03 1.349388480000e+00 1.031114790000e-05
1.295842230000e-03 1.357304690000e+00 1.106676790000e-05
1.457959410000e-03 1.365220790000e+00 1.187103500000e-05
1.457959410000e-03 1.372495060000e+00 1.263962710000e-05
1.539021730000e-03 1.379769330000e+00 1.353091470000e-05
1.701138910000e-03 1.386829730000e+00 1.443517340000e-05
1.701138910000e-03 1.393462180000e+00 1.546699060000e-05
1.782193780000e-03 1.399666670000e+00 1.663771580000e-05
1.863256100000e-03 1.406085130000e+00 1.836569940000e-05
2.025373280000e-03 1.411861780000e+00 1.836569940000e-05
2.106428150000e-03 1.417210580000e+00 4.775070190000e-05
2.187490460000e-03 1.421703580000e+00 7.208000170000e-05
2.187490460000e-03 1.426838280000e+00 9.844666060000e-05
2.430662510000e-03 1.431973100000e+00 1.240080890000e-04
2.349607650000e-03 1.436893940000e+00 1.494506430000e-04
2.430662510000e-03 1.441386940000e+00 1.739745060000e-04
2.592779700000e-03 1.446093800000e+00 2.008599400000e-04
2.673842010000e-03 1.450586800000e+00 2.282804200000e-04
2.673842010000e-03 1.454865690000e+00 2.282804200000e-04
2.835959200000e-03 1.459144710000e+00 2.853846240000e-04
2.835959200000e-03 1.463637710000e+00 3.137172610000e-04
2.998076380000e-03 1.467916730000e+00 3.413998060000e-04
2.998076380000e-03 1.472195630000e+00 3.696240600000e-04
3.160193560000e-03 1.476260660000e+00 3.962772900000e-04
3.160193560000e-03 1.480539680000e+00 4.236889070000e-04
3.322310750000e-03 1.484604720000e+00 4.507213600000e-04
3.322310750000e-03 1.488669750000e+00 4.772121030000e-04
3.403373060000e-03 1.492734910000e+00 5.023484700000e-04
3.403373060000e-03 1.496799950000e+00 5.298142790000e-04
3.646545110000e-03 1.500864980000e+00 5.561967260000e-04
3.727607430000e-03 1.505143880000e+00 5.820373770000e-04
3.808662300000e-03 1.508995060000e+00 6.065236520000e-04
3.808662300000e-03 1.513060090000e+00 6.333394560000e-04
3.889724610000e-03 1.516697290000e+00 6.585299850000e-04
3.970779480000e-03 1.520976190000e+00 6.838829720000e-04
4.132896660000e-03 1.524613380000e+00 7.086402040000e-04
4.132896660000e-03 1.528464440000e+00 7.352934920000e-04
4.213958980000e-03 1.532529470000e+00 7.607007280000e-04
4.295013840000e-03 1.536380650000e+00 7.864872460000e-04
4.376076160000e-03 1.539803860000e+00 8.115693930000e-04
4.457131030000e-03 1.543654920000e+00 8.376267510000e-04
4.538193350000e-03 1.547505970000e+00 8.628715300000e-04
4.700310530000e-03 1.551143170000e+00 8.889830210000e-04
4.700310530000e-03 1.554566380000e+00 9.127650990000e-04
4.862427710000e-03 1.558417440000e+00 9.382265850000e-04
4.943482580000e-03 1.561840650000e+00 9.627127440000e-04
5.024544890000e-03 1.565905690000e+00 9.888785430000e-04
5.024544890000e-03 1.568900940000e+00 1.012389660000e-03
5.186662080000e-03 1.572752120000e+00 1.036930250000e-03
5.186662080000e-03 1.576603170000e+00 1.062066640000e-03
5.267724390000e-03 1.580026390000e+00 1.086932020000e-03
5.267724390000e-03 1.583449600000e+00 1.109793200000e-03
5.429841580000e-03 1.586872820000e+00 1.134983730000e-03
5.510896440000e-03 1.590295910000e+00 1.159740960000e-03
5.673013630000e-03 1.594147090000e+00 1.184443940000e-03
5.673013630000e-03 1.597142340000e+00 1.207250750000e-03
5.754075940000e-03 1.600993390000e+00 1.231141270000e-03
5.835130810000e-03 1.603774790000e+00 1.253948200000e-03
5.916193130000e-03 1.607411980000e+00 1.276321710000e-03
5.997247990000e-03 1.610621210000e+00 1.297015930000e-03
6.078310310000e-03 1.614044430000e+00 1.320960470000e-03
6.159365180000e-03 1.617467520000e+00 1.344471820000e-03
6.240427490000e-03 1.620890740000e+00 1.369662230000e-03
6.321482360000e-03 1.623886110000e+00 1.393173470000e-03
6.402544680000e-03 1.627737160000e+00 1.417605560000e-03
6.483599540000e-03 1.630732420000e+00 1.442579550000e-03
6.645716730000e-03 1.633941650000e+00 1.467390800000e-03
6.645716730000e-03 1.637578850000e+00 1.490360240000e-03
6.726779040000e-03 1.641002060000e+00 1.516850900000e-03
6.807833910000e-03 1.643783450000e+00 1.540903930000e-03
6.888896230000e-03 1.646992680000e+00 1.565661050000e-03
6.969951090000e-03 1.650629760000e+00 1.588684740000e-03
7.051013410000e-03 1.653838990000e+00 1.612845920000e-03
7.213130590000e-03 1.656620380000e+00 1.635978000000e-03
7.213130590000e-03 1.660043600000e+00 1.659814150000e-03
7.294192910000e-03 1.662824990000e+00 1.681483470000e-03
7.375247780000e-03 1.666248080000e+00 1.705861420000e-03
7.456310090000e-03 1.668815490000e+00 1.728885110000e-03
7.618427280000e-03 1.672880530000e+00 1.753100540000e-03
7.618427280000e-03 1.675233960000e+00 1.776232500000e-03
7.699482140000e-03 1.679512980000e+00 1.801098110000e-03
7.699482140000e-03 1.681866410000e+00 1.825692710000e-03
7.861599330000e-03 1.685289620000e+00 1.849203950000e-03
8.023716510000e-03 1.687857030000e+00 1.871414950000e-03
8.023716510000e-03 1.690210460000e+00 1.895413620000e-03
8.185833690000e-03 1.695131300000e+00 1.917570480000e-03
8.185833690000e-03 1.697912690000e+00 1.941731780000e-03
8.347950880000e-03 1.700052140000e+00 1.965026370000e-03
8.429013190000e-03 1.703261490000e+00 1.987887310000e-03
8.591130380000e-03 1.706684590000e+00 2.010477710000e-03
8.591130380000e-03 1.709252000000e+00 2.034584760000e-03
8.510068060000e-03 1.712461230000e+00 2.055820780000e-03
8.753247560000e-03 1.715670470000e+00 2.080252860000e-03
8.753247560000e-03 1.718451980000e+00 2.104305660000e-03
8.753247560000e-03 1.721661090000e+00 2.127058340000e-03
8.915364740000e-03 1.724228620000e+00 2.148836150000e-03
8.996419610000e-03 1.727437730000e+00 2.175164410000e-03
9.158544240000e-03 1.729791160000e+00 2.198079600000e-03
9.158544240000e-03 1.734070300000e+00 2.222403420000e-03
9.320661430000e-03 1.735995770000e+00 2.242772610000e-03
9.401716290000e-03 1.739632840000e+00 2.264983490000e-03
9.482778610000e-03 1.742414240000e+00 2.289415800000e-03
9.482778610000e-03 1.745195630000e+00 2.313251840000e-03
9.563833480000e-03 1.747762920000e+00 2.335462720000e-03
9.644895790000e-03 1.751400230000e+00 2.357998860000e-03
9.725950660000e-03 1.753753660000e+00 2.380968540000e-03
9.725950660000e-03 1.753325700000e+00 2.381131290000e-03
9.888067840000e-03 1.756748910000e+00 2.381131290000e-03
9.888067840000e-03 1.759316210000e+00 2.445854010000e-03
1.005018500000e-02 1.762311460000e+00 2.459900920000e-03
1.013124730000e-02 1.765092850000e+00 2.477730860000e-03
1.021230220000e-02 1.768088100000e+00 2.497721000000e-03
1.021230220000e-02 1.770869490000e+00 2.515009840000e-03
1.029336450000e-02 1.773650880000e+00 2.535000680000e-03
1.045548170000e-02 1.776646140000e+00 2.554450420000e-03
1.045548170000e-02 1.779213670000e+00 2.575521360000e-03
1.061759890000e-02 1.782208920000e+00 2.594971560000e-03
1.069865380000e-02 1.785204170000e+00 2.613881600000e-03
1.077971610000e-02 1.787985560000e+00 2.634412140000e-03
1.077971610000e-02 1.790552850000e+00 2.652781780000e-03
1.086077090000e-02 1.793334250000e+00 2.671151420000e-03
1.094183330000e-02 1.796757460000e+00 2.689521060000e-03
1.102288810000e-02 1.799110890000e+00 2.708970800000e-03
1.110395040000e-02 1.801464320000e+00 2.726799810000e-03
1.118501280000e-02 1.804031850000e+00 2.745169450000e-03
1.134712990000e-02 1.807240960000e+00 2.761918590000e-03
1.142818480000e-02 1.810236220000e+00 2.784069630000e-03
1.142818480000e-02 1.812803750000e+00 2.804060470000e-03
1.150924710000e-02 1.815371040000e+00 2.820808910000e-03
1.159030200000e-02 1.818152430000e+00 2.842420250000e-03
1.167136430000e-02 1.820933820000e+00 2.859708850000e-03
1.175241920000e-02 1.823287250000e+00 2.877538790000e-03
1.183348150000e-02 1.826496600000e+00 2.894827630000e-03
1.199559870000e-02 1.829063890000e+00 2.912116470000e-03
1.207665350000e-02 1.831845280000e+00 2.930485880000e-03
1.215771590000e-02 1.834626670000e+00 2.949395920000e-03
1.215771590000e-02 1.837408070000e+00 2.965604650000e-03
1.231983300000e-02 1.839975360000e+00 2.983973590000e-03
1.231983300000e-02 1.842542650000e+00 2.998561600000e-03
1.240088790000e-02 1.845324040000e+00 3.013149140000e-03
1.248195020000e-02 1.847891570000e+00 3.031518780000e-03
1.256300510000e-02 1.850458860000e+00 3.046646710000e-03
1.272512230000e-02 1.853240250000e+00 3.063394920000e-03
1.272512230000e-02 1.856235500000e+00 3.083385760000e-03
1.280618460000e-02 1.858588930000e+00 3.097432900000e-03
1.288723950000e-02 1.861156460000e+00 3.117423040000e-03
1.296830180000e-02 1.863723750000e+00 3.132011040000e-03
1.304936410000e-02 1.866505150000e+00 3.152541580000e-03
1.313041900000e-02 1.869072440000e+00 3.169290020000e-03
1.329253610000e-02 1.871639970000e+00 3.188740460000e-03
1.337359850000e-02 1.874207260000e+00 3.206029300000e-03
1.337359850000e-02 1.876560690000e+00 3.222238040000e-03
1.345465330000e-02 1.879342080000e+00 3.240607450000e-03
1.353571560000e-02 1.882123470000e+00 3.254654580000e-03
1.361677050000e-02 1.884476900000e+00 3.270863320000e-03
1.377888770000e-02 1.887044190000e+00 3.288692560000e-03
1.377888770000e-02 1.889611720000e+00 3.304901070000e-03
1.394100490000e-02 1.892393110000e+00 3.318407810000e-03
1.394100490000e-02 1.894746540000e+00 3.337317840000e-03
1.410312210000e-02 1.897527930000e+00 3.352985950000e-03
1.410312210000e-02 1.900095220000e+00 3.369193990000e-03
1.418418440000e-02 1.902662520000e+00 3.384862330000e-03
1.426523920000e-02 1.905443910000e+00 3.403772370000e-03
1.434630160000e-02 1.907797340000e+00 3.419440470000e-03
1.442735640000e-02 1.910578730000e+00 3.435108810000e-03
1.458947360000e-02 1.913146260000e+00 3.451857250000e-03
1.467053590000e-02 1.915499690000e+00 3.468605690000e-03
1.475159080000e-02 1.918066980000e+00 3.484814190000e-03
1.483265310000e-02 1.920634510000e+00 3.499401730000e-03
1.483265310000e-02 1.923201800000e+00 3.513989970000e-03
1.499477030000e-02 1.925769090000e+00 3.529117680000e-03
1.507583260000e-02 1.928122760000e+00 3.544785320000e-03
1.507583260000e-02 1.930262090000e+00 3.558292750000e-03
1.515688750000e-02 1.932829620000e+00 3.573420460000e-03
1.531900470000e-02 1.935611010000e+00 3.584766290000e-03
1.531900470000e-02 1.938178300000e+00 3.599353830000e-03
1.540006700000e-02 1.940531730000e+00 3.611780240000e-03
1.548112180000e-02 1.943313120000e+00 3.625287670000e-03
1.564323900000e-02 1.945452690000e+00 3.638794180000e-03
1.564323900000e-02 1.948019980000e+00 3.651761220000e-03
1.572430130000e-02 1.950373410000e+00 3.667969960000e-03
1.588641850000e-02 1.952940940000e+00 3.682557260000e-03
1.588641850000e-02 1.955722090000e+00 3.698225600000e-03
1.596747340000e-02 1.957861660000e+00 3.709571200000e-03
1.604853570000e-02 1.960429190000e+00 3.722538240000e-03
1.612959060000e-02 1.962782620000e+00 3.736585380000e-03
1.621065290000e-02 1.965349910000e+00 3.749011780000e-03
1.629170780000e-02 1.967703340000e+00 3.757115920000e-03
1.637277010000e-02 1.969842910000e+00 3.771163520000e-03
1.645382490000e-02 1.972624300000e+00 3.780348460000e-03
1.653488730000e-02 1.975191590000e+00 3.794395360000e-03
1.661594210000e-02 1.977545020000e+00 3.803039900000e-03
1.669700440000e-02 1.979898450000e+00 3.815466310000e-03
1.677805930000e-02 1.982679840000e+00 3.826812140000e-03
1.685912160000e-02 1.984819410000e+00 3.838698150000e-03
1.694017650000e-02 1.987172840000e+00 3.850044680000e-03
1.710230110000e-02 1.989526270000e+00 3.860309490000e-03
1.710230110000e-02 1.992093560000e+00 3.873816920000e-03
1.718335600000e-02 1.994446990000e+00 3.885702930000e-03
1.726441830000e-02 1.997228380000e+00 3.897589170000e-03
1.734547320000e-02 1.999367950000e+00 3.907854670000e-03
1.742653550000e-02 2.001935240000e+00 3.920821010000e-03
1.750759040000e-02 2.004288670000e+00 3.930005710000e-03
1.758865270000e-02 2.006856200000e+00 3.942432350000e-03
1.758865270000e-02 2.008995770000e+00 3.950536250000e-03
1.775076990000e-02 2.011563060000e+00 3.959181250000e-03
1.783182470000e-02 2.013916490000e+00 3.968365960000e-03
1.799394190000e-02 2.016484020000e+00 3.977010490000e-03
1.799394190000e-02 2.018623350000e+00 3.984033600000e-03
1.807500420000e-02 2.020976780000e+00 3.993758930000e-03
1.815605910000e-02 2.023544310000e+00 4.001323130000e-03
1.823712140000e-02 2.025897740000e+00 4.013209600000e-03
1.831817630000e-02 2.028037310000e+00 4.020232710000e-03
1.839923860000e-02 2.030390740000e+00 4.030498210000e-03
1.856135580000e-02 2.032958030000e+00 4.039142750000e-03
1.864241060000e-02 2.035311460000e+00 4.052649720000e-03
1.864241060000e-02 2.037451030000e+00 4.063995560000e-03
1.872347300000e-02 2.040232420000e+00 4.074801230000e-03
1.880452780000e-02 2.042371750000e+00 4.081284630000e-03
1.896665250000e-02 2.044939280000e+00 4.090469330000e-03
1.896665250000e-02 2.047292710000e+00 4.099113870000e-03
1.904770730000e-02 2.049432280000e+00 4.110999870000e-03
1.912876960000e-02 2.051999570000e+00 4.121265370000e-03
1.912876960000e-02 2.051785710000e+00 4.119644870000e-03
1.920982450000e-02 2.054139140000e+00 4.127748780000e-03
1.929088680000e-02 2.056492570000e+00 4.134772810000e-03
1.937194170000e-02 2.059059860000e+00 4.141795910000e-03
1.945300400000e-02 2.061413290000e+00 4.150440450000e-03
