#  J [A] 	 V 	 L [w] 
7.995963100000e-05 7.212162020000e-06 -1.933948330000e-09
1.610219480000e-04 7.212162020000e-06 -2.148801580000e-09
7.995963100000e-05 7.212162020000e-06 -1.987671360000e-09
1.610219480000e-04 2.211630340000e-04 -1.933948330000e-09
7.995963100000e-05 7.212162020000e-06 -2.095078560000e-09
1.610219480000e-04 7.212162020000e-06 -2.041355750000e-09
7.995963100000e-05 2.211630340000e-04 -2.041355750000e-09
1.610219480000e-04 7.212162020000e-06 -2.148801580000e-09
1.610219480000e-04 3.166528640000e-01 -1.933948330000e-09
3.231391310000e-04 1.197056290000e+00 9.934383340000e-07
3.231391310000e-04 1.224441890000e+00 1.211904420000e-06
4.041939970000e-04 1.258887770000e+00 2.294674000000e-06
4.041939970000e-04 1.284989600000e+00 2.294674000000e-06
4.852563140000e-04 1.305528760000e+00 4.500756400000e-06
6.473734970000e-04 1.324356320000e+00 5.684455120000e-06
6.473734970000e-04 1.340188620000e+00 6.827075140000e-06
8.094906810000e-04 1.355165120000e+00 8.018881090000e-06
8.905455470000e-04 1.367146370000e+00 9.171771130000e-06
8.905455470000e-04 1.379769330000e+00 1.063436680000e-05
1.052662730000e-03 1.392178420000e+00 1.231262470000e-05
1.133725050000e-03 1.403303860000e+00 1.468704700000e-05
1.214787360000e-03 1.412289740000e+00 1.468704700000e-05
1.214787360000e-03 1.420633790000e+00 5.624055850000e-05
1.295842230000e-03 1.428549890000e+00 8.743848590000e-05
1.457959410000e-03 1.435610290000e+00 1.183121640000e-04
1.457959410000e-03 1.442456600000e+00 1.477699700000e-04
1.539021730000e-03 1.449944850000e+00 1.806053330000e-04
1.701138910000e-03 1.456577300000e+00 2.134515090000e-04
1.701138910000e-03 1.462781910000e+00 2.134515090000e-04
1.782193780000e-03 1.469200370000e+00 2.801297810000e-04
1.863256100000e-03 1.475191000000e+00 3.135005240000e-04
2.025373280000e-03 1.481181620000e+00 3.457877900000e-04
2.025373280000e-03 1.487172130000e+00 3.791043710000e-04
2.106428150000e-03 1.492520930000e+00 4.094955220000e-04
2.268545330000e-03 1.498297570000e+00 4.434080040000e-04
2.268545330000e-03 1.504074220000e+00 4.768870130000e-04
2.430662510000e-03 1.509636880000e+00 5.104744920000e-04
2.430662510000e-03 1.514771700000e+00 5.426533750000e-04
2.511724830000e-03 1.520120380000e+00 5.744530940000e-04
2.673842010000e-03 1.525041220000e+00 6.054401750000e-04
2.754896880000e-03 1.530390020000e+00 6.371315100000e-04
2.754896880000e-03 1.535096880000e+00 6.675227780000e-04
2.835959200000e-03 1.540445690000e+00 7.000808840000e-04
2.917014060000e-03 1.545152540000e+00 7.324765320000e-04
3.079131250000e-03 1.550073390000e+00 7.646554150000e-04
3.079131250000e-03 1.554994230000e+00 7.954800390000e-04
3.241255880000e-03 1.560129050000e+00 8.292299460000e-04
3.241255880000e-03 1.564408060000e+00 8.614088290000e-04
3.403373060000e-03 1.569328900000e+00 8.930459150000e-04
3.403373060000e-03 1.573393940000e+00 9.235456240000e-04
3.565490250000e-03 1.578100800000e+00 9.569704420000e-04
3.646545110000e-03 1.582807660000e+00 9.888242930000e-04
3.727607430000e-03 1.587300660000e+00 1.020840720000e-03
3.808662300000e-03 1.591579680000e+00 1.050852700000e-03
3.808662300000e-03 1.596286540000e+00 1.082598230000e-03
3.970779480000e-03 1.600565550000e+00 1.113910460000e-03
4.051841800000e-03 1.604844570000e+00 1.146143420000e-03
4.132896660000e-03 1.608909610000e+00 1.176534570000e-03
4.132896660000e-03 1.613616470000e+00 1.209905370000e-03
4.295013840000e-03 1.617895480000e+00 1.242084200000e-03
4.376076160000e-03 1.621960520000e+00 1.275346610000e-03
4.457131030000e-03 1.625811580000e+00 1.306767110000e-03
4.538193350000e-03 1.630090590000e+00 1.340462940000e-03
4.619248210000e-03 1.634155630000e+00 1.372208350000e-03
4.700310530000e-03 1.638220670000e+00 1.403954000000e-03
4.700310530000e-03 1.642071840000e+00 1.434941080000e-03
4.862427710000e-03 1.646350740000e+00 1.467715950000e-03
4.943482580000e-03 1.650201920000e+00 1.500003160000e-03
5.024544890000e-03 1.654266950000e+00 1.531152640000e-03
5.024544890000e-03 1.657904030000e+00 1.561814800000e-03
5.105599760000e-03 1.661969180000e+00 1.594372910000e-03
5.186662080000e-03 1.666034220000e+00 1.627364430000e-03
5.267724390000e-03 1.669885280000e+00 1.659326600000e-03
5.429841580000e-03 1.673736330000e+00 1.689609490000e-03
5.510896440000e-03 1.677587510000e+00 1.722980170000e-03
5.510896440000e-03 1.681010600000e+00 1.756404990000e-03
5.591958760000e-03 1.685075760000e+00 1.788475670000e-03
5.754075940000e-03 1.688498850000e+00 1.818975200000e-03
5.835130810000e-03 1.692136050000e+00 1.852833550000e-03
5.916193130000e-03 1.695987110000e+00 1.883983030000e-03
5.997247990000e-03 1.699838280000e+00 1.915999460000e-03
6.078310310000e-03 1.703047510000e+00 1.944115500000e-03
6.159365180000e-03 1.706898570000e+00 1.977052770000e-03
6.159365180000e-03 1.710749630000e+00 2.008635780000e-03
6.240427490000e-03 1.714386820000e+00 2.041193890000e-03
6.321482360000e-03 1.717382190000e+00 2.072451870000e-03
6.483599540000e-03 1.721233130000e+00 2.105768300000e-03
6.483599540000e-03 1.724656340000e+00 2.136322200000e-03
6.564661860000e-03 1.728293660000e+00 2.167092400000e-03
6.645716730000e-03 1.731288910000e+00 2.196887970000e-03
6.807833910000e-03 1.734712120000e+00 2.228470750000e-03
6.807833910000e-03 1.737921240000e+00 2.259403700000e-03
6.888896230000e-03 1.742414240000e+00 2.290553180000e-03
7.051013410000e-03 1.746051310000e+00 2.320836070000e-03
7.051013410000e-03 1.747977020000e+00 2.351823260000e-03
7.132075730000e-03 1.752469780000e+00 2.381781120000e-03
7.294192910000e-03 1.755251170000e+00 2.381781120000e-03
7.294192910000e-03 1.759102340000e+00 2.466384550000e-03
7.375247780000e-03 1.762525560000e+00 2.487995890000e-03
7.456310090000e-03 1.765734670000e+00 2.515550240000e-03
7.618427280000e-03 1.769371990000e+00 2.543104580000e-03
7.618427280000e-03 1.772581100000e+00 2.571199320000e-03
7.699482140000e-03 1.776004310000e+00 2.600914800000e-03
7.780544460000e-03 1.779213670000e+00 2.629549240000e-03
7.861599330000e-03 1.782850740000e+00 2.659804890000e-03
8.023716510000e-03 1.785632130000e+00 2.687899860000e-03
8.023716510000e-03 1.789055350000e+00 2.721397210000e-03
8.104778830000e-03 1.792478560000e+00 2.752733650000e-03
8.266896010000e-03 1.795473810000e+00 2.782989530000e-03
8.347950880000e-03 1.798682930000e+00 2.814325270000e-03
8.429013190000e-03 1.802106140000e+00 2.843500810000e-03
8.429013190000e-03 1.805315490000e+00 2.873756690000e-03
8.510068060000e-03 1.808524850000e+00 2.904552730000e-03
8.591130380000e-03 1.811306000000e+00 2.930485880000e-03
8.753247560000e-03 1.814515350000e+00 2.960201350000e-03
8.753247560000e-03 1.817938570000e+00 2.990457000000e-03
8.834302430000e-03 1.821147680000e+00 3.019092140000e-03
8.915364740000e-03 1.824143170000e+00 3.045565910000e-03
8.996419610000e-03 1.827352290000e+00 3.075821560000e-03
9.158544240000e-03 1.830347540000e+00 3.103375900000e-03
9.158544240000e-03 1.833556890000e+00 3.132011040000e-03
9.239599110000e-03 1.836552140000e+00 3.155783520000e-03
9.401716290000e-03 1.839761500000e+00 3.184958360000e-03
9.401716290000e-03 1.842756750000e+00 3.215214000000e-03
9.563833480000e-03 1.845752000000e+00 3.243308750000e-03
9.644895790000e-03 1.848961350000e+00 3.267621620000e-03
9.725950660000e-03 1.852170470000e+00 3.294635560000e-03
9.807012980000e-03 1.855165720000e+00 3.321109110000e-03
9.807012980000e-03 1.854951860000e+00 3.321109110000e-03
9.807012980000e-03 1.857733250000e+00 3.347042950000e-03
9.888067840000e-03 1.860728500000e+00 3.370815190000e-03
9.969130160000e-03 1.864151720000e+00 3.398909930000e-03
1.013124730000e-02 1.866933110000e+00 3.426463810000e-03
1.021230220000e-02 1.870142220000e+00 3.456719450000e-03
1.029336450000e-02 1.872709750000e+00 3.480492390000e-03
1.037441940000e-02 1.876132970000e+00 3.508586670000e-03
1.045548170000e-02 1.879128220000e+00 3.537762210000e-03
1.045548170000e-02 1.882123470000e+00 3.564235750000e-03
1.061759890000e-02 1.884690760000e+00 3.590168900000e-03
1.061759890000e-02 1.888113980000e+00 3.618263640000e-03
1.077971610000e-02 1.891109230000e+00 3.643657080000e-03
1.077971610000e-02 1.893890620000e+00 3.670130860000e-03
1.086077090000e-02 1.896672010000e+00 3.693362700000e-03
1.094183330000e-02 1.899881360000e+00 3.720376640000e-03
1.102288810000e-02 1.902234790000e+00 3.744149580000e-03
1.110395040000e-02 1.905443910000e+00 3.773864820000e-03
1.118501280000e-02 1.908011440000e+00 3.794395360000e-03
1.134712990000e-02 1.911006690000e+00 3.821949710000e-03
1.134712990000e-02 1.913788080000e+00 3.848963880000e-03
1.150924710000e-02 1.916783330000e+00 3.875437430000e-03
1.150924710000e-02 1.919564720000e+00 3.900830870000e-03
1.159030200000e-02 1.922559980000e+00 3.927304410000e-03
1.167136430000e-02 1.925341370000e+00 3.954318350000e-03
1.175241920000e-02 1.928336620000e+00 3.978090830000e-03
1.191453640000e-02 1.930903910000e+00 4.006185570000e-03
1.199559870000e-02 1.933899400000e+00 4.033740140000e-03
1.199559870000e-02 1.936680560000e+00 4.056971990000e-03
1.207665350000e-02 1.939676050000e+00 4.084526100000e-03
1.223877070000e-02 1.942457200000e+00 4.110999870000e-03
1.231983300000e-02 1.945238590000e+00 4.138014280000e-03
1.240088790000e-02 1.947592020000e+00 4.163947420000e-03
1.240088790000e-02 1.950801370000e+00 4.190421200000e-03
1.256300510000e-02 1.953154800000e+00 4.214733840000e-03
1.256300510000e-02 1.956150050000e+00 4.245529880000e-03
1.264406740000e-02 1.958931450000e+00 4.271463030000e-03
1.280618460000e-02 1.961712840000e+00 4.299017600000e-03
1.280618460000e-02 1.964066270000e+00 4.323870870000e-03
1.296830180000e-02 1.966847660000e+00 4.350344180000e-03
1.304936410000e-02 1.969628810000e+00 4.376278260000e-03
1.304936410000e-02 1.972624300000e+00 4.404912700000e-03
1.313041900000e-02 1.974763630000e+00 4.428685640000e-03
1.321148130000e-02 1.977972980000e+00 4.455158950000e-03
1.329253610000e-02 1.980754380000e+00 4.481632730000e-03
1.337359850000e-02 1.983321670000e+00 4.507566800000e-03
1.353571560000e-02 1.985889200000e+00 4.532419150000e-03
1.353571560000e-02 1.988456490000e+00 4.558352750000e-03
1.361677050000e-02 1.991023780000e+00 4.585366700000e-03
1.377888770000e-02 1.994019270000e+00 4.609139170000e-03
1.377888770000e-02 1.996372700000e+00 4.632911640000e-03
1.385995000000e-02 1.998939990000e+00 4.658845250000e-03
1.402206720000e-02 2.001721380000e+00 4.682617730000e-03
1.410312210000e-02 2.004288670000e+00 4.710171840000e-03
1.418418440000e-02 2.006856200000e+00 4.732863510000e-03
1.418418440000e-02 2.009637590000e+00 4.757176150000e-03
1.434630160000e-02 2.012204890000e+00 4.781488790000e-03
1.434630160000e-02 2.014986280000e+00 4.803640300000e-03
1.450841870000e-02 2.017339710000e+00 4.826331980000e-03
1.450841870000e-02 2.019907000000e+00 4.852265590000e-03
1.467053590000e-02 2.022688390000e+00 4.876578230000e-03
1.467053590000e-02 2.025469780000e+00 4.898189570000e-03
1.475159080000e-02 2.027823210000e+00 4.923582540000e-03
1.483265310000e-02 2.030390740000e+00 4.946274680000e-03
1.491370800000e-02 2.032958030000e+00 4.967345390000e-03
1.507583260000e-02 2.035739420000e+00 4.988416560000e-03
1.507583260000e-02 2.037878990000e+00 5.006785970000e-03
1.515688750000e-02 2.040446280000e+00 5.028397310000e-03
1.531900470000e-02 2.043227670000e+00 5.050548350000e-03
1.531900470000e-02 2.045794960000e+00 5.073781130000e-03
1.548112180000e-02 2.048148390000e+00 5.095932170000e-03
1.556218420000e-02 2.050929780000e+00 5.121865780000e-03
1.564323900000e-02 2.053283210000e+00 5.144017280000e-03
1.564323900000e-02 2.056064610000e+00 5.167249590000e-03
1.572430130000e-02 2.058204170000e+00 5.186699330000e-03
1.588641850000e-02 2.060771470000e+00 5.208310670000e-03
1.596747340000e-02 2.063552860000e+00 5.228841210000e-03
1.596747340000e-02 2.065906290000e+00 5.245590120000e-03
1.612959060000e-02 2.068473820000e+00 5.266661290000e-03
1.612959060000e-02 2.071254970000e+00 5.283409730000e-03
1.621065290000e-02 2.073394540000e+00 5.303940740000e-03
1.637277010000e-02 2.075747970000e+00 5.322850310000e-03
1.637277010000e-02 2.078101400000e+00 5.341220180000e-03
1.645382490000e-02 2.080454830000e+00 5.361211020000e-03
1.653488730000e-02 2.083236220000e+00 5.379580430000e-03
1.661594210000e-02 2.086017610000e+00 5.396869030000e-03
1.669700440000e-02 2.088157180000e+00 5.417399110000e-03
1.685912160000e-02 2.090938330000e+00 5.437930110000e-03
1.685912160000e-02 2.093292000000e+00 5.459000360000e-03
1.702123880000e-02 2.095645430000e+00 5.481152800000e-03
1.702123880000e-02 2.097998860000e+00 5.501682870000e-03
1.710230110000e-02 2.100566150000e+00 5.527616480000e-03
1.718335600000e-02 2.102919580000e+00 5.549228750000e-03
1.726441830000e-02 2.105273010000e+00 5.569758360000e-03
1.734547320000e-02 2.107840540000e+00 5.591370630000e-03
1.742653550000e-02 2.110193970000e+00 5.611360070000e-03
1.750759040000e-02 2.112547400000e+00 5.632431710000e-03
1.758865270000e-02 2.115114690000e+00 5.651341750000e-03
1.766970750000e-02 2.117254260000e+00 5.671331190000e-03
1.775076990000e-02 2.119821550000e+00 5.692402830000e-03
1.783182470000e-02 2.121961120000e+00 5.712393210000e-03
1.791288700000e-02 2.124742510000e+00 5.731842480000e-03
1.807500420000e-02 2.127095940000e+00 5.752373490000e-03
1.807500420000e-02 2.129235510000e+00 5.766961720000e-03
1.823712140000e-02 2.131802800000e+00 5.786411000000e-03
1.823712140000e-02 2.134370330000e+00 5.806942000000e-03
1.831817630000e-02 2.136295800000e+00 5.824771240000e-03
1.839923860000e-02 2.139077190000e+00 5.844762080000e-03
1.848029350000e-02 2.141216750000e+00 5.866913120000e-03
1.856135580000e-02 2.143784050000e+00 5.887444130000e-03
1.864241060000e-02 2.146137480000e+00 5.910675970000e-03
1.872347300000e-02 2.148277040000e+00 5.931207440000e-03
1.880452780000e-02 2.150844340000e+00 5.952277690000e-03
1.888559010000e-02 2.152983900000e+00 5.970647090000e-03
1.904770730000e-02 2.155337330000e+00 5.989016970000e-03
1.904770730000e-02 2.157690760000e+00 6.003064570000e-03
1.912876960000e-02 2.160044190000e+00 6.023594640000e-03
1.912876960000e-02 2.159830330000e+00 6.019813010000e-03
1.929088680000e-02 2.162397620000e+00 6.035480650000e-03
1.945300400000e-02 2.164751050000e+00 6.052769250000e-03
1.937194170000e-02 2.167104480000e+00 6.068978460000e-03
1.953405890000e-02 2.169457910000e+00 6.085726900000e-03
