#  J [A] 	 V 	 L [w] 
1.610219480000e-04 2.211630340000e-04 -1.826502500000e-09
7.995963100000e-05 7.212162020000e-06 -1.719056670000e-09
1.610219480000e-04 7.212162020000e-06 -1.880225530000e-09
1.610219480000e-04 7.212162020000e-06 -1.719056670000e-09
1.610219480000e-04 7.212162020000e-06 -1.826502500000e-09
1.610219480000e-04 2.211630340000e-04 -1.933948330000e-09
1.610219480000e-04 7.212162020000e-06 -1.772779590000e-09
1.610219480000e-04 -2.067387100000e-04 -1.880225530000e-09
1.610219480000e-04 3.998793660000e-01 -1.772779590000e-09
2.420768140000e-04 1.174805520000e+00 7.844262200000e-07
2.420768140000e-04 1.183149580000e+00 9.472954620000e-07
4.041939970000e-04 1.214814070000e+00 1.804024690000e-06
4.852563140000e-04 1.237706660000e+00 1.804024690000e-06
4.852563140000e-04 1.255250570000e+00 3.490018800000e-06
6.473734970000e-04 1.271510720000e+00 4.344011360000e-06
6.473734970000e-04 1.285631420000e+00 5.163951760000e-06
7.284283640000e-04 1.297826650000e+00 5.980649350000e-06
8.094906810000e-04 1.308310150000e+00 6.705462510000e-06
9.716078640000e-04 1.319435480000e+00 7.540536440000e-06
9.716078640000e-04 1.329705120000e+00 8.356693800000e-06
1.052662730000e-03 1.339546800000e+00 9.177175340000e-06
1.133725050000e-03 1.348104830000e+00 9.974954990000e-06
1.214787360000e-03 1.356876730000e+00 1.082408380000e-05
1.376904550000e-03 1.365006800000e+00 1.166294170000e-05
1.457959410000e-03 1.372709040000e+00 1.254612020000e-05
1.457959410000e-03 1.379983310000e+00 1.343524490000e-05
1.539021730000e-03 1.387471560000e+00 1.447787330000e-05
1.620076600000e-03 1.394745830000e+00 1.563887050000e-05
1.782193780000e-03 1.401164290000e+00 1.710254760000e-05
1.782193780000e-03 1.407582880000e+00 1.932238770000e-05
1.863256100000e-03 1.413787360000e+00 1.932238770000e-05
1.944310960000e-03 1.418922190000e+00 5.619732470000e-05
2.106428150000e-03 1.424270870000e+00 8.426086420000e-05
2.106428150000e-03 1.428977850000e+00 1.100492810000e-04
2.187490460000e-03 1.433684710000e+00 1.395395080000e-04
2.268545330000e-03 1.438819530000e+00 1.694566600000e-04
2.430662510000e-03 1.443740370000e+00 1.990874010000e-04
2.430662510000e-03 1.448447230000e+00 2.277237650000e-04
2.511724830000e-03 1.452940230000e+00 2.277237650000e-04
2.592779700000e-03 1.457219240000e+00 2.879307720000e-04
2.673842010000e-03 1.462140080000e+00 3.164258670000e-04
2.754896880000e-03 1.466418980000e+00 3.430791260000e-04
2.917014060000e-03 1.470698000000e+00 3.719534720000e-04
2.917014060000e-03 1.475191000000e+00 3.997443710000e-04
3.079131250000e-03 1.479470010000e+00 4.280228170000e-04
3.160193560000e-03 1.483748910000e+00 4.546218840000e-04
3.160193560000e-03 1.488241910000e+00 4.817626610000e-04
3.241255880000e-03 1.492092970000e+00 5.087408940000e-04
3.403373060000e-03 1.496371980000e+00 5.362068190000e-04
3.403373060000e-03 1.500223040000e+00 5.618848950000e-04
3.565490250000e-03 1.504716040000e+00 5.907050220000e-04
3.646545110000e-03 1.508781080000e+00 6.184959200000e-04
3.727607430000e-03 1.513060090000e+00 6.471535890000e-04
3.727607430000e-03 1.516911150000e+00 6.736443030000e-04
3.808662300000e-03 1.521190170000e+00 7.027353860000e-04
3.970779480000e-03 1.525041220000e+00 7.306887420000e-04
3.970779480000e-03 1.529320240000e+00 7.589129380000e-04
4.132896660000e-03 1.532743450000e+00 7.852411360000e-04
4.213958980000e-03 1.536808490000e+00 8.138447300000e-04
4.213958980000e-03 1.540873530000e+00 8.417980860000e-04
4.213958980000e-03 1.544938560000e+00 8.700223990000e-04
4.457131030000e-03 1.548575760000e+00 8.954296350000e-04
4.538193350000e-03 1.552212830000e+00 9.213244190000e-04
4.619248210000e-03 1.555850030000e+00 9.483027970000e-04
4.700310530000e-03 1.560129050000e+00 9.736016510000e-04
4.700310530000e-03 1.563338280000e+00 9.972210970000e-04
4.862427710000e-03 1.567617300000e+00 1.024795460000e-03
4.862427710000e-03 1.571254370000e+00 1.051936180000e-03
4.943482580000e-03 1.574677590000e+00 1.077830910000e-03
5.105599760000e-03 1.578100800000e+00 1.102371490000e-03
5.105599760000e-03 1.582165840000e+00 1.129241430000e-03
5.186662080000e-03 1.585589050000e+00 1.155027770000e-03
5.348779260000e-03 1.589226250000e+00 1.180597700000e-03
5.429841580000e-03 1.592649460000e+00 1.205950740000e-03
5.429841580000e-03 1.596072550000e+00 1.232658160000e-03
5.591958760000e-03 1.599709750000e+00 1.257361150000e-03
5.673013630000e-03 1.602918980000e+00 1.282876710000e-03
5.673013630000e-03 1.606556180000e+00 1.306875490000e-03
5.754075940000e-03 1.609979390000e+00 1.331957760000e-03
5.916193130000e-03 1.613188620000e+00 1.356227210000e-03
5.997247990000e-03 1.616611720000e+00 1.380334380000e-03
5.997247990000e-03 1.619821070000e+00 1.402057940000e-03
6.078310310000e-03 1.623458150000e+00 1.427031820000e-03
6.159365180000e-03 1.627095340000e+00 1.451518040000e-03
6.240427490000e-03 1.630518560000e+00 1.476437780000e-03
6.321482360000e-03 1.633299830000e+00 1.500653220000e-03
6.402544680000e-03 1.636937020000e+00 1.527198120000e-03
6.564661860000e-03 1.640360240000e+00 1.552334520000e-03
6.564661860000e-03 1.643569470000e+00 1.577633320000e-03
6.645716730000e-03 1.646778700000e+00 1.601361200000e-03
6.726779040000e-03 1.650201920000e+00 1.626876880000e-03
6.888896230000e-03 1.653411150000e+00 1.651308960000e-03
6.969951090000e-03 1.656834360000e+00 1.676336980000e-03
7.051013410000e-03 1.659829620000e+00 1.699469050000e-03
7.051013410000e-03 1.663252830000e+00 1.724876350000e-03
7.132075730000e-03 1.666248080000e+00 1.748874900000e-03
7.294192910000e-03 1.669457320000e+00 1.773361350000e-03
7.375247780000e-03 1.672666670000e+00 1.797197500000e-03
7.375247780000e-03 1.676089760000e+00 1.821792220000e-03
7.456310090000e-03 1.679085140000e+00 1.845249210000e-03
7.537364960000e-03 1.682294370000e+00 1.868977210000e-03
7.618427280000e-03 1.685075760000e+00 1.891188210000e-03
7.699482140000e-03 1.688284990000e+00 1.915132740000e-03
7.780544460000e-03 1.691708210000e+00 1.939185660000e-03
7.780544460000e-03 1.694489480000e+00 1.962480140000e-03
7.942661640000e-03 1.697270870000e+00 1.985232810000e-03
8.023716510000e-03 1.700694080000e+00 2.010206690000e-03
8.185833690000e-03 1.704331160000e+00 2.033934700000e-03
8.185833690000e-03 1.707112550000e+00 2.057824980000e-03
8.347950880000e-03 1.710535760000e+00 2.081986280000e-03
8.429013190000e-03 1.713317040000e+00 2.105985070000e-03
8.429013190000e-03 1.716098430000e+00 2.129821340000e-03
8.510068060000e-03 1.719093800000e+00 2.153224080000e-03
8.591130380000e-03 1.722517010000e+00 2.173918300000e-03
8.672185240000e-03 1.725940230000e+00 2.198512900000e-03
8.834302430000e-03 1.727223870000e+00 2.220940780000e-03
8.834302430000e-03 1.731716870000e+00 2.243801950000e-03
8.915364740000e-03 1.735139850000e+00 2.265362770000e-03
8.996419610000e-03 1.736423730000e+00 2.288115440000e-03
9.077481930000e-03 1.739418980000e+00 2.311247630000e-03
9.158544240000e-03 1.743911980000e+00 2.333241750000e-03
9.239599110000e-03 1.746907230000e+00 2.355236330000e-03
9.401716290000e-03 1.748618840000e+00 2.379289130000e-03
9.482778610000e-03 1.752255920000e+00 2.379289130000e-03
9.482778610000e-03 1.755251170000e+00 2.446934810000e-03
9.563833480000e-03 1.758246420000e+00 2.462062520000e-03
9.644895790000e-03 1.760813950000e+00 2.482593060000e-03
9.725950660000e-03 1.763809200000e+00 2.499341500000e-03
9.725950660000e-03 1.764237170000e+00 2.497721000000e-03
9.888067840000e-03 1.766376730000e+00 2.520412440000e-03
9.969130160000e-03 1.769371990000e+00 2.540403280000e-03
9.969130160000e-03 1.772367240000e+00 2.564175520000e-03
1.005018500000e-02 1.775576350000e+00 2.584706060000e-03
1.013124730000e-02 1.778357740000e+00 2.608478300000e-03
1.021230220000e-02 1.780711170000e+00 2.627928740000e-03
1.029336450000e-02 1.784134390000e+00 2.647379180000e-03
1.045548170000e-02 1.786701920000e+00 2.670070620000e-03
1.045548170000e-02 1.789911030000e+00 2.688440260000e-03
1.061759890000e-02 1.792692420000e+00 2.707890470000e-03
1.061759890000e-02 1.795687680000e+00 2.732203110000e-03
1.069865380000e-02 1.798255210000e+00 2.750032350000e-03
1.077971610000e-02 1.801250460000e+00 2.775965720000e-03
1.086077090000e-02 1.803603890000e+00 2.795415930000e-03
1.094183330000e-02 1.806813240000e+00 2.818107370000e-03
1.110395040000e-02 1.809380530000e+00 2.836477010000e-03
1.110395040000e-02 1.812161920000e+00 2.857007550000e-03
1.118501280000e-02 1.814943310000e+00 2.875377190000e-03
1.126606760000e-02 1.817724470000e+00 2.896988530000e-03
1.134712990000e-02 1.820292000000e+00 2.915358170000e-03
1.134712990000e-02 1.823073390000e+00 2.935888710000e-03
1.150924710000e-02 1.825640680000e+00 2.951016420000e-03
1.159030200000e-02 1.828850030000e+00 2.972087360000e-03
1.167136430000e-02 1.831203460000e+00 2.989376900000e-03
1.175241920000e-02 1.834198710000e+00 3.012068340000e-03
1.183348150000e-02 1.836766000000e+00 3.029897580000e-03
1.191453640000e-02 1.839547400000e+00 3.049888420000e-03
1.207665350000e-02 1.842542650000e+00 3.066096450000e-03
1.215771590000e-02 1.845110180000e+00 3.085546660000e-03
1.215771590000e-02 1.847891570000e+00 3.104997100000e-03
1.223877070000e-02 1.850458860000e+00 3.121205140000e-03
1.240088790000e-02 1.853026390000e+00 3.142276080000e-03
1.240088790000e-02 1.855807540000e+00 3.162806620000e-03
1.248195020000e-02 1.858375070000e+00 3.181716660000e-03
1.256300510000e-02 1.860942360000e+00 3.201707500000e-03
1.272512230000e-02 1.863937620000e+00 3.222778210000e-03
1.280618460000e-02 1.866505150000e+00 3.244389550000e-03
1.280618460000e-02 1.868858580000e+00 3.263298890000e-03
1.296830180000e-02 1.871639970000e+00 3.285450630000e-03
1.304936410000e-02 1.874207260000e+00 3.301659370000e-03
1.313041900000e-02 1.876988650000e+00 3.321109110000e-03
1.321148130000e-02 1.879128220000e+00 3.337317840000e-03
1.321148130000e-02 1.882551430000e+00 3.355687480000e-03
1.329253610000e-02 1.884690760000e+00 3.375137220000e-03
1.337359850000e-02 1.887044190000e+00 3.395127830000e-03
1.345465330000e-02 1.890039680000e+00 3.410796170000e-03
1.361677050000e-02 1.892606970000e+00 3.429165810000e-03
1.361677050000e-02 1.894960400000e+00 3.445373850000e-03
1.369783280000e-02 1.897313830000e+00 3.462122750000e-03
1.385995000000e-02 1.900095220000e+00 3.478330790000e-03
1.394100490000e-02 1.902662520000e+00 3.497781230000e-03
1.402206720000e-02 1.905230050000e+00 3.512909170000e-03
1.402206720000e-02 1.908011440000e+00 3.531278580000e-03
1.410312210000e-02 1.910578730000e+00 3.549648220000e-03
1.426523920000e-02 1.913146260000e+00 3.569097960000e-03
1.426523920000e-02 1.915713550000e+00 3.587467600000e-03
1.442735640000e-02 1.918281080000e+00 3.605296840000e-03
1.450841870000e-02 1.921062230000e+00 3.622045970000e-03
1.450841870000e-02 1.923629760000e+00 3.636633280000e-03
1.458947360000e-02 1.926197050000e+00 3.655002920000e-03
1.467053590000e-02 1.928550480000e+00 3.667969960000e-03
1.475159080000e-02 1.931118010000e+00 3.686339360000e-03
1.483265310000e-02 1.933471440000e+00 3.697685200000e-03
1.491370800000e-02 1.936038730000e+00 3.713893940000e-03
1.499477030000e-02 1.938606260000e+00 3.727400440000e-03
1.507583260000e-02 1.941173550000e+00 3.741447580000e-03
1.515688750000e-02 1.943526980000e+00 3.754955020000e-03
1.523794980000e-02 1.945880410000e+00 3.771163520000e-03
1.540006700000e-02 1.948447940000e+00 3.783049760000e-03
1.540006700000e-02 1.951015230000e+00 3.798177470000e-03
1.548112180000e-02 1.953582760000e+00 3.811143800000e-03
1.556218420000e-02 1.956150050000e+00 3.826812140000e-03
1.572430130000e-02 1.958717580000e+00 3.841940080000e-03
1.564323900000e-02 1.961071010000e+00 3.857067790000e-03
1.580535620000e-02 1.963638310000e+00 3.871115620000e-03
1.588641850000e-02 1.965991740000e+00 3.884622130000e-03
1.596747340000e-02 1.968559270000e+00 3.899209670000e-03
1.604853570000e-02 1.970698600000e+00 3.911636300000e-03
1.612959060000e-02 1.973693850000e+00 3.924603110000e-03
1.621065290000e-02 1.975833420000e+00 3.938110550000e-03
1.629170780000e-02 1.978400950000e+00 3.949456380000e-03
1.637277010000e-02 1.980754380000e+00 3.961882550000e-03
1.653488730000e-02 1.983107810000e+00 3.972688220000e-03
1.661594210000e-02 1.985461240000e+00 3.987816160000e-03
1.669700440000e-02 1.988028530000e+00 3.998081670000e-03
1.669700440000e-02 1.990381960000e+00 4.009427040000e-03
1.677805930000e-02 1.992735390000e+00 4.027796910000e-03
1.694017650000e-02 1.995302920000e+00 4.039142750000e-03
1.694017650000e-02 1.997870210000e+00 4.055891650000e-03
1.702123880000e-02 2.000009780000e+00 4.068857990000e-03
1.718335600000e-02 2.002791170000e+00 4.081284630000e-03
1.710230110000e-02 2.004930730000e+00 4.093170630000e-03
1.726441830000e-02 2.007711890000e+00 4.104516930000e-03
1.734547320000e-02 2.010065320000e+00 4.114241340000e-03
1.742653550000e-02 2.012632850000e+00 4.126127810000e-03
1.758865270000e-02 2.014986280000e+00 4.138014280000e-03
1.766970750000e-02 2.016911750000e+00 4.150980620000e-03
1.766970750000e-02 2.019265170000e+00 4.162326920000e-03
1.775076990000e-02 2.021832700000e+00 4.174753090000e-03
1.783182470000e-02 2.024400000000e+00 4.184477960000e-03
1.791288700000e-02 2.026753430000e+00 4.196364430000e-03
1.807500420000e-02 2.028892990000e+00 4.203928630000e-03
1.807500420000e-02 2.031246420000e+00 4.215814640000e-03
1.823712140000e-02 2.033813950000e+00 4.227160480000e-03
1.823712140000e-02 2.035739420000e+00 4.239046480000e-03
1.831817630000e-02 2.038092850000e+00 4.251473120000e-03
1.848029350000e-02 2.040874240000e+00 4.261738620000e-03
1.856135580000e-02 2.043013570000e+00 4.271463030000e-03
1.864241060000e-02 2.045367240000e+00 4.280108490000e-03
1.864241060000e-02 2.047720670000e+00 4.286051260000e-03
1.872347300000e-02 2.050074100000e+00 4.295775670000e-03
1.880452780000e-02 2.052427530000e+00 4.304421130000e-03
1.888559010000e-02 2.054566860000e+00 4.314685710000e-03
1.896665250000e-02 2.056920530000e+00 4.322790540000e-03
1.904770730000e-02 2.059487820000e+00 4.331435080000e-03
1.912876960000e-02 2.061627390000e+00 4.340079150000e-03
1.912876960000e-02 2.061627390000e+00 4.339538980000e-03
1.920982450000e-02 2.064408780000e+00 4.348723680000e-03
1.929088680000e-02 2.066548110000e+00 4.357908390000e-03
1.937194170000e-02 2.069115640000e+00 4.370875660000e-03
1.953405890000e-02 2.071469070000e+00 4.380060360000e-03
