#  J [A] 	 V 	 L [w] 
1.610219480000e-04 7.212162020000e-06 -1.933948330000e-09
1.610219480000e-04 7.212162020000e-06 -1.987671360000e-09
1.610219480000e-04 7.212162020000e-06 -2.041355750000e-09
1.610219480000e-04 7.212162020000e-06 -1.880225530000e-09
7.995963100000e-05 -2.067387100000e-04 -1.987671360000e-09
1.610219480000e-04 7.212162020000e-06 -1.880225530000e-09
1.610219480000e-04 7.212162020000e-06 -1.933948330000e-09
1.610219480000e-04 7.212162020000e-06 -1.987671360000e-09
1.610219480000e-04 3.996653850000e-01 -1.987671360000e-09
3.231391310000e-04 1.188070420000e+00 8.535596980000e-07
2.420768140000e-04 1.198339940000e+00 1.061766060000e-06
4.041939970000e-04 1.230004550000e+00 1.981666170000e-06
4.041939970000e-04 1.253752950000e+00 1.981666170000e-06
5.663111810000e-04 1.272580500000e+00 3.846749680000e-06
6.473734970000e-04 1.289054630000e+00 4.827759770000e-06
7.284283640000e-04 1.303817150000e+00 5.739044810000e-06
8.094906810000e-04 1.317082050000e+00 6.670329640000e-06
8.094906810000e-04 1.327993510000e+00 7.497837490000e-06
9.716078640000e-04 1.340402600000e+00 8.499927390000e-06
9.716078640000e-04 1.350672250000e+00 9.473910720000e-06
1.133725050000e-03 1.360727790000e+00 1.048086510000e-05
1.133725050000e-03 1.370141630000e+00 1.152619460000e-05
1.295842230000e-03 1.379341480000e+00 1.268124650000e-05
1.376904550000e-03 1.387685540000e+00 1.397358480000e-05
1.457959410000e-03 1.396029590000e+00 1.562752000000e-05
1.539021730000e-03 1.403517840000e+00 1.817490370000e-05
1.539021730000e-03 1.410792110000e+00 1.817490370000e-05
1.620076600000e-03 1.416568760000e+00 6.202294750000e-05
1.782193780000e-03 1.422559380000e+00 9.057827260000e-05
1.863256100000e-03 1.427908060000e+00 1.182148920000e-04
1.944310960000e-03 1.433898690000e+00 1.476727050000e-04
2.025373280000e-03 1.439461350000e+00 1.778384180000e-04
2.025373280000e-03 1.444596170000e+00 2.084365260000e-04
2.187490460000e-03 1.449517010000e+00 2.365108670000e-04
2.187490460000e-03 1.454865690000e+00 2.365108670000e-04
2.349607650000e-03 1.459786530000e+00 3.011490630000e-04
2.349607650000e-03 1.464921360000e+00 3.305109280000e-04
2.511724830000e-03 1.469628330000e+00 3.597103060000e-04
2.511724830000e-03 1.474977020000e+00 3.903181640000e-04
2.592779700000e-03 1.479683880000e+00 4.204927540000e-04
2.754896880000e-03 1.484390850000e+00 4.500171340000e-04
2.835959200000e-03 1.488883730000e+00 4.770495580000e-04
2.917014060000e-03 1.493590590000e+00 5.066823210000e-04
2.917014060000e-03 1.498297570000e+00 5.357734040000e-04
3.079131250000e-03 1.503004430000e+00 5.649728120000e-04
3.079131250000e-03 1.507497430000e+00 5.929803590000e-04
3.241255880000e-03 1.511776330000e+00 6.217463520000e-04
3.322310750000e-03 1.515841480000e+00 6.505665370000e-04
3.322310750000e-03 1.520334360000e+00 6.797116950000e-04
3.484427930000e-03 1.524613380000e+00 7.077193000000e-04
3.484427930000e-03 1.529106260000e+00 7.388688390000e-04
3.646545110000e-03 1.533599260000e+00 7.700185520000e-04
3.646545110000e-03 1.537664290000e+00 8.003555700000e-04
3.808662300000e-03 1.541943310000e+00 8.297716270000e-04
3.808662300000e-03 1.546008350000e+00 8.611378730000e-04
3.970779480000e-03 1.550287370000e+00 8.912040500000e-04
3.970779480000e-03 1.554352400000e+00 9.209451960000e-04
4.132896660000e-03 1.558417440000e+00 9.489528020000e-04
4.132896660000e-03 1.562482480000e+00 9.799398250000e-04
4.295013840000e-03 1.566547510000e+00 1.009464260000e-03
4.376076160000e-03 1.570612550000e+00 1.037959480000e-03
4.457131030000e-03 1.574249740000e+00 1.066237920000e-03
4.538193350000e-03 1.578314780000e+00 1.095491460000e-03
4.538193350000e-03 1.582379820000e+00 1.122198880000e-03
4.619248210000e-03 1.586017010000e+00 1.149881400000e-03
4.781365390000e-03 1.589440110000e+00 1.176480440000e-03
4.862427710000e-03 1.593505140000e+00 1.206221640000e-03
4.862427710000e-03 1.597356320000e+00 1.234500090000e-03
4.943482580000e-03 1.601635340000e+00 1.262886800000e-03
5.024544890000e-03 1.605272410000e+00 1.291436140000e-03
5.105599760000e-03 1.608695630000e+00 1.321935680000e-03
5.186662080000e-03 1.612546680000e+00 1.350484900000e-03
5.267724390000e-03 1.616397860000e+00 1.380117730000e-03
5.429841580000e-03 1.619607090000e+00 1.408233660000e-03
5.429841580000e-03 1.623244170000e+00 1.436132940000e-03
5.591958760000e-03 1.627095340000e+00 1.463165270000e-03
5.673013630000e-03 1.630732420000e+00 1.490360240000e-03
5.673013630000e-03 1.634155630000e+00 1.517338450000e-03
5.835130810000e-03 1.637578850000e+00 1.545020960000e-03
5.916193130000e-03 1.641216040000e+00 1.572866110000e-03
5.916193130000e-03 1.644639250000e+00 1.601198690000e-03
6.078310310000e-03 1.648276330000e+00 1.625793400000e-03
6.078310310000e-03 1.651485560000e+00 1.655913770000e-03
6.159365180000e-03 1.654908780000e+00 1.685221450000e-03
6.240427490000e-03 1.658545970000e+00 1.713499890000e-03
6.321482360000e-03 1.661755200000e+00 1.740640730000e-03
6.483599540000e-03 1.665606260000e+00 1.769569240000e-03
6.483599540000e-03 1.669029470000e+00 1.797197500000e-03
6.645716730000e-03 1.672666670000e+00 1.826017750000e-03
6.645716730000e-03 1.675447940000e+00 1.851316660000e-03
6.726779040000e-03 1.679512980000e+00 1.880732830000e-03
6.807833910000e-03 1.682936190000e+00 1.909769610000e-03
6.969951090000e-03 1.685717580000e+00 1.937831400000e-03
7.051013410000e-03 1.689140800000e+00 1.963834510000e-03
7.051013410000e-03 1.692563890000e+00 1.991354630000e-03
7.213130590000e-03 1.695559260000e+00 2.018657980000e-03
7.294192910000e-03 1.699410320000e+00 2.044660970000e-03
7.375247780000e-03 1.702191710000e+00 2.070880960000e-03
7.456310090000e-03 1.705400940000e+00 2.099430190000e-03
7.456310090000e-03 1.708610180000e+00 2.124945630000e-03
7.537364960000e-03 1.712247370000e+00 2.151057120000e-03
7.618427280000e-03 1.714600800000e+00 2.176952080000e-03
7.699482140000e-03 1.718879700000e+00 2.203063570000e-03
7.780544460000e-03 1.721661090000e+00 2.227712420000e-03
7.942661640000e-03 1.725084300000e+00 2.254094700000e-03
7.942661640000e-03 1.727223870000e+00 2.277335150000e-03
7.942661640000e-03 1.730647090000e+00 2.302688080000e-03
8.104778830000e-03 1.734712120000e+00 2.327445200000e-03
8.185833690000e-03 1.737279420000e+00 2.352202310000e-03
8.185833690000e-03 1.740060810000e+00 2.375713550000e-03
8.510068060000e-03 1.743270160000e+00 2.375713550000e-03
8.510068060000e-03 1.747335200000e+00 2.446934810000e-03
8.591130380000e-03 1.750116350000e+00 2.464763820000e-03
8.591130380000e-03 1.752469780000e+00 2.485834760000e-03
8.672185240000e-03 1.755465270000e+00 2.509607230000e-03
8.834302430000e-03 1.758888480000e+00 2.533919880000e-03
8.915364740000e-03 1.762525560000e+00 2.559313320000e-03
8.996419610000e-03 1.765092850000e+00 2.582545160000e-03
9.158544240000e-03 1.768302200000e+00 2.607938600000e-03
9.158544240000e-03 1.771297450000e+00 2.633331340000e-03
9.239599110000e-03 1.774292710000e+00 2.659265180000e-03
9.320661430000e-03 1.777074100000e+00 2.684657930000e-03
9.401716290000e-03 1.780497310000e+00 2.711672100000e-03
9.401716290000e-03 1.783492570000e+00 2.737605940000e-03
9.563833480000e-03 1.786060090000e+00 2.764619890000e-03
9.644895790000e-03 1.789269210000e+00 2.788392130000e-03
9.644895790000e-03 1.792264460000e+00 2.814865670000e-03
9.807012980000e-03 1.795473810000e+00 2.840259110000e-03
9.725950660000e-03 1.795045850000e+00 2.839178310000e-03
9.807012980000e-03 1.798041110000e+00 2.864571750000e-03
9.969130160000e-03 1.800822500000e+00 2.886723490000e-03
9.969130160000e-03 1.804031850000e+00 2.911036140000e-03
1.013124730000e-02 1.807027100000e+00 2.932647010000e-03
1.013124730000e-02 1.810022350000e+00 2.958580850000e-03
1.021230220000e-02 1.812803750000e+00 2.979111390000e-03
1.029336450000e-02 1.815585140000e+00 3.004504830000e-03
1.037441940000e-02 1.818580390000e+00 3.028277070000e-03
1.053653660000e-02 1.821361780000e+00 3.052589720000e-03
1.053653660000e-02 1.824143170000e+00 3.074201060000e-03
1.061759890000e-02 1.827138420000e+00 3.099053400000e-03
1.077971610000e-02 1.829705720000e+00 3.123906440000e-03
1.086077090000e-02 1.833128930000e+00 3.146058180000e-03
1.094183330000e-02 1.835696460000e+00 3.169290020000e-03
1.102288810000e-02 1.838477610000e+00 3.191982160000e-03
1.102288810000e-02 1.841259000000e+00 3.217374910000e-03
1.118501280000e-02 1.844040390000e+00 3.238445850000e-03
1.118501280000e-02 1.846607690000e+00 3.259517490000e-03
1.126606760000e-02 1.849603180000e+00 3.286531430000e-03
1.142818480000e-02 1.852598430000e+00 3.309763270000e-03
1.134712990000e-02 1.855593680000e+00 3.333535740000e-03
1.150924710000e-02 1.858160970000e+00 3.357307990000e-03
1.167136430000e-02 1.860728500000e+00 3.381620630000e-03
1.175241920000e-02 1.863723750000e+00 3.403231970000e-03
1.183348150000e-02 1.866077180000e+00 3.425383710000e-03
1.191453640000e-02 1.869072440000e+00 3.448615550000e-03
1.191453640000e-02 1.871639970000e+00 3.468065990000e-03
1.207665350000e-02 1.874421360000e+00 3.490757430000e-03
1.207665350000e-02 1.877202510000e+00 3.513989970000e-03
1.215771590000e-02 1.879983900000e+00 3.532358910000e-03
1.231983300000e-02 1.882551430000e+00 3.556131620000e-03
1.231983300000e-02 1.885546680000e+00 3.575581590000e-03
1.240088790000e-02 1.887900110000e+00 3.596652300000e-03
1.248195020000e-02 1.890467410000e+00 3.617182840000e-03
1.264406740000e-02 1.893462900000e+00 3.636633280000e-03
1.264406740000e-02 1.896244050000e+00 3.659865120000e-03
1.272512230000e-02 1.899025440000e+00 3.684177760000e-03
1.288723950000e-02 1.901592970000e+00 3.701467300000e-03
1.288723950000e-02 1.904160260000e+00 3.723618340000e-03
1.304936410000e-02 1.906941650000e+00 3.744689280000e-03
1.304936410000e-02 1.909508940000e+00 3.766300620000e-03
1.321148130000e-02 1.912076470000e+00 3.783049760000e-03
1.329253610000e-02 1.914857860000e+00 3.806281600000e-03
1.337359850000e-02 1.917425160000e+00 3.825732040000e-03
1.345465330000e-02 1.920206550000e+00 3.846802980000e-03
1.345465330000e-02 1.922773840000e+00 3.863551190000e-03
1.353571560000e-02 1.925341370000e+00 3.884622130000e-03
1.361677050000e-02 1.928122760000e+00 3.902991770000e-03
1.369783280000e-02 1.930690050000e+00 3.922982610000e-03
1.377888770000e-02 1.933257340000e+00 3.939731050000e-03
1.385995000000e-02 1.935824870000e+00 3.958641090000e-03
1.394100490000e-02 1.938820120000e+00 3.978090830000e-03
1.402206720000e-02 1.941173550000e+00 3.993758930000e-03
1.418418440000e-02 1.943741080000e+00 4.013209600000e-03
1.418418440000e-02 1.946736340000e+00 4.033199510000e-03
1.426523920000e-02 1.949089770000e+00 4.051028750000e-03
1.434630160000e-02 1.951657060000e+00 4.072640090000e-03
1.442735640000e-02 1.954438450000e+00 4.090469330000e-03
1.450841870000e-02 1.956791880000e+00 4.112620840000e-03
1.467053590000e-02 1.959573270000e+00 4.132070580000e-03
1.475159080000e-02 1.962140560000e+00 4.150980620000e-03
1.475159080000e-02 1.964494230000e+00 4.167189360000e-03
1.491370800000e-02 1.967275380000e+00 4.186099400000e-03
1.499477030000e-02 1.969414950000e+00 4.202847830000e-03
1.499477030000e-02 1.972410200000e+00 4.220136440000e-03
1.507583260000e-02 1.974549770000e+00 4.234724680000e-03
1.523794980000e-02 1.977117060000e+00 4.255255220000e-03
1.523794980000e-02 1.979684590000e+00 4.270383160000e-03
1.531900470000e-02 1.982251880000e+00 4.287131600000e-03
1.548112180000e-02 1.984819410000e+00 4.303880500000e-03
1.548112180000e-02 1.987172840000e+00 4.322249910000e-03
1.564323900000e-02 1.989740130000e+00 4.338458180000e-03
1.564323900000e-02 1.992307660000e+00 4.357908390000e-03
1.580535620000e-02 1.994661090000e+00 4.374656830000e-03
1.580535620000e-02 1.997228380000e+00 4.393026700000e-03
1.596747340000e-02 1.999581810000e+00 4.412476900000e-03
1.596747340000e-02 2.002363200000e+00 4.431386940000e-03
1.612959060000e-02 2.004716630000e+00 4.450836680000e-03
1.621065290000e-02 2.007070060000e+00 4.470286890000e-03
1.621065290000e-02 2.009637590000e+00 4.487575960000e-03
1.629170780000e-02 2.011991020000e+00 4.504864570000e-03
1.637277010000e-02 2.013916490000e+00 4.519992510000e-03
1.645382490000e-02 2.016697880000e+00 4.539983350000e-03
1.653488730000e-02 2.019051310000e+00 4.554030490000e-03
1.669700440000e-02 2.021832700000e+00 4.570239220000e-03
1.677805930000e-02 2.023972270000e+00 4.585366700000e-03
1.677805930000e-02 2.026539560000e+00 4.603195940000e-03
1.685912160000e-02 2.029106860000e+00 4.618323870000e-03
1.694017650000e-02 2.031246420000e+00 4.636153110000e-03
1.702123880000e-02 2.033813950000e+00 4.651821220000e-03
1.710230110000e-02 2.036167380000e+00 4.669110290000e-03
1.718335600000e-02 2.038734670000e+00 4.683697600000e-03
1.726441830000e-02 2.041302200000e+00 4.703148270000e-03
1.734547320000e-02 2.043441530000e+00 4.718275740000e-03
1.742653550000e-02 2.046222930000e+00 4.736645610000e-03
1.750759040000e-02 2.048148390000e+00 4.752854350000e-03
1.758865270000e-02 2.050929780000e+00 4.770683590000e-03
1.766970750000e-02 2.052855490000e+00 4.782569590000e-03
1.775076990000e-02 2.055422780000e+00 4.794455600000e-03
1.791288700000e-02 2.057776210000e+00 4.809583540000e-03
1.799394190000e-02 2.060343500000e+00 4.821469540000e-03
1.799394190000e-02 2.062697170000e+00 4.832815380000e-03
1.815605910000e-02 2.064622640000e+00 4.844161220000e-03
1.815605910000e-02 2.067189930000e+00 4.856587850000e-03
1.823712140000e-02 2.069757460000e+00 4.869014020000e-03
1.831817630000e-02 2.071682930000e+00 4.880359860000e-03
1.839923860000e-02 2.074250460000e+00 4.893867300000e-03
1.856135580000e-02 2.076603890000e+00 4.904672500000e-03
1.856135580000e-02 2.078957320000e+00 4.918720110000e-03
1.864241060000e-02 2.080882790000e+00 4.930606580000e-03
1.864241060000e-02 2.083878040000e+00 4.942492580000e-03
1.880452780000e-02 2.085803750000e+00 4.957620520000e-03
1.888559010000e-02 2.088157180000e+00 4.971127960000e-03
1.896665250000e-02 2.090724470000e+00 4.982473330000e-03
1.912876960000e-02 2.093077900000e+00 4.994899970000e-03
1.912876960000e-02 2.095431330000e+00 5.007866300000e-03
1.912876960000e-02 2.095431330000e+00 5.007326600000e-03
1.929088680000e-02 2.097784760000e+00 5.019752310000e-03
1.929088680000e-02 2.099924330000e+00 5.029477640000e-03
1.945300400000e-02 2.102277760000e+00 5.042985080000e-03
1.953405890000e-02 2.104845290000e+00 5.053790290000e-03
