#  J [A] 	 V 	 L [w] 
1.610219480000e-04 7.212162020000e-06 -1.987671360000e-09
1.610219480000e-04 7.212162020000e-06 -1.933948330000e-09
1.610219480000e-04 7.212162020000e-06 -1.880225530000e-09
1.610219480000e-04 7.212162020000e-06 -2.041355750000e-09
7.995963100000e-05 7.212162020000e-06 -1.933948330000e-09
1.610219480000e-04 7.212162020000e-06 -1.933948330000e-09
1.610219480000e-04 7.212162020000e-06 -1.880225530000e-09
7.995963100000e-05 7.212162020000e-06 -2.041355750000e-09
2.420768140000e-04 3.108762200000e-01 -1.933948330000e-09
3.231391310000e-04 1.168173070000e+00 8.551713220000e-07
2.420768140000e-04 1.193633080000e+00 1.033457350000e-06
4.041939970000e-04 1.225083710000e+00 1.926123100000e-06
4.852563140000e-04 1.248618130000e+00 1.926123100000e-06
4.852563140000e-04 1.266589880000e+00 3.736487770000e-06
5.663111810000e-04 1.283277990000e+00 4.641286980000e-06
6.473734970000e-04 1.297398690000e+00 5.532033360000e-06
8.094906810000e-04 1.310449600000e+00 6.420617860000e-06
8.905455470000e-04 1.321147080000e+00 7.211371210000e-06
9.716078640000e-04 1.332700370000e+00 8.155087020000e-06
1.052662730000e-03 1.343611840000e+00 9.062589020000e-06
1.052662730000e-03 1.353453520000e+00 1.000684460000e-05
1.214787360000e-03 1.362653370000e+00 1.094353410000e-05
1.295842230000e-03 1.371639250000e+00 1.195481310000e-05
1.295842230000e-03 1.380411270000e+00 1.303635510000e-05
1.376904550000e-03 1.388113380000e+00 1.426545620000e-05
1.457959410000e-03 1.395387650000e+00 1.567562320000e-05
1.620076600000e-03 1.403089880000e+00 1.849109500000e-05
1.701138910000e-03 1.409508350000e+00 1.849109500000e-05
1.701138910000e-03 1.415498970000e+00 6.212022710000e-05
1.863256100000e-03 1.421061640000e+00 8.718449680000e-05
1.863256100000e-03 1.426624420000e+00 1.136700300000e-04
1.944310960000e-03 1.432187080000e+00 1.396421870000e-04
2.106428150000e-03 1.437535760000e+00 1.658575200000e-04
2.187490460000e-03 1.442456600000e+00 1.911703730000e-04
2.187490460000e-03 1.447805400000e+00 2.220062020000e-04
2.349607650000e-03 1.452940230000e+00 2.220062020000e-04
2.349607650000e-03 1.457861070000e+00 2.831635070000e-04
2.430662510000e-03 1.462781910000e+00 3.114419520000e-04
2.592779700000e-03 1.467488770000e+00 3.419956480000e-04
2.592779700000e-03 1.472195630000e+00 3.715201160000e-04
2.673842010000e-03 1.477116470000e+00 4.008819520000e-04
2.754896880000e-03 1.480967640000e+00 4.284562020000e-04
2.835959200000e-03 1.485888480000e+00 4.586307040000e-04
2.998076380000e-03 1.490381360000e+00 4.870716070000e-04
3.079131250000e-03 1.494874360000e+00 5.161085280000e-04
3.079131250000e-03 1.499367240000e+00 5.433576300000e-04
3.160193560000e-03 1.503860240000e+00 5.727195530000e-04
3.241255880000e-03 1.508139250000e+00 6.012147060000e-04
3.403373060000e-03 1.512418270000e+00 6.292764450000e-04
3.403373060000e-03 1.516483310000e+00 6.575548900000e-04
3.484427930000e-03 1.521190170000e+00 6.887044290000e-04
3.565490250000e-03 1.525683160000e+00 7.179038950000e-04
3.646545110000e-03 1.529748200000e+00 7.477532490000e-04
3.727607430000e-03 1.533599260000e+00 7.758151040000e-04
3.889724610000e-03 1.537878270000e+00 8.045810970000e-04
3.889724610000e-03 1.541943310000e+00 8.324261290000e-04
3.970779480000e-03 1.546222330000e+00 8.607586500000e-04
4.132896660000e-03 1.549859400000e+00 8.871411560000e-04
4.132896660000e-03 1.554138420000e+00 9.163946960000e-04
4.213958980000e-03 1.557775620000e+00 9.446732000000e-04
4.376076160000e-03 1.562054630000e+00 9.751184260000e-04
4.376076160000e-03 1.565691710000e+00 1.004155380000e-03
4.538193350000e-03 1.569756750000e+00 1.034871680000e-03
4.538193350000e-03 1.573393940000e+00 1.064396000000e-03
4.619248210000e-03 1.577458980000e+00 1.094516370000e-03
4.700310530000e-03 1.580882190000e+00 1.122090500000e-03
4.862427710000e-03 1.584947230000e+00 1.153023450000e-03
4.943482580000e-03 1.588370440000e+00 1.182060340000e-03
5.024544890000e-03 1.592435480000e+00 1.212830660000e-03
5.105599760000e-03 1.595858690000e+00 1.241325870000e-03
5.186662080000e-03 1.599709750000e+00 1.270579410000e-03
5.267724390000e-03 1.603346940000e+00 1.299345400000e-03
5.267724390000e-03 1.606984020000e+00 1.327461210000e-03
5.348779260000e-03 1.610621210000e+00 1.353897850000e-03
5.429841580000e-03 1.614472270000e+00 1.383259780000e-03
5.510896440000e-03 1.617681500000e+00 1.411863250000e-03
5.591958760000e-03 1.621532680000e+00 1.440249970000e-03
5.673013630000e-03 1.625169750000e+00 1.466632470000e-03
5.754075940000e-03 1.627951150000e+00 1.495019180000e-03
5.835130810000e-03 1.632230160000e+00 1.522539180000e-03
5.997247990000e-03 1.635439400000e+00 1.549950800000e-03
6.078310310000e-03 1.639076470000e+00 1.574870550000e-03
6.078310310000e-03 1.641857860000e+00 1.603528160000e-03
6.078310310000e-03 1.646136880000e+00 1.631048160000e-03
6.240427490000e-03 1.649132130000e+00 1.662306140000e-03
6.402544680000e-03 1.651913520000e+00 1.689284460000e-03
6.483599540000e-03 1.655550600000e+00 1.717508650000e-03
6.483599540000e-03 1.660043600000e+00 1.744107690000e-03
6.564661860000e-03 1.663038850000e+00 1.770165170000e-03
6.645716730000e-03 1.665178420000e+00 1.795301560000e-03
6.726779040000e-03 1.670099260000e+00 1.822225630000e-03
6.807833910000e-03 1.672880530000e+00 1.848282870000e-03
6.969951090000e-03 1.676089760000e+00 1.874719510000e-03
6.969951090000e-03 1.679085140000e+00 1.899964180000e-03
7.051013410000e-03 1.682722210000e+00 1.926129800000e-03
7.213130590000e-03 1.685503600000e+00 1.952295540000e-03
7.132075730000e-03 1.689140800000e+00 1.978461160000e-03
7.213130590000e-03 1.692350030000e+00 2.002189170000e-03
7.375247780000e-03 1.695559260000e+00 2.029600790000e-03
7.456310090000e-03 1.698982480000e+00 2.056145570000e-03
7.537364960000e-03 1.702191710000e+00 2.081607240000e-03
7.699482140000e-03 1.705614920000e+00 2.106147590000e-03
7.780544460000e-03 1.708824160000e+00 2.131988290000e-03
7.780544460000e-03 1.712033390000e+00 2.157503740000e-03
7.861599330000e-03 1.715028640000e+00 2.182965400000e-03
7.942661640000e-03 1.717809920000e+00 2.207614020000e-03
8.023716510000e-03 1.721233130000e+00 2.233508970000e-03
8.104778830000e-03 1.724014520000e+00 2.258591120000e-03
8.185833690000e-03 1.727437730000e+00 2.283998530000e-03
8.347950880000e-03 1.730432990000e+00 2.306426180000e-03
8.347950880000e-03 1.733428240000e+00 2.330641730000e-03
8.429013190000e-03 1.736423730000e+00 2.354748780000e-03
8.510068060000e-03 1.739418980000e+00 2.377068160000e-03
8.591130380000e-03 1.742414240000e+00 2.377068160000e-03
8.672185240000e-03 1.745623590000e+00 2.446934810000e-03
8.834302430000e-03 1.748832700000e+00 2.459361220000e-03
8.834302430000e-03 1.752042060000e+00 2.479351360000e-03
8.834302430000e-03 1.754823450000e+00 2.502583200000e-03
8.996419610000e-03 1.758032560000e+00 2.522033640000e-03
9.077481930000e-03 1.761027810000e+00 2.544185380000e-03
9.239599110000e-03 1.763809200000e+00 2.567957620000e-03
9.320661430000e-03 1.766804460000e+00 2.589568960000e-03
9.320661430000e-03 1.769799710000e+00 2.612260400000e-03
9.401716290000e-03 1.773222920000e+00 2.636032640000e-03
9.482778610000e-03 1.776218410000e+00 2.656023480000e-03
9.644895790000e-03 1.778785710000e+00 2.679255330000e-03
9.644895790000e-03 1.782208920000e+00 2.701947470000e-03
9.807012980000e-03 1.784990310000e+00 2.723558110000e-03
9.725950660000e-03 1.784776210000e+00 2.723558110000e-03
9.807012980000e-03 1.787557600000e+00 2.747870750000e-03
9.888067840000e-03 1.790338990000e+00 2.767861590000e-03
9.969130160000e-03 1.793548350000e+00 2.792714630000e-03
1.005018500000e-02 1.796543600000e+00 2.815946470000e-03
1.013124730000e-02 1.799538850000e+00 2.841339910000e-03
1.029336450000e-02 1.802106140000e+00 2.862410850000e-03
1.037441940000e-02 1.805315490000e+00 2.886723490000e-03
1.045548170000e-02 1.808096890000e+00 2.909955340000e-03
1.045548170000e-02 1.810878280000e+00 2.931566680000e-03
1.053653660000e-02 1.813873530000e+00 2.950476720000e-03
1.061759890000e-02 1.816654920000e+00 2.973708560000e-03
1.069865380000e-02 1.819436070000e+00 2.995319900000e-03
1.086077090000e-02 1.822645430000e+00 3.019632540000e-03
1.086077090000e-02 1.825212720000e+00 3.041783810000e-03
1.094183330000e-02 1.828208210000e+00 3.065556520000e-03
1.102288810000e-02 1.831203460000e+00 3.085006260000e-03
1.118501280000e-02 1.833556890000e+00 3.107698400000e-03
1.110395040000e-02 1.836124180000e+00 3.128769340000e-03
1.126606760000e-02 1.838905570000e+00 3.152001180000e-03
1.134712990000e-02 1.842114930000e+00 3.173612520000e-03
1.150924710000e-02 1.844468360000e+00 3.197925170000e-03
1.150924710000e-02 1.847463610000e+00 3.217915310000e-03
1.167136430000e-02 1.850245000000e+00 3.239526650000e-03
1.167136430000e-02 1.853240250000e+00 3.262218790000e-03
1.183348150000e-02 1.855807540000e+00 3.285991030000e-03
1.183348150000e-02 1.858375070000e+00 3.308142300000e-03
1.191453640000e-02 1.861156460000e+00 3.327592510000e-03
1.199559870000e-02 1.863937620000e+00 3.351905150000e-03
1.207665350000e-02 1.866505150000e+00 3.374597290000e-03
1.215771590000e-02 1.869072440000e+00 3.395127830000e-03
1.223877070000e-02 1.871853830000e+00 3.416198770000e-03
1.231983300000e-02 1.874635220000e+00 3.440511410000e-03
1.248195020000e-02 1.877202510000e+00 3.461041950000e-03
1.248195020000e-02 1.879983900000e+00 3.481032090000e-03
1.256300510000e-02 1.882551430000e+00 3.505344740000e-03
1.264406740000e-02 1.885332580000e+00 3.524254770000e-03
1.280618460000e-02 1.888328080000e+00 3.542624410000e-03
1.280618460000e-02 1.890681510000e+00 3.564235750000e-03
1.288723950000e-02 1.893462900000e+00 3.582605390000e-03
1.296830180000e-02 1.896244050000e+00 3.604216730000e-03
1.304936410000e-02 1.899025440000e+00 3.623666470000e-03
1.321148130000e-02 1.901378870000e+00 3.644737420000e-03
1.321148130000e-02 1.904160260000e+00 3.669590460000e-03
1.329253610000e-02 1.906941650000e+00 3.690661400000e-03
1.337359850000e-02 1.909295080000e+00 3.711732340000e-03
1.345465330000e-02 1.912076470000e+00 3.729021640000e-03
1.353571560000e-02 1.914643760000e+00 3.752253480000e-03
1.361677050000e-02 1.917425160000e+00 3.770623120000e-03
1.369783280000e-02 1.919992450000e+00 3.786831160000e-03
1.385995000000e-02 1.922346120000e+00 3.804120700000e-03
1.385995000000e-02 1.924913410000e+00 3.824110840000e-03
1.394100490000e-02 1.927694800000e+00 3.840319350000e-03
1.410312210000e-02 1.930476190000e+00 3.858688990000e-03
1.418418440000e-02 1.932829620000e+00 3.876518230000e-03
1.418418440000e-02 1.935611010000e+00 3.894887860000e-03
1.426523920000e-02 1.938178300000e+00 3.910015800000e-03
1.434630160000e-02 1.940959690000e+00 3.927845040000e-03
1.442735640000e-02 1.943313120000e+00 3.943513150000e-03
1.458947360000e-02 1.945880410000e+00 3.961882550000e-03
1.458947360000e-02 1.948447940000e+00 3.978090830000e-03
1.467053590000e-02 1.951015230000e+00 3.995920070000e-03
1.475159080000e-02 1.953368660000e+00 4.014289470000e-03
1.483265310000e-02 1.955936190000e+00 4.030498210000e-03
1.499477030000e-02 1.958717580000e+00 4.050488120000e-03
1.507583260000e-02 1.961071010000e+00 4.065076350000e-03
1.507583260000e-02 1.963424440000e+00 4.081824790000e-03
1.523794980000e-02 1.965777870000e+00 4.098033530000e-03
1.523794980000e-02 1.968559270000e+00 4.116402940000e-03
1.531900470000e-02 1.971554520000e+00 4.130450080000e-03
1.548112180000e-02 1.974121810000e+00 4.148279320000e-03
1.548112180000e-02 1.976261380000e+00 4.166108560000e-03
1.556218420000e-02 1.979042770000e+00 4.179615990000e-03
1.564323900000e-02 1.980968240000e+00 4.196364430000e-03
1.572430130000e-02 1.983535770000e+00 4.208250440000e-03
1.588641850000e-02 1.986103060000e+00 4.223918540000e-03
1.588641850000e-02 1.988670350000e+00 4.240127280000e-03
1.596747340000e-02 1.991023780000e+00 4.255255220000e-03
1.604853570000e-02 1.993377450000e+00 4.268761720000e-03
1.612959060000e-02 1.995944740000e+00 4.287131600000e-03
1.621065290000e-02 1.998512030000e+00 4.301718900000e-03
1.629170780000e-02 2.000651600000e+00 4.316307140000e-03
1.637277010000e-02 2.002791170000e+00 4.334136380000e-03
1.653488730000e-02 2.005572560000e+00 4.352505780000e-03
1.653488730000e-02 2.008353710000e+00 4.372496160000e-03
1.653488730000e-02 2.010493280000e+00 4.390865560000e-03
1.669700440000e-02 2.012846710000e+00 4.404912700000e-03
1.677805930000e-02 2.015841960000e+00 4.423822740000e-03
1.694017650000e-02 2.017981530000e+00 4.441111350000e-03
1.702123880000e-02 2.020334960000e+00 4.456239290000e-03
1.702123880000e-02 2.022688390000e+00 4.472448020000e-03
1.710230110000e-02 2.025041820000e+00 4.488116130000e-03
1.718335600000e-02 2.027395250000e+00 4.504324870000e-03
1.734547320000e-02 2.029962780000e+00 4.517291210000e-03
1.734547320000e-02 2.032316210000e+00 4.530798640000e-03
1.742653550000e-02 2.034669640000e+00 4.547547080000e-03
1.758865270000e-02 2.037451030000e+00 4.561594690000e-03
1.766970750000e-02 2.039376500000e+00 4.576722630000e-03
1.775076990000e-02 2.041944030000e+00 4.590769760000e-03
1.775076990000e-02 2.044083360000e+00 4.604816440000e-03
1.783182470000e-02 2.046436790000e+00 4.614541770000e-03
1.791288700000e-02 2.049004320000e+00 4.627508580000e-03
1.799394190000e-02 2.051143880000e+00 4.637233910000e-03
1.807500420000e-02 2.053497310000e+00 4.653982350000e-03
1.815605910000e-02 2.055850740000e+00 4.664247860000e-03
1.823712140000e-02 2.058418040000e+00 4.677214660000e-03
1.831817630000e-02 2.060771470000e+00 4.686399830000e-03
1.839923860000e-02 2.062911030000e+00 4.698285830000e-03
1.848029350000e-02 2.065478320000e+00 4.709631670000e-03
1.856135580000e-02 2.067831750000e+00 4.720977040000e-03
1.864241060000e-02 2.069971320000e+00 4.729621580000e-03
1.872347300000e-02 2.072110890000e+00 4.742048220000e-03
1.888559010000e-02 2.074678180000e+00 4.753394050000e-03
1.888559010000e-02 2.077031610000e+00 4.764199720000e-03
1.888559010000e-02 2.079171180000e+00 4.775545560000e-03
1.904770730000e-02 2.081524610000e+00 4.790673500000e-03
1.912876960000e-02 2.083878040000e+00 4.800398830000e-03
1.912876960000e-02 2.084092140000e+00 4.800398830000e-03
1.929088680000e-02 2.086445570000e+00 4.812284840000e-03
1.920982450000e-02 2.088799000000e+00 4.820929370000e-03
1.937194170000e-02 2.091366290000e+00 4.832275210000e-03
1.945300400000e-02 2.093292000000e+00 4.838217980000e-03
