#  J [A] 	 V 	 L [w] 
3.600574280000e+01 1.191908450000e-01
3.600574280000e+01 1.181460390000e-01
3.608684990000e+01 1.239390840000e-01
3.616794200000e+01 1.303757740000e-01
3.624904900000e+01 1.290697690000e-01
3.624904900000e+01 1.358143200000e-01
3.633015600000e+01 1.432118590000e-01
3.633015600000e+01 1.414580910000e-01
3.649237010000e+01 1.501802910000e-01
3.649237010000e+01 1.481186630000e-01
3.657347710000e+01 1.579976090000e-01
3.657347710000e+01 1.699101700000e-01
3.657347710000e+01 1.681097640000e-01
3.665458410000e+01 1.808805390000e-01
3.673569110000e+01 1.967017600000e-01
3.673569110000e+01 1.934274330000e-01
3.689790520000e+01 2.111143690000e-01
3.681679820000e+01 2.074295920000e-01
3.697901220000e+01 2.260400360000e-01
3.706011920000e+01 2.438575760000e-01
3.697901220000e+01 2.403407120000e-01
3.706011920000e+01 2.644363560000e-01
3.714122620000e+01 2.599120200000e-01
3.722233330000e+01 2.845020500000e-01
3.730344030000e+01 3.142507920000e-01
3.730344030000e+01 3.088589000000e-01
3.738454730000e+01 3.349974870000e-01
3.746565430000e+01 3.681045200000e-01
3.746565430000e+01 3.632163280000e-01
3.746565430000e+01 3.935154820000e-01
3.746565430000e+01 3.880582810000e-01
3.762786840000e+01 3.880582810000e-01
3.762786840000e+01 4.560657540000e-01
3.762786840000e+01 4.466209210000e-01
3.770897540000e+01 4.791635730000e-01
3.770897540000e+01 4.731787190000e-01
3.779008240000e+01 5.037576780000e-01
3.787118940000e+01 5.393863540000e-01
3.787118940000e+01 5.327469550000e-01
3.803338860000e+01 5.635128470000e-01
3.803338860000e+01 5.993286030000e-01
3.803338860000e+01 5.927826860000e-01
3.811449560000e+01 6.269150760000e-01
3.811449560000e+01 6.206497780000e-01
3.819560260000e+01 6.552498090000e-01
3.827670960000e+01 6.872314260000e-01
3.827670960000e+01 6.786281590000e-01
3.835781660000e+01 7.146308200000e-01
3.843892370000e+01 7.505401150000e-01
3.843892370000e+01 7.449293630000e-01
3.860113770000e+01 7.817736480000e-01
3.852003070000e+01 7.745730690000e-01
3.860113770000e+01 8.100148410000e-01
3.868224470000e+01 8.481683330000e-01
3.868224470000e+01 8.407807330000e-01
3.876335170000e+01 8.755677850000e-01
3.876335170000e+01 8.678996820000e-01
3.884445880000e+01 9.029673530000e-01
3.892556580000e+01 9.327045410000e-01
