# current [A] 	 voltage [V] 	 power [W] 	 wavelenght:635.0 nm	 2017-01-09 16:17
7.562339310000e-05 1.665556430000e+00 -5.656512590000e-09
7.562339310000e-05 1.733177900000e+00 1.353769630000e-08
1.567304130000e-04 1.763136630000e+00 3.254649880000e-08
2.378374340000e-04 1.780469890000e+00 5.526428740000e-08
2.378374340000e-04 1.781111960000e+00 5.563516580000e-08
3.189444540000e-04 1.793737410000e+00 8.252561660000e-08
4.000514750000e-04 1.803367140000e+00 1.108996490000e-07
3.189444540000e-04 1.803581000000e+00 1.108996490000e-07
4.811584950000e-04 1.812140700000e+00 1.440027690000e-07
4.811584950000e-04 1.812140700000e+00 1.440955090000e-07
5.622655150000e-04 1.818774460000e+00 1.777548990000e-07
6.433725360000e-04 1.825408220000e+00 2.147524190000e-07
6.433725360000e-04 1.824980260000e+00 2.148451440000e-07
8.055865760000e-04 1.830116030000e+00 2.490609750000e-07
7.244795560000e-04 1.830329900000e+00 2.491537150000e-07
8.866861460000e-04 1.835679770000e+00 2.912510980000e-07
8.866861460000e-04 1.840387580000e+00 3.345540160000e-07
9.677931670000e-04 1.840387580000e+00 3.352031110000e-07
9.677931670000e-04 1.844453330000e+00 3.795259720000e-07
1.048900190000e-03 1.848305230000e+00 4.234779000000e-07
1.130007210000e-03 1.848305230000e+00 4.244979270000e-07
1.130007210000e-03 1.852157120000e+00 4.724370510000e-07
1.130007210000e-03 1.851943250000e+00 4.722517130000e-07
1.211114230000e-03 1.855366950000e+00 5.195417430000e-07
1.292221250000e-03 1.858362910000e+00 5.691499610000e-07
1.292221250000e-03 1.858576770000e+00 5.691499610000e-07
1.454435290000e-03 1.861358880000e+00 6.164400470000e-07
1.454435290000e-03 1.864354610000e+00 6.696646440000e-07
1.454435290000e-03 1.864354610000e+00 6.696646440000e-07
1.535542310000e-03 1.867136480000e+00 7.204782260000e-07
1.535542310000e-03 1.867136480000e+00 7.228891260000e-07
1.616649330000e-03 1.869918350000e+00 7.763919140000e-07
1.697756350000e-03 1.871630430000e+00 8.251655570000e-07
1.697756350000e-03 1.871844290000e+00 8.280400720000e-07
1.778855920000e-03 1.874412300000e+00 8.838608780000e-07
1.778855920000e-03 1.874626160000e+00 8.841391830000e-07
1.859962940000e-03 1.876552100000e+00 9.384763760000e-07
1.941069960000e-03 1.878692150000e+00 9.936480860000e-07
1.941069960000e-03 1.878692150000e+00 9.943900070000e-07
2.022176980000e-03 1.880831960000e+00 1.046687320000e-06
2.103284000000e-03 1.882972000000e+00 1.107237040000e-06
2.103284000000e-03 1.882757900000e+00 1.107886190000e-06
2.184391020000e-03 1.884897950000e+00 1.166025300000e-06
2.184391020000e-03 1.884897950000e+00 1.166303380000e-06
2.265498040000e-03 1.886823890000e+00 1.226760560000e-06
2.346605060000e-03 1.888749600000e+00 1.283230520000e-06
2.346605060000e-03 1.888749600000e+00 1.283879440000e-06
2.427712080000e-03 1.890461680000e+00 1.345542160000e-06
2.427712080000e-03 1.890461680000e+00 1.347489390000e-06
2.589926120000e-03 1.892173530000e+00 1.406092110000e-06
2.589926120000e-03 1.894099470000e+00 1.466363530000e-06
2.589926120000e-03 1.893885610000e+00 1.467569180000e-06
2.752132710000e-03 1.895597460000e+00 1.525429980000e-06
2.752132710000e-03 1.897309300000e+00 1.588761620000e-06
2.752132710000e-03 1.897309300000e+00 1.590152350000e-06
2.833239730000e-03 1.898807290000e+00 1.652093150000e-06
2.914346750000e-03 1.898807290000e+00 1.651629420000e-06
2.833239730000e-03 1.900519370000e+00 1.714961060000e-06
3.076560800000e-03 1.902017120000e+00 1.776345360000e-06
3.076560800000e-03 1.901803260000e+00 1.777365470000e-06
3.076560800000e-03 1.903515100000e+00 1.841809880000e-06
3.157667820000e-03 1.905013080000e+00 1.905605250000e-06
3.157667820000e-03 1.904798980000e+00 1.906254280000e-06
3.238774840000e-03 1.906296970000e+00 1.970049420000e-06
3.238774840000e-03 1.906296970000e+00 1.970976650000e-06
3.319881860000e-03 1.907581090000e+00 2.031341180000e-06
3.400988880000e-03 1.909078840000e+00 2.101905240000e-06
3.482095900000e-03 1.909292940000e+00 2.102183540000e-06
3.563195470000e-03 1.910576820000e+00 2.169502520000e-06
3.563195470000e-03 1.910576820000e+00 2.170522520000e-06
3.563195470000e-03 1.912074800000e+00 2.236543200000e-06
3.563195470000e-03 1.913358690000e+00 2.302656410000e-06
3.644302490000e-03 1.913358690000e+00 2.303954720000e-06
3.806516530000e-03 1.914642810000e+00 2.374148150000e-06
3.806516530000e-03 1.915926690000e+00 2.440076060000e-06
3.806516530000e-03 1.915926690000e+00 2.440632440000e-06
3.887623550000e-03 1.917210580000e+00 2.509898200000e-06
3.968730570000e-03 1.916996720000e+00 2.510454810000e-06
3.968730570000e-03 1.918494460000e+00 2.573508250000e-06
4.049837590000e-03 1.919564490000e+00 2.646019770000e-06
4.130944610000e-03 1.919564490000e+00 2.647503150000e-06
4.212051630000e-03 1.920848370000e+00 2.715749360000e-06
4.212051630000e-03 1.921062470000e+00 2.717140210000e-06
4.293158650000e-03 1.922346350000e+00 2.787148110000e-06
4.374265670000e-03 1.923202280000e+00 2.852612620000e-06
4.374265670000e-03 1.923202280000e+00 2.853632400000e-06
4.374265670000e-03 1.924486400000e+00 2.924753060000e-06
4.455365240000e-03 1.925556180000e+00 2.994019270000e-06
4.536472260000e-03 1.925556180000e+00 2.995039040000e-06
4.536472260000e-03 1.926626210000e+00 3.065788630000e-06
4.617579280000e-03 1.926840310000e+00 3.066252480000e-06
4.617579280000e-03 1.927696230000e+00 3.131624230000e-06
4.698686300000e-03 1.928980110000e+00 3.205711890000e-06
4.698686300000e-03 1.928766250000e+00 3.205897430000e-06
4.779793320000e-03 1.930050130000e+00 3.279428710000e-06
4.860900340000e-03 1.931120160000e+00 3.352311070000e-06
4.860900340000e-03 1.931120160000e+00 3.352403840000e-06
5.023114380000e-03 1.932404040000e+00 3.420557280000e-06
4.942007360000e-03 1.932189940000e+00 3.422875580000e-06
5.104221400000e-03 1.933259960000e+00 3.496406860000e-06
5.104221400000e-03 1.934329990000e+00 3.568640070000e-06
5.185328420000e-03 1.934329990000e+00 3.569289220000e-06
5.185328420000e-03 1.934971810000e+00 3.641429880000e-06
5.185328420000e-03 1.935400010000e+00 3.642820500000e-06
5.347535010000e-03 1.936255930000e+00 3.710232250000e-06
5.347535010000e-03 1.937325720000e+00 3.786638440000e-06
5.347535010000e-03 1.937539820000e+00 3.788492900000e-06
5.428642030000e-03 1.938181880000e+00 3.861468030000e-06
5.509749050000e-03 1.939465760000e+00 3.934999310000e-06
5.509749050000e-03 1.939251660000e+00 3.937410380000e-06
5.590856080000e-03 1.940321680000e+00 4.005934440000e-06
5.590856080000e-03 1.940321680000e+00 4.006490600000e-06
5.671963100000e-03 1.941391710000e+00 4.081598950000e-06
5.834177140000e-03 1.942461730000e+00 4.081598950000e-06
5.753070120000e-03 1.942461730000e+00 4.195752810000e-06
5.834177140000e-03 1.943103550000e+00 4.248001010000e-06
5.834177140000e-03 1.943317650000e+00 4.238670500000e-06
5.915284160000e-03 1.944173570000e+00 4.300250110000e-06
5.996391180000e-03 1.945029500000e+00 4.380488460000e-06
5.996391180000e-03 1.945029500000e+00 4.381421600000e-06
6.077498200000e-03 1.945885420000e+00 4.457928750000e-06
6.077498200000e-03 1.946955440000e+00 4.532568710000e-06
6.239704790000e-03 1.946955440000e+00 4.533502310000e-06
6.239704790000e-03 1.947811370000e+00 4.606276890000e-06
6.239704790000e-03 1.947811370000e+00 4.606276890000e-06
6.239704790000e-03 1.948667290000e+00 4.684650320000e-06
6.483025850000e-03 1.949737310000e+00 4.758358500000e-06
6.483025850000e-03 1.949951410000e+00 4.761157470000e-06
6.483025850000e-03 1.950593230000e+00 4.832998460000e-06
6.564132870000e-03 1.951449160000e+00 4.906706640000e-06
6.564132870000e-03 1.951663260000e+00 4.907639780000e-06
6.726346910000e-03 1.952305320000e+00 4.989744870000e-06
6.645239890000e-03 1.952305320000e+00 4.987878130000e-06
6.726346910000e-03 1.953161240000e+00 5.068117390000e-06
6.807453930000e-03 1.954231260000e+00 5.140891970000e-06
6.807453930000e-03 1.954231260000e+00 5.143690940000e-06
6.888560950000e-03 1.954873090000e+00 5.218332260000e-06
6.888560950000e-03 1.955301050000e+00 5.217399120000e-06
6.969667970000e-03 1.955943110000e+00 5.295772550000e-06
7.050774990000e-03 1.956799030000e+00 5.373211930000e-06
7.050774990000e-03 1.956585170000e+00 5.373211930000e-06
7.131874560000e-03 1.957441090000e+00 5.450652220000e-06
7.212981580000e-03 1.958510880000e+00 5.521561430000e-06
7.212981580000e-03 1.958297010000e+00 5.520627840000e-06
7.294088600000e-03 1.959367040000e+00 5.604598750000e-06
7.294088600000e-03 1.959367040000e+00 5.609264460000e-06
7.375195620000e-03 1.960222960000e+00 5.682972190000e-06
7.456302640000e-03 1.960864780000e+00 5.762278310000e-06
7.456302640000e-03 1.961078880000e+00 5.766009510000e-06
7.456302640000e-03 1.961506840000e+00 5.841584430000e-06
7.537409660000e-03 1.961934800000e+00 5.841584430000e-06
7.618516680000e-03 1.962576870000e+00 5.920890090000e-06
7.699623700000e-03 1.963218690000e+00 5.999262610000e-06
7.699623700000e-03 1.963432790000e+00 5.996463640000e-06
7.780730720000e-03 1.964288710000e+00 6.076703360000e-06
7.861837740000e-03 1.964930770000e+00 6.156008110000e-06
7.861837740000e-03 1.964930770000e+00 6.150410170000e-06
7.942944770000e-03 1.965786700000e+00 6.237180970000e-06
7.942944770000e-03 1.965786700000e+00 6.234381540000e-06
8.024044330000e-03 1.966642620000e+00 6.311820930000e-06
8.105151360000e-03 1.967070580000e+00 6.395792750000e-06
8.024044330000e-03 1.967284680000e+00 6.393926010000e-06
8.186258380000e-03 1.968140600000e+00 6.471366310000e-06
8.186258380000e-03 1.968782660000e+00 6.549738830000e-06
8.267365400000e-03 1.968996520000e+00 6.550672420000e-06
8.348472420000e-03 1.969852450000e+00 6.628112710000e-06
8.348472420000e-03 1.969638590000e+00 6.628112710000e-06
8.429579440000e-03 1.970494510000e+00 6.709284210000e-06
8.510686460000e-03 1.970922470000e+00 6.783924620000e-06
8.510686460000e-03 1.971136570000e+00 6.782992390000e-06
8.591793480000e-03 1.971992490000e+00 6.869761820000e-06
8.591793480000e-03 1.971992490000e+00 6.869761820000e-06
8.672900500000e-03 1.972634550000e+00 6.952800050000e-06
8.754007520000e-03 1.973704340000e+00 7.034905140000e-06
8.835114540000e-03 1.973490480000e+00 7.035837370000e-06
8.754007520000e-03 1.974346400000e+00 7.117942460000e-06
8.916214110000e-03 1.974988460000e+00 7.199115320000e-06
8.916214110000e-03 1.974988460000e+00 7.197248580000e-06
8.997321130000e-03 1.975844380000e+00 7.278421440000e-06
9.078428150000e-03 1.976058240000e+00 7.279353670000e-06
9.078428150000e-03 1.976700310000e+00 7.363325490000e-06
9.159535170000e-03 1.977342370000e+00 7.438899050000e-06
9.159535170000e-03 1.977342370000e+00 7.442631160000e-06
9.240642190000e-03 1.978198290000e+00 7.527535220000e-06
9.240642190000e-03 1.977984190000e+00 7.529401050000e-06
9.321749210000e-03 1.978840110000e+00 7.611506130000e-06
9.402856230000e-03 1.979482170000e+00 7.694543460000e-06
9.321749210000e-03 1.979482170000e+00 7.692677170000e-06
9.483963250000e-03 1.980338100000e+00 7.773849570000e-06
9.565070270000e-03 1.980766060000e+00 7.861552150000e-06
9.565070270000e-03 1.980980160000e+00 7.860619920000e-06
9.646177290000e-03 1.981621980000e+00 7.940858270000e-06
9.646177290000e-03 1.981408120000e+00 7.942724550000e-06
9.727284310000e-03 1.982264040000e+00 8.026695470000e-06
9.808383880000e-03 1.982906100000e+00 8.098538270000e-06
9.727284310000e-03 1.982906100000e+00 8.097604220000e-06
9.808383880000e-03 1.983762030000e+00 8.184374560000e-06
9.889490900000e-03 1.983762030000e+00 8.188106220000e-06
9.970597920000e-03 1.984617950000e+00 8.272077140000e-06
1.005170490000e-02 1.985260010000e+00 8.357914340000e-06
1.005170490000e-02 1.985260010000e+00 8.356981200000e-06
1.013281200000e-02 1.985901830000e+00 8.438153600000e-06
1.021391900000e-02 1.986543890000e+00 8.523057660000e-06
1.021391900000e-02 1.986543890000e+00 8.528656510000e-06
1.029502600000e-02 1.987399820000e+00 8.607028580000e-06
1.029502600000e-02 1.986971860000e+00 8.605162290000e-06
1.037613300000e-02 1.988041880000e+00 8.692864870000e-06
1.045724000000e-02 1.988255740000e+00 8.774038180000e-06
1.045724000000e-02 1.988683700000e+00 8.771238750000e-06
1.053834710000e-02 1.989111900000e+00 8.861740750000e-06
1.061945410000e-02 1.989967820000e+00 8.947577040000e-06
1.061945410000e-02 1.989753720000e+00 8.947577040000e-06
1.070055370000e-02 1.991037610000e+00 9.030615730000e-06
1.070055370000e-02 1.990609650000e+00 9.034347390000e-06
1.070055370000e-02 1.991465810000e+00 9.111788130000e-06
1.086276770000e-02 1.992107630000e+00 9.200423850000e-06
1.086276770000e-02 1.992107630000e+00 9.194825910000e-06
1.094387470000e-02 1.992963550000e+00 9.281595340000e-06
1.094387470000e-02 1.992535590000e+00 9.281595340000e-06
1.102498170000e-02 1.993391510000e+00 9.364634020000e-06
1.102498170000e-02 1.994033580000e+00 9.441139810000e-06
1.110608880000e-02 1.993819710000e+00 9.438341290000e-06
1.118719580000e-02 1.994675640000e+00 9.531642720000e-06
1.126830280000e-02 1.995317460000e+00 9.620279340000e-06
1.126830280000e-02 1.995317460000e+00 9.616545870000e-06
1.134940980000e-02 1.995745420000e+00 9.706114720000e-06
1.134940980000e-02 1.995745420000e+00 9.705182490000e-06
1.143051680000e-02 1.996815440000e+00 9.786353980000e-06
1.151162390000e-02 1.997243400000e+00 9.875922840000e-06
1.151162390000e-02 1.997457500000e+00 9.875922840000e-06
1.159272340000e-02 1.998099330000e+00 9.961760040000e-06
1.159272340000e-02 1.997885470000e+00 9.960827810000e-06
1.175493750000e-02 1.998741390000e+00 1.005132890000e-05
1.167383040000e-02 1.999383450000e+00 1.013063590000e-05
1.175493750000e-02 1.999383450000e+00 1.012970190000e-05
1.183604450000e-02 2.000025270000e+00 1.022207110000e-05
1.199825850000e-02 2.000453230000e+00 1.030697420000e-05
1.191715150000e-02 2.000239370000e+00 1.030884140000e-05
1.207936560000e-02 2.001309390000e+00 1.039561080000e-05
1.191715150000e-02 2.001523260000e+00 1.039281140000e-05
1.207936560000e-02 2.001951220000e+00 1.047864950000e-05
1.216047260000e-02 2.002593280000e+00 1.056821750000e-05
1.216047260000e-02 2.002379180000e+00 1.056541900000e-05
1.232268660000e-02 2.003021240000e+00 1.065218840000e-05
1.224157960000e-02 2.003877160000e+00 1.074269130000e-05
1.232268660000e-02 2.003663300000e+00 1.073802560000e-05
1.232268660000e-02 2.004305120000e+00 1.082013200000e-05
1.240379360000e-02 2.004519220000e+00 1.081733260000e-05
1.248489320000e-02 2.004947190000e+00 1.091436660000e-05
1.256600020000e-02 2.005589250000e+00 1.099926980000e-05
1.248489320000e-02 2.005589250000e+00 1.099926980000e-05
1.264710720000e-02 2.006445170000e+00 1.108697140000e-05
1.264710720000e-02 2.006231070000e+00 1.108977090000e-05
1.272821430000e-02 2.007086990000e+00 1.117280860000e-05
1.272821430000e-02 2.007515190000e+00 1.126517690000e-05
1.272821430000e-02 2.007515190000e+00 1.126144530000e-05
1.280932130000e-02 2.007943150000e+00 1.134914960000e-05
1.297153530000e-02 2.008584980000e+00 1.143871760000e-05
1.297153530000e-02 2.008799080000e+00 1.143871760000e-05
1.297153530000e-02 2.009440900000e+00 1.152082220000e-05
1.297153530000e-02 2.009227040000e+00 1.151895780000e-05
1.313374940000e-02 2.009869100000e+00 1.161132510000e-05
1.321485640000e-02 2.010510920000e+00 1.169996180000e-05
1.321485640000e-02 2.010725020000e+00 1.169996180000e-05
1.329596340000e-02 2.011152980000e+00 1.178953060000e-05
1.329596340000e-02 2.011152980000e+00 1.178766340000e-05
1.337706300000e-02 2.011794810000e+00 1.187256840000e-05
1.337706300000e-02 2.012223010000e+00 1.196120320000e-05
1.337706300000e-02 2.012436870000e+00 1.196120320000e-05
1.353927700000e-02 2.012864830000e+00 1.205077390000e-05
1.353927700000e-02 2.013506890000e+00 1.213940780000e-05
1.353927700000e-02 2.013506890000e+00 1.213660930000e-05
1.362038400000e-02 2.014148710000e+00 1.222338050000e-05
1.370149110000e-02 2.013934850000e+00 1.222058200000e-05
1.378259810000e-02 2.014790770000e+00 1.231388160000e-05
1.378259810000e-02 2.015432830000e+00 1.240904840000e-05
1.386370510000e-02 2.015432830000e+00 1.240531760000e-05
1.394481210000e-02 2.016074660000e+00 1.249861730000e-05
1.402591910000e-02 2.016502620000e+00 1.259005240000e-05
1.402591910000e-02 2.016502620000e+00 1.258725390000e-05
1.410702620000e-02 2.017144680000e+00 1.268148840000e-05
1.410702620000e-02 2.017144680000e+00 1.268055620000e-05
1.418813320000e-02 2.018000600000e+00 1.277012420000e-05
1.426923270000e-02 2.018214700000e+00 1.286156020000e-05
1.426923270000e-02 2.018428560000e+00 1.286156020000e-05
1.435033980000e-02 2.018856530000e+00 1.294832960000e-05
1.435033980000e-02 2.018856530000e+00 1.294553020000e-05
1.443144680000e-02 2.019498590000e+00 1.304256420000e-05
1.443144680000e-02 2.020354510000e+00 1.313306530000e-05
1.451255380000e-02 2.020140650000e+00 1.313213310000e-05
1.451255380000e-02 2.020782470000e+00 1.322076880000e-05
1.459366080000e-02 2.021210430000e+00 1.331593560000e-05
1.459366080000e-02 2.021210430000e+00 1.331220480000e-05
1.475587490000e-02 2.022066590000e+00 1.340457220000e-05
1.475587490000e-02 2.021852490000e+00 1.340457220000e-05
1.483698190000e-02 2.022494550000e+00 1.349414110000e-05
1.491808890000e-02 2.022922520000e+00 1.358930790000e-05
1.491808890000e-02 2.022922520000e+00 1.358277770000e-05
1.499919590000e-02 2.023564340000e+00 1.367047930000e-05
1.499919590000e-02 2.023350480000e+00 1.366954710000e-05
1.499919590000e-02 2.023992540000e+00 1.376471390000e-05
1.516140250000e-02 2.024848460000e+00 1.385894850000e-05
1.516140250000e-02 2.024420500000e+00 1.385894850000e-05
1.524250950000e-02 2.025276420000e+00 1.395224810000e-05
1.532361660000e-02 2.025704380000e+00 1.404181970000e-05
1.532361660000e-02 2.025704380000e+00 1.404088470000e-05
1.540472360000e-02 2.026346450000e+00 1.413605150000e-05
1.540472360000e-02 2.026560310000e+00 1.413511930000e-05
1.540472360000e-02 2.026988270000e+00 1.422095650000e-05
1.556693760000e-02 2.027630330000e+00 1.431612330000e-05
1.556693760000e-02 2.027630330000e+00 1.431799050000e-05
1.556693760000e-02 2.028058290000e+00 1.440102820000e-05
1.572915170000e-02 2.028700350000e+00 1.450365830000e-05
1.572915170000e-02 2.028486250000e+00 1.449712730000e-05
1.581025870000e-02 2.029128310000e+00 1.459136180000e-05
1.581025870000e-02 2.029342170000e+00 1.458949550000e-05
1.589136570000e-02 2.029770140000e+00 1.468746090000e-05
1.597247270000e-02 2.030412200000e+00 1.477609750000e-05
1.597247270000e-02 2.030198100000e+00 1.477236580000e-05
1.605357230000e-02 2.031054260000e+00 1.487126430000e-05
1.605357230000e-02 2.030840160000e+00 1.486566630000e-05
1.613467930000e-02 2.031268120000e+00 1.495710150000e-05
1.621578630000e-02 2.031910180000e+00 1.505600180000e-05
1.613467930000e-02 2.031910180000e+00 1.505413550000e-05
1.629689340000e-02 2.032766100000e+00 1.513717320000e-05
1.629689340000e-02 2.032979970000e+00 1.523793800000e-05
1.637800040000e-02 2.032979970000e+00 1.523420720000e-05
1.645910740000e-02 2.033408160000e+00 1.533124120000e-05
1.645910740000e-02 2.033408160000e+00 1.532657550000e-05
1.654021440000e-02 2.034264090000e+00 1.542920650000e-05
1.662132140000e-02 2.034692050000e+00 1.551784230000e-05
1.654021440000e-02 2.034692050000e+00 1.551877540000e-05
1.670242850000e-02 2.035120010000e+00 1.561674070000e-05
1.670242850000e-02 2.035120010000e+00 1.560927560000e-05
1.670242850000e-02 2.035762070000e+00 1.570817590000e-05
1.678353550000e-02 2.036403890000e+00 1.580707610000e-05
1.686464250000e-02 2.036403890000e+00 1.580614120000e-05
1.686464250000e-02 2.036831860000e+00 1.589477870000e-05
1.702684910000e-02 2.037473920000e+00 1.599461030000e-05
1.702684910000e-02 2.037259820000e+00 1.599274400000e-05
1.702684910000e-02 2.037901880000e+00 1.608884490000e-05
1.710795610000e-02 2.037901880000e+00 1.608511230000e-05
1.718906310000e-02 2.038543940000e+00 1.618774330000e-05
1.727017020000e-02 2.038971900000e+00 1.627544770000e-05
1.718906310000e-02 2.039185760000e+00 1.627264830000e-05
1.727017020000e-02 2.039827820000e+00 1.637061360000e-05
1.743238420000e-02 2.040041920000e+00 1.646578130000e-05
1.743238420000e-02 2.040255780000e+00 1.646671260000e-05
1.759459820000e-02 2.040683750000e+00 1.656188210000e-05
1.743238420000e-02 2.040469880000e+00 1.656094720000e-05
1.751349120000e-02 2.041325810000e+00 1.665238230000e-05
1.767570530000e-02 2.041753770000e+00 1.675594650000e-05
1.767570530000e-02 2.041753770000e+00 1.675128260000e-05
1.775681230000e-02 2.042181730000e+00 1.685391360000e-05
1.767570530000e-02 2.042181730000e+00 1.685391360000e-05
1.783791180000e-02 2.042823790000e+00 1.695001450000e-05
1.783791180000e-02 2.043251750000e+00 1.704424900000e-05
1.791901890000e-02 2.043251750000e+00 1.703865020000e-05
1.800012590000e-02 2.043679710000e+00 1.714034810000e-05
1.808123290000e-02 2.044321540000e+00 1.723644890000e-05
1.800012590000e-02 2.044321540000e+00 1.723644890000e-05
1.816233990000e-02 2.044963600000e+00 1.733534740000e-05
1.816233990000e-02 2.044963600000e+00 1.732881720000e-05
1.816233990000e-02 2.045605660000e+00 1.742491620000e-05
1.832455400000e-02 2.045819520000e+00 1.752474780000e-05
1.832455400000e-02 2.045819520000e+00 1.752008390000e-05
1.840566100000e-02 2.046247480000e+00 1.761991730000e-05
1.840566100000e-02 2.046247480000e+00 1.761804920000e-05
1.848676800000e-02 2.046889540000e+00 1.771974710000e-05
1.856787500000e-02 2.047317500000e+00 1.781491660000e-05
1.848676800000e-02 2.047103640000e+00 1.780931780000e-05
1.864898200000e-02 2.047959570000e+00 1.791194700000e-05
1.864898200000e-02 2.048387530000e+00 1.800804780000e-05
1.864898200000e-02 2.048387530000e+00 1.800711650000e-05
1.881118860000e-02 2.049029350000e+00 1.810508180000e-05
1.873008160000e-02 2.048815490000e+00 1.810134930000e-05
1.889229570000e-02 2.049457550000e+00 1.820211580000e-05
1.889229570000e-02 2.049885510000e+00 1.830754450000e-05
1.889229570000e-02 2.050099370000e+00 1.830381190000e-05
1.905450970000e-02 2.050527330000e+00 1.840924230000e-05
1.913561670000e-02 2.051169400000e+00 1.851374150000e-05
1.905450970000e-02 2.050955300000e+00 1.851467280000e-05
1.921672370000e-02 2.051597360000e+00 1.860984050000e-05
1.921672370000e-02 2.051597360000e+00 1.860517480000e-05
1.929783080000e-02 2.052025320000e+00 1.871247150000e-05
1.937893780000e-02 2.052453280000e+00 1.881323620000e-05
1.937893780000e-02 2.052453280000e+00 1.880763920000e-05
1.946004480000e-02 2.053309200000e+00 1.891120340000e-05
1.937893780000e-02 2.053095340000e+00 1.890933710000e-05
1.946004480000e-02 2.053523300000e+00 1.900450480000e-05
1.962225880000e-02 2.053951260000e+00 1.911366600000e-05
1.954115180000e-02 2.053951260000e+00 1.910993520000e-05
1.970336590000e-02 2.054807190000e+00 1.921443070000e-05
1.978447290000e-02 2.055021290000e+00 1.932266060000e-05
1.970336590000e-02 2.055235150000e+00 1.931519550000e-05
1.978447290000e-02 2.055663110000e+00 1.941409570000e-05
1.986557990000e-02 2.055663110000e+00 1.940849870000e-05
1.986557990000e-02 2.056091070000e+00 1.951952620000e-05
2.002779390000e-02 2.056733130000e+00 1.962029090000e-05
2.002779390000e-02 2.056733130000e+00 1.961656020000e-05
2.002779390000e-02 2.057161090000e+00 1.972198880000e-05
2.002779390000e-02 2.056947230000e+00 1.971545860000e-05
2.010888610000e-02 2.057589050000e+00 1.981155950000e-05
2.018999310000e-02 2.058017020000e+00 1.991885440000e-05
2.027110010000e-02 2.058231120000e+00 1.991978750000e-05
2.035220710000e-02 2.058659080000e+00 2.002335350000e-05
2.035220710000e-02 2.059087040000e+00 2.013437920000e-05
2.043331410000e-02 2.058873180000e+00 2.012691770000e-05
2.051442120000e-02 2.059515000000e+00 2.022861370000e-05
2.051442120000e-02 2.059729100000e+00 2.022115040000e-05
2.051442120000e-02 2.060157060000e+00 2.033124470000e-05
2.067663520000e-02 2.060585020000e+00 2.043854330000e-05
2.067663520000e-02 2.060798880000e+00 2.043107820000e-05
2.067663520000e-02 2.061012980000e+00 2.053930800000e-05
2.083884920000e-02 2.061440940000e+00 2.064193900000e-05
2.083884920000e-02 2.061655040000e+00 2.063447390000e-05
2.083884920000e-02 2.062083010000e+00 2.074643450000e-05
2.083884920000e-02 2.061868910000e+00 2.073523860000e-05
2.100106330000e-02 2.062510970000e+00 2.084533480000e-05
2.100106330000e-02 2.063152790000e+00 2.095449780000e-05
2.100106330000e-02 2.062938930000e+00 2.095169840000e-05
2.116327730000e-02 2.063366890000e+00 2.104966370000e-05
2.116327730000e-02 2.063366890000e+00 2.104499980000e-05
2.124438430000e-02 2.064008950000e+00 2.115136340000e-05
2.132549140000e-02 2.064436910000e+00 2.125585890000e-05
2.124438430000e-02 2.064436910000e+00 2.125212810000e-05
2.132549140000e-02 2.064650770000e+00 2.135755860000e-05
2.148770540000e-02 2.065292840000e+00 2.145552390000e-05
2.148770540000e-02 2.065292840000e+00 2.144992690000e-05
2.148770540000e-02 2.065934900000e+00 2.156468690000e-05
2.156881240000e-02 2.065720800000e+00 2.156188750000e-05
2.164991950000e-02 2.066362860000e+00 2.167104870000e-05
2.173102650000e-02 2.066790820000e+00 2.177741410000e-05
2.173102650000e-02 2.066790820000e+00 2.177367970000e-05
2.173102650000e-02 2.067218780000e+00 2.187444440000e-05
2.173102650000e-02 2.067432640000e+00 2.187537940000e-05
2.189322560000e-02 2.067860600000e+00 2.198454240000e-05
2.189322560000e-02 2.068074700000e+00 2.209836930000e-05
2.197433260000e-02 2.068288800000e+00 2.208997280000e-05
2.205543970000e-02 2.069144730000e+00 2.220006720000e-05
2.205543970000e-02 2.069358590000e+00 2.230642890000e-05
2.205543970000e-02 2.069144730000e+00 2.230642890000e-05
2.221765370000e-02 2.069786550000e+00 2.241652510000e-05
2.221765370000e-02 2.069572690000e+00 2.240812860000e-05
2.221765370000e-02 2.070000650000e+00 2.252195550000e-05
2.237986770000e-02 2.070642710000e+00 2.263951500000e-05
2.237986770000e-02 2.070856570000e+00 2.262925050000e-05
2.246097480000e-02 2.071070670000e+00 2.273654900000e-05
2.246097480000e-02 2.071712490000e+00 2.285317530000e-05
2.254208180000e-02 2.071498630000e+00 2.285037590000e-05
2.262318880000e-02 2.071926590000e+00 2.296140520000e-05
2.262318880000e-02 2.071926590000e+00 2.295580630000e-05
2.262318880000e-02 2.072354560000e+00 2.306590070000e-05
2.270429580000e-02 2.072996620000e+00 2.317506190000e-05
2.278540280000e-02 2.072996620000e+00 2.316200150000e-05
2.286650990000e-02 2.073424580000e+00 2.328515800000e-05
2.278540280000e-02 2.073424580000e+00 2.328049230000e-05
2.286650990000e-02 2.073852540000e+00 2.339152160000e-05
2.302872390000e-02 2.074494360000e+00 2.351001420000e-05
2.294761690000e-02 2.074494360000e+00 2.350628170000e-05
2.310983090000e-02 2.074922560000e+00 2.361077900000e-05
2.310983090000e-02 2.075350520000e+00 2.373113780000e-05
2.319093790000e-02 2.075350520000e+00 2.372553900000e-05
2.327204500000e-02 2.075778480000e+00 2.383936770000e-05
2.327204500000e-02 2.075778480000e+00 2.383470200000e-05
2.335315200000e-02 2.076420310000e+00 2.394759760000e-05
2.335315200000e-02 2.076634410000e+00 2.405302800000e-05
2.335315200000e-02 2.076848270000e+00 2.404929360000e-05
2.343425900000e-02 2.077276470000e+00 2.416685490000e-05
2.351536600000e-02 2.077062370000e+00 2.416032290000e-05
2.359647300000e-02 2.077704430000e+00 2.427601610000e-05
2.359647300000e-02 2.078132390000e+00 2.439544190000e-05
2.359647300000e-02 2.078132390000e+00 2.439357560000e-05
2.367756520000e-02 2.078560350000e+00 2.450367170000e-05
2.383977920000e-02 2.078988310000e+00 2.462403060000e-05
2.375867220000e-02 2.078988310000e+00 2.460910040000e-05
2.383977920000e-02 2.079416280000e+00 2.472572670000e-05
2.383977920000e-02 2.079416280000e+00 2.472199590000e-05
2.392088620000e-02 2.079844240000e+00 2.484142170000e-05
2.408310030000e-02 2.080486300000e+00 2.495711310000e-05
2.400199320000e-02 2.080272200000e+00 2.494311780000e-05
2.408310030000e-02 2.080700160000e+00 2.507000860000e-05
2.424531430000e-02 2.081342220000e+00 2.519503320000e-05
2.416420730000e-02 2.081342220000e+00 2.518476870000e-05
2.424531430000e-02 2.081770180000e+00 2.530979330000e-05
2.432642130000e-02 2.081556080000e+00 2.530419440000e-05
2.440752830000e-02 2.082198140000e+00 2.542268890000e-05
2.448863540000e-02 2.082626100000e+00 2.554211100000e-05
2.440752830000e-02 2.082626100000e+00 2.553558080000e-05
2.448863540000e-02 2.083054070000e+00 2.565220710000e-05
2.448863540000e-02 2.083268170000e+00 2.564474380000e-05
2.456974240000e-02 2.083482030000e+00 2.576043700000e-05
2.473195640000e-02 2.084124090000e+00 2.587706330000e-05
2.473195640000e-02 2.084124090000e+00 2.586680060000e-05
2.481306340000e-02 2.084552050000e+00 2.599928850000e-05
2.489417050000e-02 2.084766150000e+00 2.612524440000e-05
2.481306340000e-02 2.084980010000e+00 2.611404850000e-05
2.489417050000e-02 2.085407970000e+00 2.624093760000e-05
2.497527750000e-02 2.085407970000e+00 2.622880860000e-05
2.497527750000e-02 2.085835930000e+00 2.634823430000e-05
2.513749150000e-02 2.086050030000e+00 2.647792280000e-05
2.513749150000e-02 2.086263900000e+00 2.646859140000e-05
2.513749150000e-02 2.086692090000e+00 2.658521950000e-05
2.521859850000e-02 2.086692090000e+00 2.658055380000e-05
2.529970560000e-02 2.087333920000e+00 2.669904640000e-05
2.538081260000e-02 2.087548020000e+00 2.681473780000e-05
2.529970560000e-02 2.087548020000e+00 2.680727630000e-05
2.538081260000e-02 2.087975980000e+00 2.693976240000e-05
2.546190470000e-02 2.088617800000e+00 2.707131900000e-05
2.546190470000e-02 2.088617800000e+00 2.705638870000e-05
2.554301170000e-02 2.089046000000e+00 2.719074110000e-05
2.554301170000e-02 2.089046000000e+00 2.717861390000e-05
2.570522580000e-02 2.089259860000e+00 2.730083910000e-05
2.570522580000e-02 2.089901920000e+00 2.743425830000e-05
2.578633280000e-02 2.089687820000e+00 2.742959260000e-05
2.578633280000e-02 2.090115790000e+00 2.755088640000e-05
2.586743980000e-02 2.090757850000e+00 2.768896960000e-05
2.586743980000e-02 2.090971710000e+00 2.767497430000e-05
2.602965380000e-02 2.090971710000e+00 2.779626810000e-05
2.594854680000e-02 2.091185810000e+00 2.778693850000e-05
2.602965380000e-02 2.091613770000e+00 2.791382580000e-05
2.611076090000e-02 2.091827870000e+00 2.804164980000e-05
2.619186790000e-02 2.092041730000e+00 2.803138520000e-05
2.627297490000e-02 2.092469690000e+00 2.815920740000e-05
2.627297490000e-02 2.092255830000e+00 2.814894650000e-05
2.627297490000e-02 2.092897650000e+00 2.827490240000e-05
2.643518890000e-02 2.093325610000e+00 2.840832350000e-05
2.643518890000e-02 2.093325610000e+00 2.839525950000e-05
2.651629600000e-02 2.093753810000e+00 2.852961370000e-05
2.651629600000e-02 2.094181780000e+00 2.865837090000e-05
2.651629600000e-02 2.094181780000e+00 2.864903950000e-05
2.667851000000e-02 2.094609740000e+00 2.876660070000e-05
2.667851000000e-02 2.094609740000e+00 2.875913380000e-05
2.667851000000e-02 2.095037700000e+00 2.890001820000e-05
2.684072410000e-02 2.095465660000e+00 2.903250790000e-05
2.675961700000e-02 2.095465660000e+00 2.902131020000e-05
2.692183110000e-02 2.095679520000e+00 2.916032830000e-05
2.692183110000e-02 2.096107720000e+00 2.914726610000e-05
2.692183110000e-02 2.096321580000e+00 2.927882090000e-05
2.700293810000e-02 2.096963640000e+00 2.941690760000e-05
2.708404510000e-02 2.096535680000e+00 2.941037560000e-05
2.708404510000e-02 2.097177510000e+00 2.954099910000e-05
2.716515210000e-02 2.097605470000e+00 2.967908590000e-05
2.716515210000e-02 2.097605470000e+00 2.966975440000e-05
2.724624430000e-02 2.098033430000e+00 2.979384590000e-05
2.724624430000e-02 2.098033430000e+00 2.978171510000e-05
2.740845830000e-02 2.098247530000e+00 2.993192720000e-05
2.748956530000e-02 2.098889590000e+00 3.006814950000e-05
2.748956530000e-02 2.098889590000e+00 3.005881810000e-05
2.748956530000e-02 2.099531410000e+00 3.019783980000e-05
2.757067230000e-02 2.099745510000e+00 3.033592110000e-05
2.757067230000e-02 2.099745510000e+00 3.032099630000e-05
2.773288640000e-02 2.100387330000e+00 3.046281200000e-05
2.773288640000e-02 2.100387330000e+00 3.045348420000e-05
2.773288640000e-02 2.100601430000e+00 3.058876610000e-05
2.781399340000e-02 2.101457360000e+00 3.073152040000e-05
2.781399340000e-02 2.101243500000e+00 3.071845640000e-05
2.797620740000e-02 2.101457360000e+00 3.085094430000e-05
2.797620740000e-02 2.101457360000e+00 3.083601770000e-05
2.805731450000e-02 2.101885320000e+00 3.098529850000e-05
2.813842150000e-02 2.102313280000e+00 3.113458300000e-05
2.805731450000e-02 2.102099420000e+00 3.111872140000e-05
2.813842150000e-02 2.102741240000e+00 3.126240340000e-05
2.813842150000e-02 2.103597400000e+00 3.140235280000e-05
2.830063550000e-02 2.103169440000e+00 3.139115510000e-05
2.830063550000e-02 2.103597400000e+00 3.153950820000e-05
2.830063550000e-02 2.103597400000e+00 3.153111170000e-05
2.838174250000e-02 2.104025360000e+00 3.167012980000e-05
2.846284960000e-02 2.104667190000e+00 3.182687580000e-05
2.854395660000e-02 2.104453330000e+00 3.181288050000e-05
2.862506360000e-02 2.104881290000e+00 3.194816600000e-05
2.854395660000e-02 2.104667190000e+00 3.193790330000e-05
2.862506360000e-02 2.105309250000e+00 3.209278290000e-05
2.878727760000e-02 2.105737210000e+00 3.224299870000e-05
2.870617060000e-02 2.105523350000e+00 3.222900340000e-05
2.878727760000e-02 2.106165170000e+00 3.237455170000e-05
2.886838470000e-02 2.106379270000e+00 3.251263840000e-05
2.894949170000e-02 2.106593130000e+00 3.250890590000e-05
2.894949170000e-02 2.107021090000e+00 3.266192290000e-05
2.894949170000e-02 2.107021090000e+00 3.264605770000e-05
2.903058380000e-02 2.107449290000e+00 3.279813970000e-05
2.919279780000e-02 2.107663150000e+00 3.294275670000e-05
2.911169080000e-02 2.107663150000e+00 3.292969270000e-05
2.919279780000e-02 2.108091120000e+00 3.307337830000e-05
2.927390490000e-02 2.108947040000e+00 3.323665440000e-05
2.935501190000e-02 2.108947040000e+00 3.322265910000e-05
2.935501190000e-02 2.109161140000e+00 3.338127140000e-05
2.935501190000e-02 2.109375000000e+00 3.336261220000e-05
2.943611890000e-02 2.109589100000e+00 3.352681960000e-05
2.951722590000e-02 2.109803200000e+00 3.368076800000e-05
2.951722590000e-02 2.110017060000e+00 3.366677630000e-05
2.959833290000e-02 2.110445020000e+00 3.383657900000e-05
2.959833290000e-02 2.110445020000e+00 3.381138960000e-05
2.967944000000e-02 2.110872980000e+00 3.396347170000e-05
2.984165400000e-02 2.111087080000e+00 3.413327790000e-05
2.976054700000e-02 2.111087080000e+00 3.411555370000e-05
2.984165400000e-02 2.111728910000e+00 3.426762850000e-05
2.992276100000e-02 2.111943010000e+00 3.444210230000e-05
3.000386800000e-02 2.112157110000e+00 3.442810700000e-05
3.000386800000e-02 2.112585070000e+00 3.459698560000e-05
3.000386800000e-02 2.112370970000e+00 3.457925410000e-05
3.016608210000e-02 2.112798930000e+00 3.474626650000e-05
3.016608210000e-02 2.113226890000e+00 3.490767630000e-05
3.024718910000e-02 2.113226890000e+00 3.489181470000e-05
3.024718910000e-02 2.113654850000e+00 3.506815480000e-05
3.024718910000e-02 2.113654850000e+00 3.504203050000e-05
3.040940310000e-02 2.114082810000e+00 3.520810420000e-05
3.049051020000e-02 2.114511010000e+00 3.537044900000e-05
3.040940310000e-02 2.114511010000e+00 3.535552240000e-05
3.049051020000e-02 2.114724870000e+00 3.550666950000e-05
3.057161720000e-02 2.115366940000e+00 3.569420370000e-05
3.057161720000e-02 2.115366940000e+00 3.567554810000e-05
3.073383120000e-02 2.115580800000e+00 3.584722070000e-05
3.065272420000e-02 2.115580800000e+00 3.583135910000e-05
3.081492330000e-02 2.116222860000e+00 3.601142820000e-05
3.089603040000e-02 2.116436720000e+00 3.617004400000e-05
3.089603040000e-02 2.116650820000e+00 3.615231620000e-05
3.097713740000e-02 2.117078780000e+00 3.633611410000e-05
3.089603040000e-02 2.116864920000e+00 3.631465730000e-05
3.105824440000e-02 2.117292880000e+00 3.649099740000e-05
3.113935140000e-02 2.117720840000e+00 3.666640620000e-05
3.105824440000e-02 2.117720840000e+00 3.664494220000e-05
3.113935140000e-02 2.118148800000e+00 3.680915320000e-05
3.130156550000e-02 2.118576770000e+00 3.699855370000e-05
3.122045840000e-02 2.118576770000e+00 3.697803190000e-05
3.138267250000e-02 2.119004730000e+00 3.715809730000e-05
3.138267250000e-02 2.119218830000e+00 3.713757540000e-05
3.138267250000e-02 2.119432690000e+00 3.732510960000e-05
3.154488650000e-02 2.119860650000e+00 3.749958340000e-05
3.146377950000e-02 2.119860650000e+00 3.747159280000e-05
3.154488650000e-02 2.120288610000e+00 3.765726430000e-05
3.162599350000e-02 2.120502710000e+00 3.784852740000e-05
3.170710060000e-02 2.120502710000e+00 3.782706700000e-05
3.178820760000e-02 2.121144530000e+00 3.801087220000e-05
3.178820760000e-02 2.120930670000e+00 3.798474790000e-05
3.186931460000e-02 2.121358630000e+00 3.815175660000e-05
3.186931460000e-02 2.122000690000e+00 3.835141980000e-05
3.195042160000e-02 2.121786590000e+00 3.831969660000e-05
3.203152870000e-02 2.122214560000e+00 3.851843210000e-05
3.195042160000e-02 2.122214560000e+00 3.849230420000e-05
3.203152870000e-02 2.122428660000e+00 3.869010470000e-05
3.211263570000e-02 2.122856620000e+00 3.887390630000e-05
3.211263570000e-02 2.122856620000e+00 3.884871690000e-05
3.219374270000e-02 2.123284580000e+00 3.905397900000e-05
3.235595670000e-02 2.123926640000e+00 3.924804700000e-05
3.235595670000e-02 2.123712540000e+00 3.921818640000e-05
3.235595670000e-02 2.124140500000e+00 3.942344850000e-05
3.235595670000e-02 2.123926640000e+00 3.938986260000e-05
3.251817080000e-02 2.124782560000e+00 3.957739680000e-05
3.251817080000e-02 2.124996420000e+00 3.978639140000e-05
3.259926290000e-02 2.124782560000e+00 3.976586590000e-05
3.268036990000e-02 2.125424390000e+00 3.997112800000e-05
3.268036990000e-02 2.125424390000e+00 3.994407230000e-05
3.268036990000e-02 2.125852350000e+00 4.014653680000e-05
3.276147690000e-02 2.126280550000e+00 4.034433370000e-05
3.284258400000e-02 2.126280550000e+00 4.031447680000e-05
3.284258400000e-02 2.126494410000e+00 4.053000160000e-05
3.292369100000e-02 2.127136470000e+00 4.073619490000e-05
3.300479800000e-02 2.126922370000e+00 4.069887650000e-05
3.300479800000e-02 2.127136470000e+00 4.089854340000e-05
3.308590500000e-02 2.127350330000e+00 4.088267810000e-05
3.308590500000e-02 2.127564430000e+00 4.108047870000e-05
3.316701200000e-02 2.128206250000e+00 4.108047870000e-05
3.316701200000e-02 2.128206250000e+00 4.183850980000e-05
3.332922610000e-02 2.128420350000e+00 4.174523200000e-05
3.341033310000e-02 2.129062410000e+00 4.193180210000e-05
3.332922610000e-02 2.128848310000e+00 4.182918560000e-05
3.341033310000e-02 2.129276280000e+00 4.203441860000e-05
3.349144010000e-02 2.129490380000e+00 4.199710020000e-05
3.357254710000e-02 2.129704240000e+00 4.222098870000e-05
3.357254710000e-02 2.130346300000e+00 4.245420130000e-05
3.357254710000e-02 2.130132200000e+00 4.239823100000e-05
3.373476120000e-02 2.130560160000e+00 4.265942700000e-05
3.365365420000e-02 2.130560160000e+00 4.258480110000e-05
3.381586820000e-02 2.130988360000e+00 4.280868960000e-05
3.389697520000e-02 2.131202220000e+00 4.304189500000e-05
3.381586820000e-02 2.131202220000e+00 4.299525970000e-05
3.389697520000e-02 2.131630180000e+00 4.324712790000e-05
3.397808220000e-02 2.132058140000e+00 4.348966830000e-05
3.405918930000e-02 2.131844280000e+00 4.343369800000e-05
3.405918930000e-02 2.132486100000e+00 4.366691430000e-05
3.397808220000e-02 2.132486100000e+00 4.360161260000e-05
3.414029630000e-02 2.132914070000e+00 4.385348440000e-05
3.422140330000e-02 2.133128170000e+00 4.409602480000e-05
3.422140330000e-02 2.133128170000e+00 4.404005450000e-05
3.430251030000e-02 2.133556130000e+00 4.429192270000e-05
3.430251030000e-02 2.133556130000e+00 4.428259490000e-05
3.438360240000e-02 2.133984090000e+00 4.448782060000e-05
3.446470950000e-02 2.134198190000e+00 4.475835160000e-05
3.446470950000e-02 2.134412050000e+00 4.471170910000e-05
3.462692350000e-02 2.134840010000e+00 4.495424950000e-05
3.470803050000e-02 2.135054110000e+00 4.524343600000e-05
3.470803050000e-02 2.135054110000e+00 4.513149180000e-05
3.478913750000e-02 2.135482070000e+00 4.538336000000e-05
3.470803050000e-02 2.135482070000e+00 4.536470810000e-05
3.478913750000e-02 2.135696170000e+00 4.566322240000e-05
3.487024460000e-02 2.136124130000e+00 4.587777220000e-05
3.487024460000e-02 2.136338000000e+00 4.584979250000e-05
3.495135160000e-02 2.136552100000e+00 4.612031630000e-05
3.503245860000e-02 2.136980060000e+00 4.633487700000e-05
3.511356560000e-02 2.136980060000e+00 4.633487700000e-05
3.511356560000e-02 2.137408020000e+00 4.658674520000e-05
3.519467260000e-02 2.137408020000e+00 4.657741740000e-05
3.519467260000e-02 2.137835980000e+00 4.681996140000e-05
3.527577970000e-02 2.138263940000e+00 4.713712770000e-05
3.535688670000e-02 2.138263940000e+00 4.708115740000e-05
3.543799370000e-02 2.138691900000e+00 4.734236060000e-05
3.543799370000e-02 2.138478040000e+00 4.728639030000e-05
3.551910070000e-02 2.138691900000e+00 4.758490470000e-05
3.551910070000e-02 2.139119860000e+00 4.787409130000e-05
3.551910070000e-02 2.139119860000e+00 4.780878230000e-05
3.560020770000e-02 2.139547820000e+00 4.809796880000e-05
3.568131480000e-02 2.139975790000e+00 4.835917570000e-05
3.576242180000e-02 2.139975790000e+00 4.829387400000e-05
3.576242180000e-02 2.140403990000e+00 4.862969940000e-05
3.576242180000e-02 2.140403990000e+00 4.861104390000e-05
3.584352880000e-02 2.140831950000e+00 4.886291210000e-05
3.600574280000e-02 2.141259910000e+00 4.920807260000e-05
3.592463580000e-02 2.141045810000e+00 4.915209870000e-05
3.600574280000e-02 2.141473770000e+00 4.945994080000e-05
3.600574280000e-02 2.141473770000e+00 4.938531490000e-05
3.616794200000e-02 2.141901730000e+00 4.967449420000e-05
3.616794200000e-02 2.142329930000e+00 5.001032330000e-05
3.616794200000e-02 2.142329930000e+00 4.991703460000e-05
3.624904900000e-02 2.142757890000e+00 5.024353960000e-05
3.633015600000e-02 2.143185850000e+00 5.055138170000e-05
3.633015600000e-02 2.142971750000e+00 5.048608000000e-05
3.641126300000e-02 2.143399720000e+00 5.080324990000e-05
3.641126300000e-02 2.143613820000e+00 5.073795180000e-05
3.657347710000e-02 2.143827680000e+00 5.106444590000e-05
3.657347710000e-02 2.144041780000e+00 5.142825830000e-05
3.657347710000e-02 2.144255640000e+00 5.139095080000e-05
3.673569110000e-02 2.144683840000e+00 5.168946520000e-05
3.681679820000e-02 2.144897700000e+00 5.204394980000e-05
3.673569110000e-02 2.144897700000e+00 5.199730730000e-05
3.681679820000e-02 2.145325660000e+00 5.232380140000e-05
3.689790520000e-02 2.145325660000e+00 5.226783110000e-05
3.697901220000e-02 2.145539760000e+00 5.261298790000e-05
3.697901220000e-02 2.146181580000e+00 5.288351890000e-05
3.706011920000e-02 2.146181580000e+00 5.283687640000e-05
3.706011920000e-02 2.146181580000e+00 5.320068890000e-05
3.706011920000e-02 2.146181580000e+00 5.314471850000e-05
3.722233330000e-02 2.146823640000e+00 5.351785880000e-05
3.722233330000e-02 2.147251610000e+00 5.386301560000e-05
3.722233330000e-02 2.147251610000e+00 5.383502500000e-05
3.730344030000e-02 2.147465710000e+00 5.418951330000e-05
3.738454730000e-02 2.148107530000e+00 5.458131640000e-05
3.738454730000e-02 2.147893670000e+00 5.451601460000e-05
3.746565430000e-02 2.148107530000e+00 5.489848260000e-05
3.754676130000e-02 2.148321630000e+00 5.486116790000e-05
3.762786840000e-02 2.148963450000e+00 5.524364310000e-05
3.762786840000e-02 2.148963450000e+00 5.560745560000e-05
3.762786840000e-02 2.148963450000e+00 5.553282970000e-05
3.770897540000e-02 2.149391650000e+00 5.598059580000e-05
3.779008240000e-02 2.149391650000e+00 5.585932380000e-05
3.787118940000e-02 2.149819610000e+00 5.629776570000e-05
3.787118940000e-02 2.150033470000e+00 5.671754840000e-05
3.795228150000e-02 2.150033470000e+00 5.660560420000e-05
3.795228150000e-02 2.150247570000e+00 5.700673500000e-05
3.803338860000e-02 2.151103500000e+00 5.746383980000e-05
3.811449560000e-02 2.150889400000e+00 5.736122330000e-05
3.811449560000e-02 2.151103500000e+00 5.781831710000e-05
3.819560260000e-02 2.151103500000e+00 5.771570800000e-05
3.819560260000e-02 2.151531460000e+00 5.817280180000e-05
3.835781660000e-02 2.151959420000e+00 5.858326040000e-05
3.827670960000e-02 2.151745560000e+00 5.846198840000e-05
3.835781660000e-02 2.152387380000e+00 5.899371900000e-05
3.852003070000e-02 2.152601480000e+00 5.944148510000e-05
3.843892370000e-02 2.152815340000e+00 5.930155750000e-05
3.852003070000e-02 2.153029440000e+00 5.979596970000e-05
3.852003070000e-02 2.153029440000e+00 5.965604580000e-05
3.860113770000e-02 2.153243300000e+00 6.015978220000e-05
3.868224470000e-02 2.153885360000e+00 6.064486660000e-05
3.868224470000e-02 2.153671260000e+00 6.053292240000e-05
3.876335170000e-02 2.154099460000e+00 6.103666960000e-05
3.876335170000e-02 2.154099460000e+00 6.095270870000e-05
3.884445880000e-02 2.154313330000e+00 6.147511160000e-05
3.892556580000e-02 2.154741290000e+00 6.196019240000e-05
3.892556580000e-02 2.154741290000e+00 6.183892400000e-05
3.900667280000e-02 2.155169250000e+00 6.236132320000e-05
3.908777980000e-02 2.155597210000e+00 6.293036130000e-05
3.908777980000e-02 2.155383350000e+00 6.282774850000e-05
3.924999390000e-02 2.156025170000e+00 6.338746610000e-05
3.924999390000e-02 2.156025170000e+00 6.321022370000e-05
3.933110090000e-02 2.156239270000e+00 6.376060630000e-05
3.941220790000e-02 2.156453370000e+00 6.436696280000e-05
