#  J [A] 	 V 	 L [w] 
7.562339310000e-05 7.432524560000e-01 -1.391110780000e-09
7.562339310000e-05 1.586593630000e+00 -5.565509720000e-10
1.567304130000e-04 1.777688030000e+00 2.809562540000e-08
7.562339310000e-05 1.779828070000e+00 2.855930600000e-08
2.378374340000e-04 1.802939180000e+00 5.990056450000e-08
2.378374340000e-04 1.817704440000e+00 9.504361740000e-08
3.189444540000e-04 1.817918540000e+00 9.504361740000e-08
3.189444540000e-04 1.829260110000e+00 1.356574300000e-07
4.811584950000e-04 1.837391610000e+00 1.771985580000e-07
4.000514750000e-04 1.837177750000e+00 1.784039940000e-07
4.811584950000e-04 1.844881530000e+00 2.266213240000e-07
5.622655150000e-04 1.844881530000e+00 2.267140640000e-07
6.433725360000e-04 1.851087090000e+00 2.754877360000e-07
6.433725360000e-04 1.856651070000e+00 3.290832350000e-07
6.433725360000e-04 1.856436970000e+00 3.290832350000e-07
7.244795560000e-04 1.860716820000e+00 3.778569070000e-07
7.244795560000e-04 1.860930680000e+00 3.783205220000e-07
8.055865760000e-04 1.865638490000e+00 4.398904140000e-07
8.866861460000e-04 1.870132450000e+00 4.992348290000e-07
8.866861460000e-04 1.870132450000e+00 4.996984440000e-07
9.677931670000e-04 1.873770240000e+00 5.628446050000e-07
1.048900190000e-03 1.877408270000e+00 6.232090190000e-07
1.048900190000e-03 1.877194170000e+00 6.232090190000e-07
1.130007210000e-03 1.880618100000e+00 6.911769220000e-07
1.130007210000e-03 1.880618100000e+00 6.921969770000e-07
1.211114230000e-03 1.883827920000e+00 7.578467490000e-07
1.292221250000e-03 1.886823890000e+00 8.256291720000e-07
1.373328270000e-03 1.887037750000e+00 8.265564020000e-07
1.454435290000e-03 1.889391660000e+00 8.915571360000e-07
1.454435290000e-03 1.892173530000e+00 9.638831670000e-07
1.454435290000e-03 1.892173530000e+00 9.655523170000e-07
1.535542310000e-03 1.894313570000e+00 1.037321910000e-06
1.535542310000e-03 1.894741540000e+00 1.038434560000e-06
1.697756350000e-03 1.897095440000e+00 1.111038960000e-06
1.697756350000e-03 1.899235250000e+00 1.181232160000e-06
1.778855920000e-03 1.899235250000e+00 1.182159390000e-06
1.778855920000e-03 1.901589160000e+00 1.258101750000e-06
1.859962940000e-03 1.901803260000e+00 1.258936210000e-06
1.859962940000e-03 1.903729200000e+00 1.332375060000e-06
1.941069960000e-03 1.905655150000e+00 1.409986340000e-06
1.941069960000e-03 1.905869010000e+00 1.411562950000e-06
2.022176980000e-03 1.907581090000e+00 1.483054230000e-06
2.103284000000e-03 1.909935000000e+00 1.565301890000e-06
2.103284000000e-03 1.909720900000e+00 1.566600080000e-06
2.265498040000e-03 1.911646840000e+00 1.644860390000e-06
2.184391020000e-03 1.911646840000e+00 1.645880500000e-06
2.265498040000e-03 1.913572790000e+00 1.727757190000e-06
2.346605060000e-03 1.915284630000e+00 1.805275930000e-06
2.346605060000e-03 1.915070770000e+00 1.805554120000e-06
2.427712080000e-03 1.916996720000e+00 1.889099960000e-06
2.427712080000e-03 1.916996720000e+00 1.889378040000e-06
2.508819100000e-03 1.918708560000e+00 1.969956660000e-06
2.589926120000e-03 1.920420410000e+00 2.054244310000e-06
2.671025690000e-03 1.920634510000e+00 2.054800690000e-06
2.671025690000e-03 1.921918390000e+00 2.132690270000e-06
2.833239730000e-03 1.923630240000e+00 2.220872370000e-06
2.671025690000e-03 1.923416380000e+00 2.222448980000e-06
2.833239730000e-03 1.925128220000e+00 2.306087250000e-06
2.833239730000e-03 1.924914360000e+00 2.306921940000e-06
2.914346750000e-03 1.926626210000e+00 2.391765750000e-06
2.995453770000e-03 1.928124190000e+00 2.476146160000e-06
2.995453770000e-03 1.928124190000e+00 2.476517240000e-06
3.076560800000e-03 1.929622170000e+00 2.565348270000e-06
3.157667820000e-03 1.931120160000e+00 2.651954220000e-06
3.157667820000e-03 1.930906060000e+00 2.653808680000e-06
3.238774840000e-03 1.932404040000e+00 2.738930790000e-06
3.238774840000e-03 1.932404040000e+00 2.741156320000e-06
3.400988880000e-03 1.933687930000e+00 2.823589280000e-06
3.400988880000e-03 1.935185910000e+00 2.919374990000e-06
3.400988880000e-03 1.934971810000e+00 2.921785840000e-06
3.482095900000e-03 1.936469790000e+00 3.011451550000e-06
3.482095900000e-03 1.936469790000e+00 3.013213470000e-06
3.563195470000e-03 1.937753920000e+00 3.105938960000e-06
3.644302490000e-03 1.939037800000e+00 3.193379370000e-06
3.644302490000e-03 1.939037800000e+00 3.195419140000e-06
3.725409510000e-03 1.940535780000e+00 3.290555920000e-06
3.806516530000e-03 1.941819670000e+00 3.384208640000e-06
3.887623550000e-03 1.941819670000e+00 3.385599710000e-06
3.887623550000e-03 1.942889690000e+00 3.477397970000e-06
3.887623550000e-03 1.943103550000e+00 3.479345200000e-06
3.968730570000e-03 1.944173570000e+00 3.566229450000e-06
4.049837590000e-03 1.945457460000e+00 3.663962160000e-06
4.130944610000e-03 1.945457460000e+00 3.668227460000e-06
4.130944610000e-03 1.946527480000e+00 3.760396790000e-06
4.130944610000e-03 1.946527480000e+00 3.763827640000e-06
4.293158650000e-03 1.947811370000e+00 3.859335270000e-06
4.293158650000e-03 1.949095250000e+00 3.950669910000e-06
4.293158650000e-03 1.948881390000e+00 3.953173290000e-06
4.374265670000e-03 1.949951410000e+00 4.050999000000e-06
4.536472260000e-03 1.951449160000e+00 4.050999000000e-06
4.536472260000e-03 1.951235290000e+00 4.199484010000e-06
4.536472260000e-03 1.952305320000e+00 4.263861680000e-06
4.536472260000e-03 1.952305320000e+00 4.258263740000e-06
4.536472260000e-03 1.953375100000e+00 4.342235120000e-06
4.698686300000e-03 1.954659220000e+00 4.448598250000e-06
4.779793320000e-03 1.954659220000e+00 4.445799280000e-06
4.860900340000e-03 1.955515150000e+00 4.542832810000e-06
4.860900340000e-03 1.956799030000e+00 4.644530690000e-06
4.860900340000e-03 1.956799030000e+00 4.646396520000e-06
4.942007360000e-03 1.957654950000e+00 4.739697490000e-06
4.942007360000e-03 1.957654950000e+00 4.741564230000e-06
5.023114380000e-03 1.958724980000e+00 4.841395820000e-06
5.104221400000e-03 1.959795000000e+00 4.943093700000e-06
5.104221400000e-03 1.959795000000e+00 4.944027300000e-06
5.185328420000e-03 1.961078880000e+00 5.047591000000e-06
5.185328420000e-03 1.961078880000e+00 5.041993060000e-06
5.347535010000e-03 1.961934800000e+00 5.139026600000e-06
5.347535010000e-03 1.963004830000e+00 5.247256010000e-06
5.347535010000e-03 1.963004830000e+00 5.249121840000e-06
5.428642030000e-03 1.964074850000e+00 5.349886580000e-06
5.509749050000e-03 1.965144630000e+00 5.452518050000e-06
5.509749050000e-03 1.964930770000e+00 5.456250620000e-06
5.590856080000e-03 1.966000800000e+00 5.555149530000e-06
5.590856080000e-03 1.966000800000e+00 5.554216390000e-06
5.671963100000e-03 1.967070580000e+00 5.661512200000e-06
5.753070120000e-03 1.967926500000e+00 5.762278310000e-06
5.753070120000e-03 1.967926500000e+00 5.764143680000e-06
5.834177140000e-03 1.968782660000e+00 5.865842010000e-06
5.834177140000e-03 1.968996520000e+00 5.866775610000e-06
5.996391180000e-03 1.969638590000e+00 5.957277610000e-06
5.996391180000e-03 1.970494510000e+00 6.072970790000e-06
5.996391180000e-03 1.970708610000e+00 6.069238220000e-06
6.077498200000e-03 1.971564530000e+00 6.177468090000e-06
6.158605220000e-03 1.972848420000e+00 6.288496480000e-06
6.239704790000e-03 1.972634550000e+00 6.287563340000e-06
6.239704790000e-03 1.973704340000e+00 6.390194810000e-06
6.158605220000e-03 1.973704340000e+00 6.390194810000e-06
6.401918830000e-03 1.974774360000e+00 6.502155430000e-06
6.401918830000e-03 1.975416420000e+00 6.609451700000e-06
6.401918830000e-03 1.975630280000e+00 6.608518560000e-06
6.483025850000e-03 1.976272340000e+00 6.720480540000e-06
6.483025850000e-03 1.977128270000e+00 6.819379450000e-06
6.564132870000e-03 1.977128270000e+00 6.820313050000e-06
6.645239890000e-03 1.978412150000e+00 6.936938460000e-06
6.726346910000e-03 1.977984190000e+00 6.936938460000e-06
6.807453930000e-03 1.979268070000e+00 7.044234740000e-06
6.807453930000e-03 1.979910140000e+00 7.158995690000e-06
6.726346910000e-03 1.979910140000e+00 7.159928830000e-06
6.888560950000e-03 1.980980160000e+00 7.263492990000e-06
6.888560950000e-03 1.980766060000e+00 7.263492990000e-06
6.969667970000e-03 1.981836080000e+00 7.374521370000e-06
7.050774990000e-03 1.982478140000e+00 7.483683020000e-06
7.050774990000e-03 1.982692000000e+00 7.485548850000e-06
7.131874560000e-03 1.983547930000e+00 7.594711860000e-06
7.294088600000e-03 1.984189990000e+00 7.699209160000e-06
7.212981580000e-03 1.984189990000e+00 7.699209160000e-06
7.294088600000e-03 1.985260010000e+00 7.817700860000e-06
7.212981580000e-03 1.985045910000e+00 7.820500290000e-06
7.375195620000e-03 1.985901830000e+00 7.929662390000e-06
7.456302640000e-03 1.986757990000e+00 8.048154090000e-06
7.456302640000e-03 1.986971860000e+00 8.047221850000e-06
7.537409660000e-03 1.987613920000e+00 8.157317100000e-06
7.537409660000e-03 1.987399820000e+00 8.158251150000e-06
7.618516680000e-03 1.988469840000e+00 8.271144910000e-06
7.699623700000e-03 1.989325760000e+00 8.384971810000e-06
7.699623700000e-03 1.989325760000e+00 8.387770320000e-06
7.780730720000e-03 1.990181680000e+00 8.500664990000e-06
7.780730720000e-03 1.990823750000e+00 8.610761140000e-06
7.861837740000e-03 1.990823750000e+00 8.612626520000e-06
7.942944770000e-03 1.991679670000e+00 8.731119120000e-06
7.942944770000e-03 1.991893770000e+00 8.733918550000e-06
8.024044330000e-03 1.992535590000e+00 8.848677680000e-06
8.105151360000e-03 1.992963550000e+00 8.963439540000e-06
8.024044330000e-03 1.993177650000e+00 8.962505490000e-06
8.186258380000e-03 1.993819710000e+00 9.075400160000e-06
8.267365400000e-03 1.994889500000e+00 9.196690370000e-06
8.267365400000e-03 1.994889500000e+00 9.194825910000e-06
8.348472420000e-03 1.995531560000e+00 9.312385370000e-06
8.348472420000e-03 1.995745420000e+00 9.311452230000e-06
8.429579440000e-03 1.996387480000e+00 9.428079470000e-06
8.510686460000e-03 1.997243400000e+00 9.533508090000e-06
8.510686460000e-03 1.997243400000e+00 9.533508090000e-06
8.672900500000e-03 1.998099330000e+00 9.660398060000e-06
8.591793480000e-03 1.997885470000e+00 9.663197490000e-06
8.672900500000e-03 1.998741390000e+00 9.783555470000e-06
8.754007520000e-03 1.999597310000e+00 9.906711970000e-06
8.754007520000e-03 1.999811410000e+00 9.910445440000e-06
8.835114540000e-03 2.000453230000e+00 1.002893710000e-05
8.916214110000e-03 2.001095290000e+00 1.015489490000e-05
8.916214110000e-03 2.001095290000e+00 1.015769430000e-05
8.997321130000e-03 2.001737360000e+00 1.027898450000e-05
8.916214110000e-03 2.001951220000e+00 1.027805230000e-05
9.078428150000e-03 2.002593280000e+00 1.039374370000e-05
9.078428150000e-03 2.003449200000e+00 1.051130490000e-05
9.159535170000e-03 2.003235340000e+00 1.051410440000e-05
9.240642190000e-03 2.004091260000e+00 1.064192470000e-05
9.240642190000e-03 2.004091260000e+00 1.064192470000e-05
9.321749210000e-03 2.004947190000e+00 1.076601620000e-05
9.483963250000e-03 2.005803110000e+00 1.089103990000e-05
9.402856230000e-03 2.005589250000e+00 1.089383930000e-05
9.483963250000e-03 2.006231070000e+00 1.100953340000e-05
9.565070270000e-03 2.007301090000e+00 1.113828780000e-05
9.565070270000e-03 2.007086990000e+00 1.113642160000e-05
9.646177290000e-03 2.007943150000e+00 1.126424470000e-05
9.646177290000e-03 2.007729050000e+00 1.126237750000e-05
9.727284310000e-03 2.008584980000e+00 1.138553670000e-05
9.808383880000e-03 2.009227040000e+00 1.150682690000e-05
9.808383880000e-03 2.009227040000e+00 1.150776100000e-05
9.889490900000e-03 2.010082960000e+00 1.164211430000e-05
9.889490900000e-03 2.010082960000e+00 1.163744860000e-05
9.970597920000e-03 2.011152980000e+00 1.176807020000e-05
1.005170490000e-02 2.011580940000e+00 1.189869180000e-05
1.005170490000e-02 2.011580940000e+00 1.189869180000e-05
1.013281200000e-02 2.012223010000e+00 1.202278330000e-05
1.021391900000e-02 2.013078930000e+00 1.215527030000e-05
1.021391900000e-02 2.013078930000e+00 1.215153860000e-05
1.021391900000e-02 2.013720750000e+00 1.228495970000e-05
1.029502600000e-02 2.013720750000e+00 1.228216020000e-05
1.037613300000e-02 2.014362810000e+00 1.240904840000e-05
1.045724000000e-02 2.015004870000e+00 1.253127360000e-05
1.045724000000e-02 2.015004870000e+00 1.253313990000e-05
1.053834710000e-02 2.015860800000e+00 1.267215880000e-05
1.061945410000e-02 2.016502620000e+00 1.280371270000e-05
1.061945410000e-02 2.016502620000e+00 1.280091420000e-05
1.070055370000e-02 2.017144680000e+00 1.293526660000e-05
1.070055370000e-02 2.017358780000e+00 1.293433430000e-05
1.078166070000e-02 2.017786740000e+00 1.305842400000e-05
1.078166070000e-02 2.018214700000e+00 1.319744300000e-05
1.086276770000e-02 2.018428560000e+00 1.319837700000e-05
1.094387470000e-02 2.019070630000e+00 1.332620010000e-05
1.086276770000e-02 2.019070630000e+00 1.332620010000e-05
1.102498170000e-02 2.019926550000e+00 1.345588680000e-05
1.110608880000e-02 2.020782470000e+00 1.358091050000e-05
1.110608880000e-02 2.020568610000e+00 1.357624480000e-05
1.118719580000e-02 2.021210430000e+00 1.371899730000e-05
1.126830280000e-02 2.021852490000e+00 1.385894850000e-05
1.126830280000e-02 2.022066590000e+00 1.385614910000e-05
1.134940980000e-02 2.022708420000e+00 1.399983380000e-05
1.134940980000e-02 2.022708420000e+00 1.399983380000e-05
1.134940980000e-02 2.023350480000e+00 1.412765410000e-05
1.151162390000e-02 2.023992540000e+00 1.426574090000e-05
1.151162390000e-02 2.024206400000e+00 1.426574090000e-05
1.159272340000e-02 2.024634360000e+00 1.440662620000e-05
1.159272340000e-02 2.024634360000e+00 1.440475990000e-05
1.159272340000e-02 2.025276420000e+00 1.454191170000e-05
1.175493750000e-02 2.025918250000e+00 1.467626500000e-05
1.175493750000e-02 2.025918250000e+00 1.467719900000e-05
1.191715150000e-02 2.026560310000e+00 1.482554760000e-05
1.191715150000e-02 2.027202370000e+00 1.496363440000e-05
1.191715150000e-02 2.027416230000e+00 1.496363440000e-05
1.199825850000e-02 2.027844190000e+00 1.510638410000e-05
1.199825850000e-02 2.028272150000e+00 1.510918360000e-05
1.207936560000e-02 2.028700350000e+00 1.524540310000e-05
1.207936560000e-02 2.029342170000e+00 1.539002010000e-05
1.216047260000e-02 2.029342170000e+00 1.538722060000e-05
1.224157960000e-02 2.029984240000e+00 1.553183760000e-05
1.232268660000e-02 2.030412200000e+00 1.567178880000e-05
1.232268660000e-02 2.030840160000e+00 1.566898940000e-05
1.248489320000e-02 2.031054260000e+00 1.580241040000e-05
1.240379360000e-02 2.031268120000e+00 1.580147910000e-05
1.248489320000e-02 2.032124040000e+00 1.595262620000e-05
1.256600020000e-02 2.032552000000e+00 1.609910760000e-05
1.256600020000e-02 2.032552000000e+00 1.610004070000e-05
1.264710720000e-02 2.033194070000e+00 1.625025650000e-05
1.264710720000e-02 2.032979970000e+00 1.624652210000e-05
1.272821430000e-02 2.033622030000e+00 1.638554200000e-05
1.280932130000e-02 2.034477950000e+00 1.653949040000e-05
1.280932130000e-02 2.034477950000e+00 1.654322110000e-05
1.289042830000e-02 2.034905910000e+00 1.668877120000e-05
1.297153530000e-02 2.035975930000e+00 1.683898520000e-05
1.297153530000e-02 2.035762070000e+00 1.683245500000e-05
1.305264230000e-02 2.036190030000e+00 1.697240620000e-05
1.305264230000e-02 2.035975930000e+00 1.697520570000e-05
1.313374940000e-02 2.037259820000e+00 1.712541960000e-05
1.321485640000e-02 2.037688020000e+00 1.727843480000e-05
1.321485640000e-02 2.037473920000e+00 1.728123240000e-05
1.329596340000e-02 2.038329840000e+00 1.743424760000e-05
1.329596340000e-02 2.038329840000e+00 1.743144820000e-05
1.337706300000e-02 2.038757800000e+00 1.757513020000e-05
1.337706300000e-02 2.039399860000e+00 1.773560870000e-05
1.345817000000e-02 2.039399860000e+00 1.773280930000e-05
1.353927700000e-02 2.040255780000e+00 1.788489130000e-05
1.362038400000e-02 2.040683750000e+00 1.803697160000e-05
1.362038400000e-02 2.040683750000e+00 1.803697160000e-05
1.370149110000e-02 2.041539670000e+00 1.818345480000e-05
1.370149110000e-02 2.041325810000e+00 1.818158850000e-05
1.378259810000e-02 2.041967630000e+00 1.834953220000e-05
1.378259810000e-02 2.042609690000e+00 1.851560590000e-05
1.386370510000e-02 2.042395830000e+00 1.851094200000e-05
1.386370510000e-02 2.043251750000e+00 1.867235190000e-05
1.410702620000e-02 2.043679710000e+00 1.882536530000e-05
1.402591910000e-02 2.043893580000e+00 1.882256580000e-05
1.410702620000e-02 2.044535640000e+00 1.898584380000e-05
1.410702620000e-02 2.044321540000e+00 1.898864320000e-05
1.418813320000e-02 2.045177700000e+00 1.914725540000e-05
1.435033980000e-02 2.045605660000e+00 1.931426410000e-05
1.426923270000e-02 2.045605660000e+00 1.931053340000e-05
1.435033980000e-02 2.046033620000e+00 1.946354680000e-05
1.435033980000e-02 2.046247480000e+00 1.946354680000e-05
1.443144680000e-02 2.046675440000e+00 1.963521940000e-05
1.451255380000e-02 2.047531600000e+00 1.980409430000e-05
1.451255380000e-02 2.047531600000e+00 1.980502750000e-05
1.459366080000e-02 2.047959570000e+00 1.997017170000e-05
1.467476790000e-02 2.048601390000e+00 2.013251470000e-05
1.467476790000e-02 2.048601390000e+00 2.012131880000e-05
1.475587490000e-02 2.049457550000e+00 2.030512220000e-05
1.475587490000e-02 2.049243450000e+00 2.029859020000e-05
1.483698190000e-02 2.049885510000e+00 2.046559890000e-05
1.491808890000e-02 2.050527330000e+00 2.063260760000e-05
1.483698190000e-02 2.050527330000e+00 2.062700880000e-05
1.491808890000e-02 2.050955300000e+00 2.079308620000e-05
1.499919590000e-02 2.050955300000e+00 2.078935540000e-05
1.508030300000e-02 2.051597360000e+00 2.097129070000e-05
1.516140250000e-02 2.052239420000e+00 2.114669770000e-05
1.516140250000e-02 2.052239420000e+00 2.114389830000e-05
1.524250950000e-02 2.052881240000e+00 2.132583540000e-05
1.532361660000e-02 2.053309200000e+00 2.149191100000e-05
1.532361660000e-02 2.053309200000e+00 2.149004470000e-05
1.532361660000e-02 2.054165360000e+00 2.167664750000e-05
1.540472360000e-02 2.054165360000e+00 2.167104870000e-05
1.548583060000e-02 2.054593320000e+00 2.184552250000e-05
1.556693760000e-02 2.055235150000e+00 2.202839280000e-05
1.548583060000e-02 2.055449250000e+00 2.202372710000e-05
1.564804460000e-02 2.055663110000e+00 2.219353520000e-05
1.572915170000e-02 2.056305170000e+00 2.238386880000e-05
1.572915170000e-02 2.056519270000e+00 2.238013800000e-05
1.581025870000e-02 2.056947230000e+00 2.256487280000e-05
1.581025870000e-02 2.056733130000e+00 2.256021070000e-05
1.589136570000e-02 2.057375190000e+00 2.274867620000e-05
1.597247270000e-02 2.058017020000e+00 2.292594950000e-05
1.597247270000e-02 2.058017020000e+00 2.291848430000e-05
1.605357230000e-02 2.058659080000e+00 2.310881970000e-05
1.613467930000e-02 2.058659080000e+00 2.311068420000e-05
1.613467930000e-02 2.059087040000e+00 2.329728700000e-05
1.621578630000e-02 2.059942960000e+00 2.348668930000e-05
1.613467930000e-02 2.059515000000e+00 2.348575620000e-05
1.621578630000e-02 2.060370920000e+00 2.365463110000e-05
1.637800040000e-02 2.061012980000e+00 2.385616060000e-05
1.637800040000e-02 2.060798880000e+00 2.385242990000e-05
1.637800040000e-02 2.061440940000e+00 2.405395940000e-05
1.645910740000e-02 2.061440940000e+00 2.404929360000e-05
1.654021440000e-02 2.062083010000e+00 2.425269120000e-05
1.662132140000e-02 2.062510970000e+00 2.444022720000e-05
1.654021440000e-02 2.062510970000e+00 2.443462840000e-05
1.662132140000e-02 2.063152790000e+00 2.464642240000e-05
1.662132140000e-02 2.062938930000e+00 2.463242710000e-05
1.678353550000e-02 2.063794850000e+00 2.484235300000e-05
1.686464250000e-02 2.064222810000e+00 2.505134760000e-05
1.678353550000e-02 2.064222810000e+00 2.504201800000e-05
1.694574210000e-02 2.064864870000e+00 2.523515100000e-05
1.702684910000e-02 2.065292840000e+00 2.545441020000e-05
1.710795610000e-02 2.065506700000e+00 2.544321430000e-05
1.710795610000e-02 2.065934900000e+00 2.565407520000e-05
1.710795610000e-02 2.065720800000e+00 2.565780600000e-05
1.718906310000e-02 2.066576720000e+00 2.586680060000e-05
1.718906310000e-02 2.067004680000e+00 2.606926500000e-05
1.727017020000e-02 2.067218780000e+00 2.606739690000e-05
1.735127720000e-02 2.067646740000e+00 2.628758740000e-05
1.743238420000e-02 2.068074700000e+00 2.649471750000e-05
1.743238420000e-02 2.068288800000e+00 2.649565070000e-05
1.751349120000e-02 2.068716760000e+00 2.670557660000e-05
1.751349120000e-02 2.068716760000e+00 2.670371210000e-05
1.759459820000e-02 2.069144730000e+00 2.690524160000e-05
1.767570530000e-02 2.069786550000e+00 2.713849430000e-05
1.767570530000e-02 2.069786550000e+00 2.713196230000e-05
1.775681230000e-02 2.070428610000e+00 2.735775160000e-05
1.767570530000e-02 2.070428610000e+00 2.735401900000e-05
1.775681230000e-02 2.071070670000e+00 2.758167470000e-05
1.791901890000e-02 2.071498630000e+00 2.781306100000e-05
1.783791180000e-02 2.071284530000e+00 2.780559590000e-05
1.791901890000e-02 2.072140460000e+00 2.804164980000e-05
1.808123290000e-02 2.072568660000e+00 2.827210300000e-05
1.808123290000e-02 2.072568660000e+00 2.826370660000e-05
1.816233990000e-02 2.073210480000e+00 2.850255810000e-05
1.816233990000e-02 2.072996620000e+00 2.849136220000e-05
1.816233990000e-02 2.073424580000e+00 2.871808280000e-05
1.832455400000e-02 2.074066400000e+00 2.896999470000e-05
1.824344690000e-02 2.074066400000e+00 2.896813020000e-05
1.840566100000e-02 2.074708460000e+00 2.921257870000e-05
1.840566100000e-02 2.074708460000e+00 2.920604670000e-05
1.840566100000e-02 2.075136420000e+00 2.945515920000e-05
1.848676800000e-02 2.075778480000e+00 2.968468290000e-05
1.856787500000e-02 2.075778480000e+00 2.968561420000e-05
1.864898200000e-02 2.076206450000e+00 2.994312310000e-05
1.864898200000e-02 2.076848270000e+00 3.019504040000e-05
1.873008160000e-02 2.076848270000e+00 3.019130600000e-05
1.881118860000e-02 2.077276470000e+00 3.045254930000e-05
1.881118860000e-02 2.077276470000e+00 3.043762080000e-05
1.881118860000e-02 2.077918290000e+00 3.070166350000e-05
1.889229570000e-02 2.078560350000e+00 3.098809610000e-05
1.897340270000e-02 2.078346250000e+00 3.098436350000e-05
1.905450970000e-02 2.078988310000e+00 3.126613590000e-05
1.913561670000e-02 2.079630370000e+00 3.155443480000e-05
1.897340270000e-02 2.079416280000e+00 3.154323710000e-05
1.921672370000e-02 2.080272200000e+00 3.181194920000e-05
1.921672370000e-02 2.080058340000e+00 3.179981650000e-05
1.929783080000e-02 2.080486300000e+00 3.209371430000e-05
1.937893780000e-02 2.081342220000e+00 3.239227950000e-05
1.929783080000e-02 2.081128120000e+00 3.237921560000e-05
1.946004480000e-02 2.081556080000e+00 3.267498320000e-05
1.946004480000e-02 2.081556080000e+00 3.266098790000e-05
1.954115180000e-02 2.082198140000e+00 3.293808910000e-05
1.962225880000e-02 2.082626100000e+00 3.325811490000e-05
1.962225880000e-02 2.082840200000e+00 3.324505090000e-05
1.962225880000e-02 2.083268170000e+00 3.355108130000e-05
1.970336590000e-02 2.083696130000e+00 3.387296600000e-05
1.978447290000e-02 2.083909990000e+00 3.386923340000e-05
1.986557990000e-02 2.084338190000e+00 3.417060000000e-05
1.986557990000e-02 2.084338190000e+00 3.414727330000e-05
1.994668690000e-02 2.084980010000e+00 3.448502320000e-05
1.994668690000e-02 2.085194110000e+00 3.481157910000e-05
2.002779390000e-02 2.085407970000e+00 3.480224770000e-05
2.010888610000e-02 2.085835930000e+00 3.512507100000e-05
2.010888610000e-02 2.086050030000e+00 3.511853720000e-05
2.010888610000e-02 2.086263900000e+00 3.542923150000e-05
2.027110010000e-02 2.086905960000e+00 3.579590340000e-05
2.027110010000e-02 2.086692090000e+00 3.577817550000e-05
2.035220710000e-02 2.087333920000e+00 3.613272200000e-05
2.043331410000e-02 2.087761880000e+00 3.650032890000e-05
2.043331410000e-02 2.087548020000e+00 3.648633360000e-05
2.051442120000e-02 2.088403940000e+00 3.683154860000e-05
2.051442120000e-02 2.088403940000e+00 3.682128230000e-05
2.059552820000e-02 2.088831900000e+00 3.720568200000e-05
2.067663520000e-02 2.089259860000e+00 3.758541790000e-05
2.067663520000e-02 2.089259860000e+00 3.757048760000e-05
2.075774220000e-02 2.090115790000e+00 3.795768860000e-05
2.075774220000e-02 2.090543750000e+00 3.833182560000e-05
2.075774220000e-02 2.090329890000e+00 3.831503270000e-05
2.091995630000e-02 2.090971710000e+00 3.874421600000e-05
2.091995630000e-02 2.090971710000e+00 3.870876390000e-05
2.091995630000e-02 2.091613770000e+00 3.912395550000e-05
2.108217030000e-02 2.091827870000e+00 3.955313880000e-05
2.108217030000e-02 2.092041730000e+00 3.953820850000e-05
2.116327730000e-02 2.092469690000e+00 3.993753850000e-05
2.116327730000e-02 2.092469690000e+00 3.992168060000e-05
2.116327730000e-02 2.093111750000e+00 4.036206160000e-05
2.124438430000e-02 2.093325610000e+00 4.082203670000e-05
2.132549140000e-02 2.093539710000e+00 4.079964130000e-05
2.140659840000e-02 2.093967680000e+00 4.125308620000e-05
2.148770540000e-02 2.094395640000e+00 4.351765160000e-05
2.140659840000e-02 2.094609740000e+00 4.198777240000e-05
2.156881240000e-02 2.094609740000e+00 4.234225710000e-05
2.156881240000e-02 2.094823600000e+00 4.231426650000e-05
2.156881240000e-02 2.095465660000e+00 4.279002680000e-05
2.164991950000e-02 2.095893620000e+00 4.332175380000e-05
2.164991950000e-02 2.095893620000e+00 4.328443540000e-05
2.181213350000e-02 2.096321580000e+00 4.377885490000e-05
2.181213350000e-02 2.096535680000e+00 4.371355680000e-05
2.189322560000e-02 2.096963640000e+00 4.428259490000e-05
2.189322560000e-02 2.097391610000e+00 4.487962360000e-05
2.197433260000e-02 2.097605470000e+00 4.483297740000e-05
2.197433260000e-02 2.097819570000e+00 4.538336000000e-05
2.213654670000e-02 2.098247530000e+00 4.598038870000e-05
2.205543970000e-02 2.098247530000e+00 4.595240900000e-05
2.221765370000e-02 2.098889590000e+00 4.659607290000e-05
2.213654670000e-02 2.098889590000e+00 4.654009900000e-05
2.229876070000e-02 2.099531410000e+00 4.722108860000e-05
2.229876070000e-02 2.099745510000e+00 4.790207090000e-05
2.229876070000e-02 2.099959370000e+00 4.785542840000e-05
2.246097480000e-02 2.100601430000e+00 4.854574580000e-05
2.254208180000e-02 2.101029400000e+00 4.926404290000e-05
2.254208180000e-02 2.101029400000e+00 4.921740040000e-05
2.262318880000e-02 2.101457360000e+00 4.996368080000e-05
2.262318880000e-02 2.101243500000e+00 4.989837910000e-05
2.270429580000e-02 2.101885320000e+00 5.068197790000e-05
2.278540280000e-02 2.102527380000e+00 5.142825830000e-05
2.278540280000e-02 2.102313280000e+00 5.138162310000e-05
2.286650990000e-02 2.102955340000e+00 5.227716610000e-05
2.286650990000e-02 2.102955340000e+00 5.224917550000e-05
2.286650990000e-02 2.103383300000e+00 5.312606300000e-05
2.302872390000e-02 2.104025360000e+00 5.407756910000e-05
2.294761690000e-02 2.103811260000e+00 5.399361540000e-05
2.310983090000e-02 2.104453330000e+00 5.495445660000e-05
2.310983090000e-02 2.104881290000e+00 5.601791420000e-05
2.319093790000e-02 2.104667190000e+00 5.595260520000e-05
2.327204500000e-02 2.105309250000e+00 5.703471830000e-05
2.327204500000e-02 2.105309250000e+00 5.696009250000e-05
2.335315200000e-02 2.105951310000e+00 5.810750370000e-05
2.335315200000e-02 2.106379270000e+00 5.926424270000e-05
2.343425900000e-02 2.106165170000e+00 5.916163350000e-05
2.351536600000e-02 2.106807230000e+00 6.050494270000e-05
2.351536600000e-02 2.106807230000e+00 6.043964460000e-05
2.359647300000e-02 2.107449290000e+00 6.181094070000e-05
2.367756520000e-02 2.107663150000e+00 6.330350150000e-05
2.359647300000e-02 2.107663150000e+00 6.318223310000e-05
2.367756520000e-02 2.108091120000e+00 6.473077520000e-05
2.383977920000e-02 2.108519080000e+00 6.646588740000e-05
2.375867220000e-02 2.108733180000e+00 6.639125790000e-05
2.383977920000e-02 2.108947040000e+00 6.817300890000e-05
2.383977920000e-02 2.108947040000e+00 6.794912040000e-05
2.392088620000e-02 2.109803200000e+00 6.995476720000e-05
2.408310030000e-02 2.110231160000e+00 7.197905510000e-05
2.408310030000e-02 2.110017060000e+00 7.186711450000e-05
2.408310030000e-02 2.110659120000e+00 7.448843100000e-05
2.416420730000e-02 2.111087080000e+00 7.714707320000e-05
2.416420730000e-02 2.111087080000e+00 7.694184020000e-05
2.432642130000e-02 2.111515050000e+00 7.997362260000e-05
2.424531430000e-02 2.111515050000e+00 7.964712860000e-05
2.432642130000e-02 2.111728910000e+00 8.281883490000e-05
2.440752830000e-02 2.112370970000e+00 8.683944180000e-05
2.440752830000e-02 2.112370970000e+00 8.641032040000e-05
2.440752830000e-02 2.112798930000e+00 9.073876570000e-05
2.448863540000e-02 2.113013030000e+00 9.036562550000e-05
2.456974240000e-02 2.113226890000e+00 9.553364360000e-05
2.473195640000e-02 2.113868950000e+00 1.011680940000e-04
2.465084940000e-02 2.113868950000e+00 1.007949390000e-04
2.481306340000e-02 2.114296910000e+00 1.080898730000e-04
2.481306340000e-02 2.114724870000e+00 1.162243570000e-04
2.481306340000e-02 2.114938970000e+00 1.154034620000e-04
2.489417050000e-02 2.115152840000e+00 1.258234410000e-04
2.489417050000e-02 2.115366940000e+00 1.248439510000e-04
2.505638450000e-02 2.115580800000e+00 1.373441920000e-04
2.513749150000e-02 2.116436720000e+00 1.544434340000e-04
2.513749150000e-02 2.116008760000e+00 1.527083080000e-04
2.513749150000e-02 2.116650820000e+00 1.720557340000e-04
2.513749150000e-02 2.116436720000e+00 1.701993460000e-04
2.529970560000e-02 2.117078780000e+00 1.938658820000e-04
2.529970560000e-02 2.117506740000e+00 2.206574720000e-04
2.529970560000e-02 2.117506740000e+00 2.177469720000e-04
2.546190470000e-02 2.117720840000e+00 2.520947020000e-04
2.554301170000e-02 2.118576770000e+00 2.895488000000e-04
2.554301170000e-02 2.118362670000e+00 2.861438840000e-04
2.562411870000e-02 2.118790630000e+00 3.242696400000e-04
2.562411870000e-02 2.118790630000e+00 3.214431050000e-04
2.570522580000e-02 2.119432690000e+00 3.593263680000e-04
2.578633280000e-02 2.119860650000e+00 4.038048790000e-04
2.578633280000e-02 2.119646790000e+00 3.996256860000e-04
2.578633280000e-02 2.120074750000e+00 3.996256860000e-04
2.586743980000e-02 2.120502710000e+00 4.883279910000e-04
2.594854680000e-02 2.120288610000e+00 4.830912220000e-04
2.602965380000e-02 2.120716570000e+00 5.236761060000e-04
2.602965380000e-02 2.120716570000e+00 5.191874220000e-04
2.611076090000e-02 2.121358630000e+00 5.661312610000e-04
2.619186790000e-02 2.121786590000e+00 6.100827010000e-04
2.619186790000e-02 2.121572730000e+00 6.060615410000e-04
2.627297490000e-02 2.122214560000e+00 6.499195010000e-04
2.627297490000e-02 2.122000690000e+00 6.483297910000e-04
2.635408190000e-02 2.122428660000e+00 6.905043260000e-04
2.635408190000e-02 2.122642520000e+00 7.367936200000e-04
2.643518890000e-02 2.122856620000e+00 7.337076240000e-04
2.643518890000e-02 2.123498440000e+00 7.784071490000e-04
2.651629600000e-02 2.123712540000e+00 8.231067330000e-04
2.659740300000e-02 2.123712540000e+00 8.188051290000e-04
2.667851000000e-02 2.124140500000e+00 8.588287750000e-04
2.667851000000e-02 2.124140500000e+00 8.550883500000e-04
2.667851000000e-02 2.124568460000e+00 9.031542580000e-04
2.675961700000e-02 2.124996420000e+00 9.498176510000e-04
2.675961700000e-02 2.124996420000e+00 9.460770530000e-04
2.692183110000e-02 2.125424390000e+00 9.932079120000e-04
2.692183110000e-02 2.125424390000e+00 9.889998470000e-04
2.692183110000e-02 2.125638480000e+00 1.033138250000e-03
2.700293810000e-02 2.126066450000e+00 1.081671800000e-03
2.708404510000e-02 2.126280550000e+00 1.078959900000e-03
2.716515210000e-02 2.126708510000e+00 1.124781560000e-03
2.716515210000e-02 2.127136470000e+00 1.172006010000e-03
2.716515210000e-02 2.126922370000e+00 1.167236710000e-03
2.724624430000e-02 2.127350330000e+00 1.209972430000e-03
2.724624430000e-02 2.127564430000e+00 1.207167170000e-03
2.740845830000e-02 2.127778290000e+00 1.254765550000e-03
2.740845830000e-02 2.128420350000e+00 1.300867760000e-03
2.740845830000e-02 2.128206250000e+00 1.297220590000e-03
2.757067230000e-02 2.128848310000e+00 1.344071000000e-03
2.757067230000e-02 2.129276280000e+00 1.388583450000e-03
2.765177940000e-02 2.129276280000e+00 1.385123590000e-03
2.773288640000e-02 2.129704240000e+00 1.431319160000e-03
2.765177940000e-02 2.129704240000e+00 1.428513790000e-03
2.781399340000e-02 2.129918340000e+00 1.471997590000e-03
2.781399340000e-02 2.130346300000e+00 1.517071040000e-03
2.789510040000e-02 2.130346300000e+00 1.516603630000e-03
2.797620740000e-02 2.130774260000e+00 1.559058900000e-03
2.797620740000e-02 2.130774260000e+00 1.554009160000e-03
2.805731450000e-02 2.131202220000e+00 1.602262140000e-03
2.805731450000e-02 2.131630180000e+00 1.648177280000e-03
2.805731450000e-02 2.131630180000e+00 1.645558980000e-03
2.821952850000e-02 2.132058140000e+00 1.691287150000e-03
2.821952850000e-02 2.132272240000e+00 1.734957910000e-03
2.830063550000e-02 2.132486100000e+00 1.732526700000e-03
2.838174250000e-02 2.132914070000e+00 1.779750920000e-03
2.838174250000e-02 2.132914070000e+00 1.776197460000e-03
2.838174250000e-02 2.133342270000e+00 1.821083950000e-03
2.846284960000e-02 2.133770230000e+00 1.865409550000e-03
2.846284960000e-02 2.133770230000e+00 1.865035390000e-03
2.854395660000e-02 2.134198190000e+00 1.907864590000e-03
2.854395660000e-02 2.134198190000e+00 1.904123930000e-03
2.862506360000e-02 2.134626150000e+00 1.952377150000e-03
2.870617060000e-02 2.135054110000e+00 1.997824530000e-03
2.870617060000e-02 2.135054110000e+00 1.994925780000e-03
2.878727760000e-02 2.135267970000e+00 2.041121480000e-03
2.886838470000e-02 2.136124130000e+00 2.084137640000e-03
2.886838470000e-02 2.135910030000e+00 2.080864970000e-03
2.903058380000e-02 2.135910030000e+00 2.127434590000e-03
2.894949170000e-02 2.136124130000e+00 2.123319780000e-03
2.911169080000e-02 2.136552100000e+00 2.167364820000e-03
2.911169080000e-02 2.137193920000e+00 2.213093220000e-03
2.919279780000e-02 2.136980060000e+00 2.208791440000e-03
2.919279780000e-02 2.137408020000e+00 2.248628060000e-03
2.927390490000e-02 2.137835980000e+00 2.298751380000e-03
2.927390490000e-02 2.137835980000e+00 2.295384880000e-03
2.943611890000e-02 2.138263940000e+00 2.342328660000e-03
2.935501190000e-02 2.138263940000e+00 2.338681840000e-03
2.951722590000e-02 2.138691900000e+00 2.382165520000e-03
2.951722590000e-02 2.139119860000e+00 2.425649440000e-03
2.951722590000e-02 2.138906000000e+00 2.423872710000e-03
2.967944000000e-02 2.139333960000e+00 2.470816490000e-03
2.959833290000e-02 2.139547820000e+00 2.467917510000e-03
2.976054700000e-02 2.139975790000e+00 2.511775590000e-03
2.976054700000e-02 2.140403990000e+00 2.557690720000e-03
2.976054700000e-02 2.140189890000e+00 2.554137260000e-03
2.992276100000e-02 2.140831950000e+00 2.596779260000e-03
2.984165400000e-02 2.141259910000e+00 2.644471360000e-03
3.000386800000e-02 2.141259910000e+00 2.642414070000e-03
3.000386800000e-02 2.141687870000e+00 2.687674480000e-03
3.008497510000e-02 2.141687870000e+00 2.684775510000e-03
3.016608210000e-02 2.142115830000e+00 2.731345360000e-03
3.016608210000e-02 2.142329930000e+00 2.774642310000e-03
3.024718910000e-02 2.142329930000e+00 2.771369180000e-03
3.024718910000e-02 2.142757890000e+00 2.816816790000e-03
3.024718910000e-02 2.142971750000e+00 2.813263330000e-03
3.032829610000e-02 2.143399720000e+00 2.857214770000e-03
3.040940310000e-02 2.143827680000e+00 2.903223500000e-03
3.040940310000e-02 2.143613820000e+00 2.901166210000e-03
3.049051020000e-02 2.144255640000e+00 2.942312040000e-03
3.057161720000e-02 2.144469740000e+00 2.990939190000e-03
3.065272420000e-02 2.144469740000e+00 2.986169890000e-03
3.065272420000e-02 2.144897700000e+00 3.030869640000e-03
3.065272420000e-02 2.144897700000e+00 3.027316180000e-03
3.073383120000e-02 2.145111800000e+00 3.070893460000e-03
3.089603040000e-02 2.145539760000e+00 3.115125470000e-03
3.081492330000e-02 2.145753620000e+00 3.109888640000e-03
3.097713740000e-02 2.146181580000e+00 3.156271300000e-03
3.089603040000e-02 2.146181580000e+00 3.152343680000e-03
3.097713740000e-02 2.146609540000e+00 3.196482080000e-03
3.113935140000e-02 2.147037740000e+00 3.241649130000e-03
3.105824440000e-02 2.147037740000e+00 3.238843750000e-03
3.122045840000e-02 2.147465710000e+00 3.280737900000e-03
3.122045840000e-02 2.147893670000e+00 3.329177850000e-03
3.130156550000e-02 2.147679570000e+00 3.325998550000e-03
3.138267250000e-02 2.148321630000e+00 3.371352560000e-03
3.130156550000e-02 2.148107530000e+00 3.366022370000e-03
3.146377950000e-02 2.148535490000e+00 3.410160540000e-03
3.146377950000e-02 2.149177550000e+00 3.453644460000e-03
3.146377950000e-02 2.148749590000e+00 3.449716840000e-03
3.154488650000e-02 2.149391650000e+00 3.495819170000e-03
3.170710060000e-02 2.149819610000e+00 3.540425100000e-03
3.170710060000e-02 2.150033470000e+00 3.536871630000e-03
3.170710060000e-02 2.150247570000e+00 3.580448920000e-03
3.170710060000e-02 2.150033470000e+00 3.577269610000e-03
3.178820760000e-02 2.150461440000e+00 3.615610300000e-03
3.195042160000e-02 2.151103500000e+00 3.665265860000e-03
3.195042160000e-02 2.151103500000e+00 3.660683750000e-03
3.195042160000e-02 2.151317360000e+00 3.707066410000e-03
3.195042160000e-02 2.151531460000e+00 3.704074070000e-03
3.203152870000e-02 2.151745560000e+00 3.751485380000e-03
3.219374270000e-02 2.152173520000e+00 3.794782330000e-03
3.219374270000e-02 2.152173520000e+00 3.791415830000e-03
3.227484970000e-02 2.152601480000e+00 3.838078820000e-03
3.227484970000e-02 2.153029440000e+00 3.884461940000e-03
3.227484970000e-02 2.153029440000e+00 3.881749700000e-03
3.235595670000e-02 2.153671260000e+00 3.926168660000e-03
3.235595670000e-02 2.153243300000e+00 3.922895530000e-03
3.243706380000e-02 2.154099460000e+00 3.965818790000e-03
3.251817080000e-02 2.154527430000e+00 4.011453600000e-03
3.259926290000e-02 2.154527430000e+00 4.007806070000e-03
3.259926290000e-02 2.154741290000e+00 4.053253680000e-03
3.259926290000e-02 2.154741290000e+00 4.049139560000e-03
3.268036990000e-02 2.155169250000e+00 4.092903340000e-03
3.276147690000e-02 2.155597210000e+00 4.092903340000e-03
3.276147690000e-02 2.155597210000e+00 4.175390120000e-03
3.292369100000e-02 2.155811310000e+00 4.208965230000e-03
3.292369100000e-02 2.156239270000e+00 4.246269350000e-03
3.292369100000e-02 2.156239270000e+00 4.240674900000e-03
3.300479800000e-02 2.156667230000e+00 4.282643090000e-03
3.308590500000e-02 2.156881330000e+00 4.276114520000e-03
3.308590500000e-02 2.157095190000e+00 4.318082710000e-03
3.316701200000e-02 2.157523160000e+00 4.365647210000e-03
3.324811910000e-02 2.157523160000e+00 4.363781310000e-03
3.324811910000e-02 2.157951120000e+00 4.405749960000e-03
3.332922610000e-02 2.158379080000e+00 4.454246720000e-03
3.332922610000e-02 2.158379080000e+00 4.447718150000e-03
3.349144010000e-02 2.158807280000e+00 4.490619530000e-03
3.341033310000e-02 2.158593180000e+00 4.482225050000e-03
3.357254710000e-02 2.159235240000e+00 4.529789560000e-03
3.357254710000e-02 2.159663200000e+00 4.576420880000e-03
3.365365420000e-02 2.159449100000e+00 4.572690460000e-03
3.373476120000e-02 2.159663200000e+00 4.614659120000e-03
3.373476120000e-02 2.160091160000e+00 4.614659120000e-03
3.373476120000e-02 2.160519120000e+00 4.653830080000e-03
3.389697520000e-02 2.160732980000e+00 4.702325910000e-03
3.381586820000e-02 2.160947080000e+00 4.697662780000e-03
3.389697520000e-02 2.161375050000e+00 4.741496870000e-03
3.405918930000e-02 2.161589150000e+00 4.789993170000e-03
3.405918930000e-02 2.161589150000e+00 4.785330030000e-03
3.414029630000e-02 2.161803010000e+00 4.830096850000e-03
3.405918930000e-02 2.162017110000e+00 4.827298220000e-03
3.414029630000e-02 2.162230970000e+00 4.872998220000e-03
3.430251030000e-02 2.162873030000e+00 4.915898200000e-03
3.422140330000e-02 2.162658930000e+00 4.912168250000e-03
3.430251030000e-02 2.162873030000e+00 4.956935070000e-03
3.430251030000e-02 2.163086890000e+00 4.947607870000e-03
3.438360240000e-02 2.163515090000e+00 4.995171910000e-03
3.454581650000e-02 2.163943050000e+00 5.044601860000e-03
3.446470950000e-02 2.163943050000e+00 5.038073290000e-03
3.454581650000e-02 2.164371010000e+00 5.082839170000e-03
3.462692350000e-02 2.164584880000e+00 5.129471420000e-03
3.462692350000e-02 2.165012840000e+00 5.122942850000e-03
3.478913750000e-02 2.165226940000e+00 5.168641450000e-03
3.470803050000e-02 2.165226940000e+00 5.161181090000e-03
3.478913750000e-02 2.165654900000e+00 5.203148350000e-03
3.495135160000e-02 2.166082860000e+00 5.247915160000e-03
3.495135160000e-02 2.166082860000e+00 5.243252030000e-03
3.495135160000e-02 2.166296960000e+00 5.288950630000e-03
3.503245860000e-02 2.166724920000e+00 5.333717910000e-03
3.503245860000e-02 2.166938780000e+00 5.329053380000e-03
3.511356560000e-02 2.167366740000e+00 5.371954760000e-03
3.519467260000e-02 2.167366740000e+00 5.370090250000e-03
3.519467260000e-02 2.167794700000e+00 5.412058440000e-03
3.527577970000e-02 2.168008800000e+00 5.459622010000e-03
3.535688670000e-02 2.168222900000e+00 5.456824320000e-03
3.535688670000e-02 2.168436770000e+00 5.499725700000e-03
3.535688670000e-02 2.168650870000e+00 5.493197120000e-03
3.543799370000e-02 2.168864730000e+00 5.543558390000e-03
3.551910070000e-02 2.169292690000e+00 5.585527050000e-03
3.543799370000e-02 2.169292690000e+00 5.582729820000e-03
3.560020770000e-02 2.169720650000e+00 5.628428420000e-03
3.576242180000e-02 2.169934750000e+00 5.669463890000e-03
3.568131480000e-02 2.170148610000e+00 5.666666200000e-03
3.576242180000e-02 2.170576810000e+00 5.713297990000e-03
3.576242180000e-02 2.170362710000e+00 5.705836230000e-03
3.584352880000e-02 2.171004770000e+00 5.755266170000e-03
3.600574280000e-02 2.171432730000e+00 5.800032060000e-03
3.592463580000e-02 2.171218630000e+00 5.792571700000e-03
3.600574280000e-02 2.171646600000e+00 5.834539890000e-03
3.600574280000e-02 2.171646600000e+00 5.831741730000e-03
3.616794200000e-02 2.172074560000e+00 5.877441260000e-03
3.616794200000e-02 2.172502520000e+00 5.923139860000e-03
3.616794200000e-02 2.172502520000e+00 5.919409450000e-03
3.624904900000e-02 2.172930720000e+00 5.965108050000e-03
3.633015600000e-02 2.173358680000e+00 6.008009430000e-03
3.633015600000e-02 2.173358680000e+00 6.008009430000e-03
3.641126300000e-02 2.173786640000e+00 6.053708030000e-03
3.641126300000e-02 2.173786640000e+00 6.049044900000e-03
3.649237010000e-02 2.174000500000e+00 6.094743500000e-03
3.665458410000e-02 2.174428460000e+00 6.140442100000e-03
3.657347710000e-02 2.174642560000e+00 6.139509380000e-03
3.665458410000e-02 2.175070520000e+00 6.179613530000e-03
3.673569110000e-02 2.175284620000e+00 6.225312130000e-03
3.681679820000e-02 2.175284620000e+00 6.220649000000e-03
3.681679820000e-02 2.175926450000e+00 6.265414880000e-03
3.681679820000e-02 2.175712590000e+00 6.254223180000e-03
3.697901220000e-02 2.176140550000e+00 6.302719940000e-03
3.697901220000e-02 2.176568510000e+00 6.340958180000e-03
3.697901220000e-02 2.176568510000e+00 6.337228230000e-03
3.714122620000e-02 2.176996470000e+00 6.384792270000e-03
3.714122620000e-02 2.176996470000e+00 6.377330980000e-03
3.714122620000e-02 2.177210570000e+00 6.420231890000e-03
3.722233330000e-02 2.177638530000e+00 6.469660900000e-03
3.722233330000e-02 2.177638530000e+00 6.463133260000e-03
3.730344030000e-02 2.178066490000e+00 6.504168730000e-03
3.738454730000e-02 2.178494450000e+00 6.552664560000e-03
3.738454730000e-02 2.178494450000e+00 6.548001900000e-03
3.746565430000e-02 2.178708310000e+00 6.589970090000e-03
3.746565430000e-02 2.179136280000e+00 6.585306950000e-03
3.762786840000e-02 2.179350380000e+00 6.630073770000e-03
3.762786840000e-02 2.179778340000e+00 6.670176520000e-03
3.770897540000e-02 2.179778340000e+00 6.669243800000e-03
3.770897540000e-02 2.179992440000e+00 6.714010610000e-03
3.779008240000e-02 2.179992440000e+00 6.713077890000e-03
3.779008240000e-02 2.180420400000e+00 6.755979270000e-03
3.795228150000e-02 2.180634260000e+00 6.801677870000e-03
3.795228150000e-02 2.181062220000e+00 6.794216110000e-03
3.803338860000e-02 2.181062220000e+00 6.838050210000e-03
3.803338860000e-02 2.181704280000e+00 6.883748810000e-03
3.811449560000e-02 2.181704280000e+00 6.877220240000e-03
3.811449560000e-02 2.182132240000e+00 6.923851560000e-03
3.811449560000e-02 2.182132240000e+00 6.917323920000e-03
3.819560260000e-02 2.182346340000e+00 6.963955700000e-03
3.827670960000e-02 2.182988170000e+00 7.000328040000e-03
3.827670960000e-02 2.182774310000e+00 6.993799470000e-03
3.835781660000e-02 2.183416130000e+00 7.041363510000e-03
3.843892370000e-02 2.183844090000e+00 7.083332170000e-03
3.852003070000e-02 2.183630230000e+00 7.078669030000e-03
3.852003070000e-02 2.184058190000e+00 7.122502200000e-03
3.852003070000e-02 2.184058190000e+00 7.118771780000e-03
3.860113770000e-02 2.184486150000e+00 7.160739970000e-03
3.868224470000e-02 2.184700250000e+00 7.203641350000e-03
3.868224470000e-02 2.184700250000e+00 7.198045500000e-03
3.876335170000e-02 2.185128210000e+00 7.239080970000e-03
3.876335170000e-02 2.185128210000e+00 7.236283740000e-03
3.892556580000e-02 2.185556170000e+00 7.278251930000e-03
3.892556580000e-02 2.185984130000e+00 7.318354680000e-03
3.892556580000e-02 2.185984130000e+00 7.313692010000e-03
3.900667280000e-02 2.186412100000e+00 7.353794760000e-03
3.916888680000e-02 2.186840060000e+00 7.395762950000e-03
3.908777980000e-02 2.186840060000e+00 7.390167100000e-03
3.916888680000e-02 2.187268020000e+00 7.434001190000e-03
3.916888680000e-02 2.187268020000e+00 7.427472620000e-03
3.924999390000e-02 2.187482120000e+00 7.468508090000e-03
3.933110090000e-02 2.187695980000e+00 7.513274900000e-03
