# current [A] 	 voltage [V] 	 power [W] 	 wavelenght:635.0 nm	 2017-01-09 15:49
7.562339310000e-05 6.803389190000e-01 -1.298374520000e-09
7.562339310000e-05 1.616552350000e+00 2.624116570000e-08
7.562339310000e-05 1.794379470000e+00 3.189741090000e-08
2.378374340000e-04 1.816848520000e+00 6.778221720000e-08
2.378374340000e-04 1.831614020000e+00 1.091378650000e-07
2.378374340000e-04 1.832041980000e+00 1.105287740000e-07
3.189444540000e-04 1.842741490000e+00 1.569843140000e-07
4.811584950000e-04 1.850873230000e+00 2.063144110000e-07
4.000514750000e-04 1.850873230000e+00 2.064071510000e-07
4.811584950000e-04 1.858148810000e+00 2.623207250000e-07
4.811584950000e-04 1.858148810000e+00 2.635261470000e-07
5.622655150000e-04 1.864354610000e+00 3.208306510000e-07
7.244795560000e-04 1.869918350000e+00 3.806386810000e-07
7.244795560000e-04 1.869490390000e+00 3.811950360000e-07
7.244795560000e-04 1.873984340000e+00 4.360886980000e-07
7.244795560000e-04 1.873984340000e+00 4.368304470000e-07
8.055865760000e-04 1.878478050000e+00 5.059110320000e-07
8.866861460000e-04 1.882544040000e+00 5.754553740000e-07
9.677931670000e-04 1.882757900000e+00 5.747135110000e-07
9.677931670000e-04 1.886395690000e+00 6.466686950000e-07
1.048900190000e-03 1.889605760000e+00 7.163055780000e-07
1.048900190000e-03 1.889605760000e+00 7.176037680000e-07
1.211114230000e-03 1.893029450000e+00 7.932678730000e-07
1.211114230000e-03 1.893029450000e+00 7.945660630000e-07
1.292221250000e-03 1.896239520000e+00 8.692102820000e-07
1.373328270000e-03 1.899021390000e+00 9.470071520000e-07
1.373328270000e-03 1.899021390000e+00 9.483053420000e-07
1.454435290000e-03 1.901375290000e+00 1.018591320000e-06
1.454435290000e-03 1.904157160000e+00 1.103991740000e-06
1.535542310000e-03 1.904371020000e+00 1.105104500000e-06
1.616649330000e-03 1.906724930000e+00 1.185404810000e-06
1.535542310000e-03 1.906724930000e+00 1.186053850000e-06
1.616649330000e-03 1.909078840000e+00 1.268857890000e-06
1.697756350000e-03 1.911218880000e+00 1.349714810000e-06
1.697756350000e-03 1.911218880000e+00 1.350642040000e-06
1.778855920000e-03 1.913572790000e+00 1.435578610000e-06
1.778855920000e-03 1.913572790000e+00 1.436598610000e-06
1.859962940000e-03 1.915498730000e+00 1.520330100000e-06
1.941069960000e-03 1.917638540000e+00 1.606101020000e-06
1.941069960000e-03 1.917638540000e+00 1.608141130000e-06
2.022176980000e-03 1.919350620000e+00 1.688163370000e-06
2.022176980000e-03 1.921490430000e+00 1.780981850000e-06
2.103284000000e-03 1.921490430000e+00 1.783392580000e-06
2.184391020000e-03 1.923416380000e+00 1.872223950000e-06
2.184391020000e-03 1.923416380000e+00 1.873985520000e-06
2.346605060000e-03 1.925342320000e+00 1.965042430000e-06
2.346605060000e-03 1.927054170000e+00 2.053039000000e-06
2.346605060000e-03 1.926840310000e+00 2.055820690000e-06
2.427712080000e-03 1.928552150000e+00 2.148731940000e-06
2.427712080000e-03 1.928552150000e+00 2.150771930000e-06
2.508819100000e-03 1.930264000000e+00 2.241179350000e-06
2.671025690000e-03 1.931976080000e+00 2.335203130000e-06
2.589926120000e-03 1.931976080000e+00 2.337335900000e-06
2.671025690000e-03 1.933687930000e+00 2.423663550000e-06
2.752132710000e-03 1.935185910000e+00 2.524919860000e-06
2.833239730000e-03 1.935400010000e+00 2.527052630000e-06
2.833239730000e-03 1.936683890000e+00 2.622930880000e-06
2.833239730000e-03 1.936683890000e+00 2.623301950000e-06
2.914346750000e-03 1.938181880000e+00 2.720756810000e-06
2.995453770000e-03 1.939465760000e+00 2.812276990000e-06
2.995453770000e-03 1.939465760000e+00 2.816542060000e-06
3.157667820000e-03 1.941177610000e+00 2.916500530000e-06
3.157667820000e-03 1.942461730000e+00 3.015253240000e-06
3.157667820000e-03 1.942461730000e+00 3.015160700000e-06
3.238774840000e-03 1.944173570000e+00 3.113728100000e-06
3.238774840000e-03 1.943959470000e+00 3.114840640000e-06
3.319881860000e-03 1.945243600000e+00 3.209884430000e-06
3.400988880000e-03 1.946741340000e+00 3.318744580000e-06
3.400988880000e-03 1.946527480000e+00 3.320599030000e-06
3.482095900000e-03 1.948239330000e+00 3.424451730000e-06
3.482095900000e-03 1.948239330000e+00 3.425564500000e-06
3.644302490000e-03 1.949737310000e+00 3.531549960000e-06
3.644302490000e-03 1.950807330000e+00 3.630951600000e-06
3.644302490000e-03 1.950807330000e+00 3.632991820000e-06
3.806516530000e-03 1.952091220000e+00 3.741573660000e-06
3.806516530000e-03 1.953161240000e+00 3.846446360000e-06
3.806516530000e-03 1.953161240000e+00 3.848579130000e-06
3.887623550000e-03 1.954231260000e+00 3.954471590000e-06
3.887623550000e-03 1.954445120000e+00 3.957532040000e-06
4.049837590000e-03 1.955729010000e+00 4.057489600000e-06
4.049837590000e-03 1.957013130000e+00 4.057489600000e-06
4.049837590000e-03 1.957013130000e+00 4.213479310000e-06
4.130944610000e-03 1.958297010000e+00 4.299316520000e-06
4.130944610000e-03 1.958297010000e+00 4.292785430000e-06
4.212051630000e-03 1.959367040000e+00 4.397282280000e-06
4.293158650000e-03 1.960650920000e+00 4.509244260000e-06
4.374265670000e-03 1.960436820000e+00 4.502713180000e-06
4.374265670000e-03 1.961720940000e+00 4.618406360000e-06
4.455365240000e-03 1.962790730000e+00 4.726635780000e-06
4.536472260000e-03 1.962790730000e+00 4.725702640000e-06
4.536472260000e-03 1.964074850000e+00 4.836731020000e-06
4.536472260000e-03 1.964074850000e+00 4.833932050000e-06
4.617579280000e-03 1.965144630000e+00 4.941228330000e-06
4.698686300000e-03 1.966214660000e+00 5.059720480000e-06
4.779793320000e-03 1.966214660000e+00 5.059720480000e-06
4.779793320000e-03 1.967498540000e+00 5.176347260000e-06
4.860900340000e-03 1.968568560000e+00 5.294839410000e-06
4.860900340000e-03 1.968354700000e+00 5.292040440000e-06
4.942007360000e-03 1.969424490000e+00 5.405867800000e-06
4.942007360000e-03 1.969424490000e+00 5.404934650000e-06
5.023114380000e-03 1.970494510000e+00 5.519694700000e-06
5.104221400000e-03 1.971564530000e+00 5.638187760000e-06
5.104221400000e-03 1.971350430000e+00 5.640053590000e-06
5.185328420000e-03 1.972848420000e+00 5.753881400000e-06
5.185328420000e-03 1.972634550000e+00 5.755746770000e-06
5.266435440000e-03 1.973704340000e+00 5.864908870000e-06
5.347535010000e-03 1.974774360000e+00 5.987133590000e-06
5.266435440000e-03 1.974774360000e+00 5.987133590000e-06
5.509749050000e-03 1.975630280000e+00 6.106558890000e-06
5.509749050000e-03 1.976914170000e+00 6.228783600000e-06
5.509749050000e-03 1.976700310000e+00 6.230649430000e-06
5.590856080000e-03 1.977770330000e+00 6.341677820000e-06
5.590856080000e-03 1.977770330000e+00 6.342610050000e-06
5.671963100000e-03 1.978840110000e+00 6.466701510000e-06
5.753070120000e-03 1.979482170000e+00 6.582395140000e-06
5.753070120000e-03 1.979910140000e+00 6.585194110000e-06
5.834177140000e-03 1.980766060000e+00 6.702752670000e-06
5.915284160000e-03 1.980766060000e+00 6.701819530000e-06
5.915284160000e-03 1.981408120000e+00 6.810982540000e-06
5.996391180000e-03 1.982692000000e+00 6.945335370000e-06
5.996391180000e-03 1.982692000000e+00 6.940671030000e-06
6.077498200000e-03 1.983547930000e+00 7.066626950000e-06
6.239704790000e-03 1.984404090000e+00 7.196316350000e-06
6.158605220000e-03 1.984404090000e+00 7.199115320000e-06
6.239704790000e-03 1.985045910000e+00 7.312941760000e-06
6.239704790000e-03 1.985260010000e+00 7.317607470000e-06
6.320811810000e-03 1.986543890000e+00 7.447295960000e-06
6.401918830000e-03 1.987185960000e+00 7.573251880000e-06
6.320811810000e-03 1.987185960000e+00 7.574185470000e-06
6.401918830000e-03 1.987827780000e+00 7.698276020000e-06
6.564132870000e-03 1.988897800000e+00 7.821433430000e-06
6.645239890000e-03 1.988897800000e+00 7.819567140000e-06
6.645239890000e-03 1.989967820000e+00 7.954853570000e-06
6.645239890000e-03 1.989967820000e+00 7.951121920000e-06
6.726346910000e-03 1.990609650000e+00 8.085475200000e-06
6.807453930000e-03 1.991679670000e+00 8.212364260000e-06
6.726346910000e-03 1.991893770000e+00 8.213297410000e-06
6.807453930000e-03 1.992749690000e+00 8.335522580000e-06
6.888560950000e-03 1.992321730000e+00 8.340187380000e-06
6.969667970000e-03 1.993605610000e+00 8.471742150000e-06
7.050774990000e-03 1.994461540000e+00 8.597698070000e-06
7.050774990000e-03 1.994247670000e+00 8.600497490000e-06
7.050774990000e-03 1.995317460000e+00 8.730185980000e-06
7.294088600000e-03 1.996173620000e+00 8.852410250000e-06
7.212981580000e-03 1.996173620000e+00 8.853343390000e-06
7.294088600000e-03 1.997029540000e+00 8.995160900000e-06
7.375195620000e-03 1.997029540000e+00 8.997028090000e-06
7.375195620000e-03 1.997885470000e+00 9.130448230000e-06
7.456302640000e-03 1.998741390000e+00 9.265733750000e-06
7.456302640000e-03 1.998741390000e+00 9.265733750000e-06
7.537409660000e-03 1.999597310000e+00 9.398222570000e-06
7.537409660000e-03 1.999383450000e+00 9.395423150000e-06
7.618516680000e-03 2.000453230000e+00 9.534442140000e-06
7.699623700000e-03 2.001309390000e+00 9.671593940000e-06
7.699623700000e-03 2.001309390000e+00 9.671593940000e-06
7.780730720000e-03 2.001951220000e+00 9.809680710000e-06
7.861837740000e-03 2.002593280000e+00 9.938436050000e-06
7.861837740000e-03 2.002593280000e+00 9.937501090000e-06
7.942944770000e-03 2.003663300000e+00 1.007931950000e-05
7.942944770000e-03 2.003877160000e+00 1.007838730000e-05
8.024044330000e-03 2.004519220000e+00 1.022113700000e-05
8.105151360000e-03 2.005375150000e+00 1.035829150000e-05
8.105151360000e-03 2.005161290000e+00 1.035735660000e-05
8.186258380000e-03 2.006231070000e+00 1.049077760000e-05
8.267365400000e-03 2.007086990000e+00 1.063446230000e-05
8.186258380000e-03 2.006873130000e+00 1.063632680000e-05
8.429579440000e-03 2.007943150000e+00 1.077441360000e-05
8.348472420000e-03 2.007729050000e+00 1.077254640000e-05
8.429579440000e-03 2.008371110000e+00 1.091529880000e-05
8.510686460000e-03 2.009227040000e+00 1.104778490000e-05
8.510686460000e-03 2.009012940000e+00 1.104871990000e-05
8.591793480000e-03 2.010082960000e+00 1.120173330000e-05
8.591793480000e-03 2.010082960000e+00 1.119893480000e-05
8.672900500000e-03 2.010938880000e+00 1.134821470000e-05
8.754007520000e-03 2.011580940000e+00 1.149936450000e-05
8.754007520000e-03 2.011794810000e+00 1.149842960000e-05
8.835114540000e-03 2.012436870000e+00 1.164304650000e-05
8.916214110000e-03 2.013292790000e+00 1.179606080000e-05
8.916214110000e-03 2.013078930000e+00 1.179606080000e-05
8.997321130000e-03 2.014148710000e+00 1.194347620000e-05
8.997321130000e-03 2.013934850000e+00 1.194440850000e-05
9.078428150000e-03 2.014790770000e+00 1.209369110000e-05
9.159535170000e-03 2.015432830000e+00 1.223271010000e-05
9.159535170000e-03 2.015646700000e+00 1.223457730000e-05
9.159535170000e-03 2.016288760000e+00 1.239412090000e-05
9.159535170000e-03 2.016502620000e+00 1.239412090000e-05
9.321749210000e-03 2.017144680000e+00 1.254620290000e-05
9.321749210000e-03 2.017786740000e+00 1.269921450000e-05
9.321749210000e-03 2.017786740000e+00 1.270201390000e-05
9.483963250000e-03 2.018642660000e+00 1.284663090000e-05
9.646177290000e-03 2.019498590000e+00 1.300430990000e-05
9.483963250000e-03 2.019284730000e+00 1.300337770000e-05
9.646177290000e-03 2.020140650000e+00 1.315919050000e-05
9.646177290000e-03 2.019926550000e+00 1.315639200000e-05
9.727284310000e-03 2.020782470000e+00 1.331033760000e-05
9.808383880000e-03 2.021638630000e+00 1.345775400000e-05
9.808383880000e-03 2.021638630000e+00 1.345962030000e-05
9.970597920000e-03 2.022494550000e+00 1.362196420000e-05
9.889490900000e-03 2.022280450000e+00 1.362382860000e-05
9.970597920000e-03 2.023136380000e+00 1.378150770000e-05
1.005170490000e-02 2.023778440000e+00 1.394758510000e-05
1.005170490000e-02 2.023778440000e+00 1.394385160000e-05
1.013281200000e-02 2.024420500000e+00 1.409966440000e-05
1.021391900000e-02 2.025276420000e+00 1.426574090000e-05
1.021391900000e-02 2.025276420000e+00 1.426387460000e-05
1.029502600000e-02 2.025918250000e+00 1.442621940000e-05
1.037613300000e-02 2.025918250000e+00 1.442435310000e-05
1.037613300000e-02 2.026774410000e+00 1.458856330000e-05
1.053834710000e-02 2.027416230000e+00 1.473877820000e-05
1.045724000000e-02 2.027416230000e+00 1.474530840000e-05
1.053834710000e-02 2.028058290000e+00 1.491605050000e-05
1.061945410000e-02 2.028700350000e+00 1.508026070000e-05
1.061945410000e-02 2.028914210000e+00 1.508026070000e-05
1.070055370000e-02 2.029342170000e+00 1.524820160000e-05
1.061945410000e-02 2.029556270000e+00 1.525006700000e-05
1.070055370000e-02 2.030198100000e+00 1.540681480000e-05
1.086276770000e-02 2.031054260000e+00 1.558408440000e-05
1.094387470000e-02 2.031054260000e+00 1.558128500000e-05
1.086276770000e-02 2.031910180000e+00 1.574549610000e-05
1.094387470000e-02 2.031696080000e+00 1.574549610000e-05
1.102498170000e-02 2.032552000000e+00 1.591717050000e-05
1.110608880000e-02 2.032979970000e+00 1.606738620000e-05
1.110608880000e-02 2.032979970000e+00 1.606831760000e-05
1.110608880000e-02 2.033622030000e+00 1.625025650000e-05
1.126830280000e-02 2.034477950000e+00 1.642752610000e-05
1.126830280000e-02 2.034264090000e+00 1.642659480000e-05
1.134940980000e-02 2.035333870000e+00 1.660386810000e-05
1.126830280000e-02 2.035120010000e+00 1.660946510000e-05
1.143051680000e-02 2.035762070000e+00 1.677647380000e-05
1.151162390000e-02 2.036617990000e+00 1.695747780000e-05
1.151162390000e-02 2.036403890000e+00 1.695561150000e-05
1.159272340000e-02 2.037045960000e+00 1.713661550000e-05
1.159272340000e-02 2.037045960000e+00 1.713754860000e-05
1.167383040000e-02 2.037901880000e+00 1.731855260000e-05
1.167383040000e-02 2.038329840000e+00 1.749582590000e-05
1.175493750000e-02 2.038543940000e+00 1.749116020000e-05
1.191715150000e-02 2.039185760000e+00 1.768056060000e-05
1.191715150000e-02 2.039827820000e+00 1.787369550000e-05
1.191715150000e-02 2.039827820000e+00 1.786809660000e-05
1.207936560000e-02 2.040683750000e+00 1.805749890000e-05
1.199825850000e-02 2.040469880000e+00 1.805656390000e-05
1.207936560000e-02 2.041111710000e+00 1.823010640000e-05
1.216047260000e-02 2.041753770000e+00 1.842697020000e-05
1.216047260000e-02 2.041753770000e+00 1.842603710000e-05
1.216047260000e-02 2.042395830000e+00 1.861170680000e-05
1.232268660000e-02 2.043251750000e+00 1.880204040000e-05
1.232268660000e-02 2.043251750000e+00 1.880297350000e-05
1.240379360000e-02 2.043679710000e+00 1.897651420000e-05
1.232268660000e-02 2.043893580000e+00 1.898584380000e-05
1.240379360000e-02 2.044321540000e+00 1.918084310000e-05
1.248489320000e-02 2.045177700000e+00 1.938237260000e-05
1.256600020000e-02 2.045177700000e+00 1.938144120000e-05
1.264710720000e-02 2.046033620000e+00 1.958017130000e-05
1.264710720000e-02 2.046033620000e+00 1.958576830000e-05
1.272821430000e-02 2.046461580000e+00 1.977517060000e-05
1.280932130000e-02 2.047317500000e+00 1.997670190000e-05
1.280932130000e-02 2.047317500000e+00 1.997950130000e-05
1.280932130000e-02 2.047745470000e+00 2.018009760000e-05
1.297153530000e-02 2.048387530000e+00 2.038629280000e-05
1.297153530000e-02 2.048387530000e+00 2.038256210000e-05
1.305264230000e-02 2.049029350000e+00 2.057662640000e-05
1.305264230000e-02 2.049243450000e+00 2.057662640000e-05
1.313374940000e-02 2.049885510000e+00 2.079308620000e-05
1.321485640000e-02 2.050313470000e+00 2.099928130000e-05
1.321485640000e-02 2.050313470000e+00 2.100021450000e-05
1.321485640000e-02 2.050741430000e+00 2.121294160000e-05
1.329596340000e-02 2.051169400000e+00 2.121200670000e-05
1.329596340000e-02 2.051383260000e+00 2.141633740000e-05
1.345817000000e-02 2.052239420000e+00 2.163373030000e-05
1.337706300000e-02 2.052453280000e+00 2.163186220000e-05
1.353927700000e-02 2.053095340000e+00 2.183712600000e-05
1.370149110000e-02 2.053523300000e+00 2.206011600000e-05
1.353927700000e-02 2.053737160000e+00 2.206011600000e-05
1.370149110000e-02 2.054165360000e+00 2.226537800000e-05
1.362038400000e-02 2.054165360000e+00 2.226537800000e-05
1.378259810000e-02 2.054807190000e+00 2.250236320000e-05
1.386370510000e-02 2.055449250000e+00 2.273374960000e-05
1.378259810000e-02 2.055449250000e+00 2.273468090000e-05
1.394481210000e-02 2.055877210000e+00 2.297446550000e-05
1.402591910000e-02 2.056519270000e+00 2.319838860000e-05
1.394481210000e-02 2.056519270000e+00 2.319092530000e-05
1.410702620000e-02 2.057375190000e+00 2.344097270000e-05
1.410702620000e-02 2.057375190000e+00 2.343444070000e-05
1.418813320000e-02 2.057803150000e+00 2.366769330000e-05
1.426923270000e-02 2.058873180000e+00 2.391214180000e-05
1.435033980000e-02 2.058659080000e+00 2.391214180000e-05
1.426923270000e-02 2.059301140000e+00 2.413886430000e-05
1.435033980000e-02 2.059301140000e+00 2.413233230000e-05
1.443144680000e-02 2.059729100000e+00 2.439077620000e-05
1.451255380000e-02 2.060585020000e+00 2.463615780000e-05
1.451255380000e-02 2.060370920000e+00 2.463429150000e-05
1.459366080000e-02 2.061012980000e+00 2.489367030000e-05
1.467476790000e-02 2.061440940000e+00 2.513625260000e-05
1.467476790000e-02 2.061655040000e+00 2.513531940000e-05
1.475587490000e-02 2.062296870000e+00 2.539842900000e-05
1.467476790000e-02 2.062296870000e+00 2.539283010000e-05
1.483698190000e-02 2.062938930000e+00 2.565220710000e-05
1.499919590000e-02 2.063366890000e+00 2.591718290000e-05
1.491808890000e-02 2.063366890000e+00 2.590411900000e-05
1.491808890000e-02 2.064008950000e+00 2.615696580000e-05
1.499919590000e-02 2.064008950000e+00 2.614763620000e-05
1.508030300000e-02 2.064650770000e+00 2.643780320000e-05
1.524250950000e-02 2.065292840000e+00 2.671677250000e-05
1.516140250000e-02 2.065292840000e+00 2.671397310000e-05
1.524250950000e-02 2.065934900000e+00 2.699201100000e-05
1.532361660000e-02 2.066362860000e+00 2.727191530000e-05
1.532361660000e-02 2.066576720000e+00 2.726631830000e-05
1.540472360000e-02 2.067004680000e+00 2.756487990000e-05
1.540472360000e-02 2.067218780000e+00 2.755554850000e-05
1.548583060000e-02 2.067646740000e+00 2.784105160000e-05
1.556693760000e-02 2.068288800000e+00 2.813681570000e-05
1.548583060000e-02 2.068502660000e+00 2.813588250000e-05
1.556693760000e-02 2.068930630000e+00 2.841298740000e-05
1.572915170000e-02 2.069572690000e+00 2.873301130000e-05
1.572915170000e-02 2.069572690000e+00 2.873114320000e-05
1.581025870000e-02 2.069786550000e+00 2.902970850000e-05
1.581025870000e-02 2.070214510000e+00 2.903064160000e-05
1.589136570000e-02 2.070642710000e+00 2.934786610000e-05
1.597247270000e-02 2.071284530000e+00 2.965202480000e-05
1.597247270000e-02 2.071284530000e+00 2.965016030000e-05
1.605357230000e-02 2.071926590000e+00 2.997204870000e-05
1.605357230000e-02 2.071712490000e+00 2.997298360000e-05
1.613467930000e-02 2.072354560000e+00 3.029393520000e-05
1.613467930000e-02 2.072996620000e+00 3.063075200000e-05
1.621578630000e-02 2.072996620000e+00 3.063262190000e-05
1.629689340000e-02 2.073424580000e+00 3.092651970000e-05
1.637800040000e-02 2.074280500000e+00 3.129972170000e-05
1.629689340000e-02 2.074066400000e+00 3.129132530000e-05
1.645910740000e-02 2.074708460000e+00 3.165240200000e-05
1.645910740000e-02 2.074708460000e+00 3.164493680000e-05
1.654021440000e-02 2.075564380000e+00 3.201627620000e-05
1.662132140000e-02 2.075778480000e+00 3.237455170000e-05
1.662132140000e-02 2.075778480000e+00 3.237175410000e-05
1.662132140000e-02 2.076420310000e+00 3.276268760000e-05
1.670242850000e-02 2.076420310000e+00 3.275521890000e-05
1.670242850000e-02 2.077062370000e+00 3.313869090000e-05
1.686464250000e-02 2.077704430000e+00 3.354174990000e-05
1.686464250000e-02 2.077490330000e+00 3.353708600000e-05
1.686464250000e-02 2.078132390000e+00 3.391401700000e-05
1.702684910000e-02 2.078988310000e+00 3.435066900000e-05
1.702684910000e-02 2.078560350000e+00 3.434413880000e-05
1.710795610000e-02 2.079416280000e+00 3.477145950000e-05
1.710795610000e-02 2.079416280000e+00 3.475746420000e-05
1.718906310000e-02 2.079844240000e+00 3.520064270000e-05
1.718906310000e-02 2.080486300000e+00 3.561303310000e-05
1.727017020000e-02 2.080486300000e+00 3.562049460000e-05
1.735127720000e-02 2.081128120000e+00 3.607487090000e-05
1.743238420000e-02 2.081556080000e+00 3.653671590000e-05
1.743238420000e-02 2.081556080000e+00 3.653951350000e-05
1.751349120000e-02 2.082198140000e+00 3.700415250000e-05
1.751349120000e-02 2.082198140000e+00 3.699295480000e-05
1.759459820000e-02 2.082626100000e+00 3.744640340000e-05
1.767570530000e-02 2.083268170000e+00 3.799407930000e-05
1.767570530000e-02 2.083268170000e+00 3.797821410000e-05
1.775681230000e-02 2.083909990000e+00 3.850350190000e-05
1.775681230000e-02 2.083696130000e+00 3.849883800000e-05
1.783791180000e-02 2.084338190000e+00 3.905024640000e-05
1.791901890000e-02 2.084980010000e+00 3.958952580000e-05
1.791901890000e-02 2.084980010000e+00 3.956527140000e-05
1.800012590000e-02 2.085407970000e+00 4.017172610000e-05
1.808123290000e-02 2.086263900000e+00 4.074459140000e-05
1.808123290000e-02 2.086050030000e+00 4.075578910000e-05
1.816233990000e-02 2.086477990000e+00 4.075578910000e-05
1.816233990000e-02 2.086692090000e+00 4.198777240000e-05
1.824344690000e-02 2.087120060000e+00 4.223031280000e-05
1.832455400000e-02 2.087761880000e+00 4.280868960000e-05
1.832455400000e-02 2.087761880000e+00 4.279002680000e-05
1.840566100000e-02 2.088403940000e+00 4.348034420000e-05
1.840566100000e-02 2.088189840000e+00 4.345235360000e-05
1.848676800000e-02 2.088831900000e+00 4.417065070000e-05
1.848676800000e-02 2.089259860000e+00 4.486096800000e-05
1.856787500000e-02 2.089473960000e+00 4.481432550000e-05
1.856787500000e-02 2.089901920000e+00 4.563523180000e-05
1.873008160000e-02 2.090543750000e+00 4.643749340000e-05
1.864898200000e-02 2.090543750000e+00 4.640017510000e-05
1.873008160000e-02 2.090971710000e+00 4.727706250000e-05
1.873008160000e-02 2.090757850000e+00 4.722108860000e-05
1.889229570000e-02 2.091399910000e+00 4.812595940000e-05
1.897340270000e-02 2.092255830000e+00 4.917075420000e-05
1.897340270000e-02 2.092041730000e+00 4.912410800000e-05
1.905450970000e-02 2.092683790000e+00 5.017824150000e-05
1.913561670000e-02 2.093111750000e+00 5.131632500000e-05
1.913561670000e-02 2.093325610000e+00 5.125102690000e-05
1.913561670000e-02 2.093539710000e+00 5.241709000000e-05
1.921672370000e-02 2.093753810000e+00 5.233312910000e-05
1.929783080000e-02 2.094181780000e+00 5.367644550000e-05
1.937893780000e-02 2.094823600000e+00 5.497310850000e-05
1.929783080000e-02 2.094823600000e+00 5.489848260000e-05
1.946004480000e-02 2.095465660000e+00 5.631642850000e-05
1.946004480000e-02 2.095465660000e+00 5.627911010000e-05
1.954115180000e-02 2.095893620000e+00 5.772503570000e-05
1.962225880000e-02 2.096535680000e+00 5.950678310000e-05
1.954115180000e-02 2.096321580000e+00 5.942282950000e-05
1.962225880000e-02 2.096749540000e+00 6.129786930000e-05
1.978447290000e-02 2.097391610000e+00 6.338746610000e-05
1.978447290000e-02 2.097391610000e+00 6.325686990000e-05
1.986557990000e-02 2.098033430000e+00 6.536512230000e-05
1.986557990000e-02 2.098033430000e+00 6.526250220000e-05
1.994668690000e-02 2.098675490000e+00 6.781852430000e-05
2.002779390000e-02 2.099103450000e+00 7.057977200000e-05
2.002779390000e-02 2.098889590000e+00 7.051447760000e-05
2.010888610000e-02 2.099745510000e+00 7.364885820000e-05
2.002779390000e-02 2.099531410000e+00 7.351826210000e-05
2.018999310000e-02 2.099959370000e+00 7.694184020000e-05
2.027110010000e-02 2.100601430000e+00 8.135424290000e-05
2.018999310000e-02 2.100387330000e+00 8.132626680000e-05
2.035220710000e-02 2.101243500000e+00 8.635435370000e-05
2.043331410000e-02 2.101671460000e+00 9.263245740000e-05
2.043331410000e-02 2.101671460000e+00 9.251119630000e-05
2.043331410000e-02 2.102099420000e+00 9.965686330000e-05
2.051442120000e-02 2.102099420000e+00 9.933968250000e-05
2.059552820000e-02 2.102741240000e+00 1.090693770000e-04
2.059552820000e-02 2.103383300000e+00 1.213830620000e-04
2.067663520000e-02 2.103169440000e+00 1.206927410000e-04
2.075774220000e-02 2.103811260000e+00 1.362714100000e-04
2.083884920000e-02 2.104239230000e+00 1.556281500000e-04
2.083884920000e-02 2.104025360000e+00 1.545087290000e-04
2.091995630000e-02 2.104667190000e+00 1.812630220000e-04
2.091995630000e-02 2.104881290000e+00 1.803394700000e-04
2.100106330000e-02 2.105095150000e+00 2.125229800000e-04
2.100106330000e-02 2.105523350000e+00 2.512644570000e-04
2.108217030000e-02 2.105737210000e+00 2.496505910000e-04
2.108217030000e-02 2.105951310000e+00 2.893062480000e-04
2.116327730000e-02 2.105951310000e+00 2.874965140000e-04
2.124438430000e-02 2.106807230000e+00 3.331877520000e-04
2.132549140000e-02 2.107021090000e+00 3.786924060000e-04
2.124438430000e-02 2.107021090000e+00 3.771532210000e-04
2.132549140000e-02 2.107449290000e+00 3.771532210000e-04
2.148770540000e-02 2.107663150000e+00 4.693447260000e-04
2.140659840000e-02 2.107877250000e+00 4.646689920000e-04
2.156881240000e-02 2.108305220000e+00 5.153534000000e-04
2.156881240000e-02 2.108305220000e+00 5.110517960000e-04
2.164991950000e-02 2.108947040000e+00 5.590241640000e-04
2.173102650000e-02 2.109161140000e+00 6.088669760000e-04
2.173102650000e-02 2.109375000000e+00 6.066227220000e-04
2.173102650000e-02 2.109589100000e+00 6.557172750000e-04
2.173102650000e-02 2.109803200000e+00 6.530989190000e-04
2.189322560000e-02 2.110017060000e+00 7.035962770000e-04
2.197433260000e-02 2.110659120000e+00 7.532520100000e-04
2.189322560000e-02 2.110445020000e+00 7.508206760000e-04
2.197433260000e-02 2.111300950000e+00 8.000087690000e-04
2.205543970000e-02 2.111515050000e+00 8.481683330000e-04
2.213654670000e-02 2.111515050000e+00 8.455499770000e-04
2.221765370000e-02 2.111943010000e+00 8.971694040000e-04
2.213654670000e-02 2.111728910000e+00 8.951121710000e-04
2.221765370000e-02 2.112370970000e+00 9.439263380000e-04
2.229876070000e-02 2.113013030000e+00 9.932079120000e-04
2.237986770000e-02 2.112585070000e+00 9.914311810000e-04
2.246097480000e-02 2.113440990000e+00 1.037626880000e-03
2.254208180000e-02 2.113654850000e+00 1.087469630000e-03
2.254208180000e-02 2.113868950000e+00 1.085505940000e-03
2.254208180000e-02 2.114296910000e+00 1.134226450000e-03
2.262318880000e-02 2.114082810000e+00 1.131888600000e-03
2.270429580000e-02 2.114724870000e+00 1.181263830000e-03
2.278540280000e-02 2.115152840000e+00 1.226711440000e-03
2.270429580000e-02 2.115152840000e+00 1.222035850000e-03
2.286650990000e-02 2.115580800000e+00 1.274777340000e-03
2.286650990000e-02 2.115366940000e+00 1.272346130000e-03
2.294761690000e-02 2.116008760000e+00 1.322095280000e-03
2.294761690000e-02 2.116436720000e+00 1.373247240000e-03
2.302872390000e-02 2.116650820000e+00 1.370161190000e-03
2.310983090000e-02 2.116864920000e+00 1.416637560000e-03
2.310983090000e-02 2.117292880000e+00 1.467602440000e-03
2.310983090000e-02 2.117292880000e+00 1.464423030000e-03
2.327204500000e-02 2.117720840000e+00 1.512021410000e-03
2.327204500000e-02 2.117720840000e+00 1.508467830000e-03
2.327204500000e-02 2.118148800000e+00 1.556066210000e-03
2.335315200000e-02 2.118576770000e+00 1.601794620000e-03
2.343425900000e-02 2.118576770000e+00 1.600391810000e-03
2.351536600000e-02 2.119218830000e+00 1.651076250000e-03
2.351536600000e-02 2.119004730000e+00 1.649580080000e-03
2.351536600000e-02 2.119860650000e+00 1.699703280000e-03
2.359647300000e-02 2.119860650000e+00 1.749826600000e-03
2.367756520000e-02 2.119860650000e+00 1.747956270000e-03
2.375867220000e-02 2.120716570000e+00 1.793497360000e-03
2.375867220000e-02 2.120930670000e+00 1.845958640000e-03
2.375867220000e-02 2.120930670000e+00 1.845023360000e-03
2.392088620000e-02 2.121144530000e+00 1.892995900000e-03
2.383977920000e-02 2.121358630000e+00 1.889910080000e-03
2.400199320000e-02 2.121786590000e+00 1.939565530000e-03
2.408310030000e-02 2.122214560000e+00 1.986322690000e-03
2.400199320000e-02 2.122214560000e+00 1.984078200000e-03
2.400199320000e-02 2.122642520000e+00 2.035136570000e-03
2.424531430000e-02 2.123284580000e+00 2.086101570000e-03
2.424531430000e-02 2.123284580000e+00 2.083108990000e-03
2.424531430000e-02 2.123712540000e+00 2.133325910000e-03
2.432642130000e-02 2.123498440000e+00 2.131081420000e-03
2.432642130000e-02 2.124140500000e+00 2.179521600000e-03
2.448863540000e-02 2.124568460000e+00 2.232824450000e-03
2.440752830000e-02 2.124568460000e+00 2.230954120000e-03
2.456974240000e-02 2.124782560000e+00 2.280142390000e-03
2.456974240000e-02 2.124996420000e+00 2.276962620000e-03
2.456974240000e-02 2.125424390000e+00 2.326431450000e-03
2.465084940000e-02 2.125852350000e+00 2.373001310000e-03
2.465084940000e-02 2.125638480000e+00 2.369821770000e-03
2.473195640000e-02 2.126494410000e+00 2.422750460000e-03
2.489417050000e-02 2.126708510000e+00 2.471564570000e-03
2.489417050000e-02 2.126922370000e+00 2.469974800000e-03
2.497527750000e-02 2.127350330000e+00 2.518414750000e-03
2.489417050000e-02 2.127136470000e+00 2.517012410000e-03
2.505638450000e-02 2.127564430000e+00 2.563020910000e-03
2.505638450000e-02 2.127992390000e+00 2.614920960000e-03
2.513749150000e-02 2.128206250000e+00 2.614453430000e-03
2.513749150000e-02 2.128634450000e+00 2.662612820000e-03
2.513749150000e-02 2.128420350000e+00 2.661210250000e-03
2.529970560000e-02 2.129276280000e+00 2.711146370000e-03
2.529970560000e-02 2.129490380000e+00 2.757809820000e-03
2.529970560000e-02 2.129490380000e+00 2.756874540000e-03
2.546190470000e-02 2.129918340000e+00 2.809148750000e-03
2.554301170000e-02 2.130346300000e+00 2.860020150000e-03
2.554301170000e-02 2.130346300000e+00 2.858991270000e-03
2.554301170000e-02 2.130774260000e+00 2.908834260000e-03
2.554301170000e-02 2.130560160000e+00 2.908647060000e-03
2.562411870000e-02 2.131202220000e+00 2.955310510000e-03
2.578633280000e-02 2.131630180000e+00 3.005901350000e-03
2.578633280000e-02 2.131844280000e+00 3.003937660000e-03
2.578633280000e-02 2.132272240000e+00 3.052471210000e-03
2.586743980000e-02 2.132700200000e+00 3.102407330000e-03
2.594854680000e-02 2.132486100000e+00 3.100443860000e-03
2.602965380000e-02 2.132914070000e+00 3.146078200000e-03
2.594854680000e-02 2.132914070000e+00 3.143179230000e-03
2.611076090000e-02 2.133556130000e+00 3.195079280000e-03
2.611076090000e-02 2.133984090000e+00 3.244454740000e-03
2.611076090000e-02 2.133984090000e+00 3.243332260000e-03
2.619186790000e-02 2.134412050000e+00 3.293268850000e-03
2.627297490000e-02 2.134198190000e+00 3.291959410000e-03
2.635408190000e-02 2.134840010000e+00 3.338996790000e-03
2.635408190000e-02 2.135482070000e+00 3.390429310000e-03
2.635408190000e-02 2.135267970000e+00 3.388465610000e-03
2.651629600000e-02 2.135910030000e+00 3.435876920000e-03
2.651629600000e-02 2.136124130000e+00 3.485158550000e-03
2.651629600000e-02 2.136124130000e+00 3.482446540000e-03
2.659740300000e-02 2.136552100000e+00 3.525836860000e-03
2.667851000000e-02 2.136552100000e+00 3.523312040000e-03
2.667851000000e-02 2.136980060000e+00 3.575118490000e-03
2.675961700000e-02 2.137621880000e+00 3.624680920000e-03
2.684072410000e-02 2.137408020000e+00 3.623278110000e-03
2.684072410000e-02 2.138050080000e+00 3.673588390000e-03
2.684072410000e-02 2.138050080000e+00 3.673027500000e-03
2.700293810000e-02 2.138478040000e+00 3.719877680000e-03
2.708404510000e-02 2.138906000000e+00 3.772993570000e-03
2.700293810000e-02 2.138906000000e+00 3.772432450000e-03
2.708404510000e-02 2.139333960000e+00 3.820872400000e-03
2.716515210000e-02 2.139761920000e+00 3.871556840000e-03
2.724624430000e-02 2.139761920000e+00 3.871463470000e-03
2.724624430000e-02 2.140189890000e+00 3.919435670000e-03
2.724624430000e-02 2.140189890000e+00 3.915882670000e-03
2.732735130000e-02 2.140617850000e+00 3.967501690000e-03
2.748956530000e-02 2.141259910000e+00 4.018653650000e-03
2.748956530000e-02 2.141045810000e+00 4.017718600000e-03
2.748956530000e-02 2.141473770000e+00 4.067841920000e-03
2.765177940000e-02 2.142115830000e+00 4.116562200000e-03
2.757067230000e-02 2.141901730000e+00 4.114224580000e-03
2.765177940000e-02 2.142543790000e+00 4.114224580000e-03
2.765177940000e-02 2.142329930000e+00 4.211762450000e-03
2.773288640000e-02 2.142971750000e+00 4.239741710000e-03
2.781399340000e-02 2.143185850000e+00 4.286373500000e-03
2.781399340000e-02 2.143399720000e+00 4.281710370000e-03
2.789510040000e-02 2.143613820000e+00 4.322745840000e-03
2.789510040000e-02 2.143613820000e+00 4.323678560000e-03
2.797620740000e-02 2.144041780000e+00 4.374040290000e-03
2.813842150000e-02 2.144683840000e+00 4.426267460000e-03
2.805731450000e-02 2.144469740000e+00 4.423470240000e-03
2.813842150000e-02 2.145325660000e+00 4.475697410000e-03
2.821952850000e-02 2.145539760000e+00 4.525126420000e-03
2.830063550000e-02 2.145753620000e+00 4.519530570000e-03
2.838174250000e-02 2.146181580000e+00 4.574556370000e-03
2.830063550000e-02 2.145967720000e+00 4.567094610000e-03
2.838174250000e-02 2.146395680000e+00 4.619322250000e-03
2.846284960000e-02 2.146823640000e+00 4.670616700000e-03
2.846284960000e-02 2.146823640000e+00 4.667819010000e-03
2.862506360000e-02 2.147251610000e+00 4.714450800000e-03
2.854395660000e-02 2.147251610000e+00 4.709787670000e-03
2.862506360000e-02 2.147679570000e+00 4.760149400000e-03
2.870617060000e-02 2.148107530000e+00 4.813309290000e-03
2.878727760000e-02 2.148107530000e+00 4.811443850000e-03
2.886838470000e-02 2.148749590000e+00 4.859940610000e-03
2.894949170000e-02 2.148963450000e+00 4.912168250000e-03
2.886838470000e-02 2.149177550000e+00 4.908437840000e-03
2.894949170000e-02 2.149391650000e+00 4.957866850000e-03
2.894949170000e-02 2.149605510000e+00 4.958799570000e-03
2.903058380000e-02 2.150033470000e+00 5.005430900000e-03
2.911169080000e-02 2.150675540000e+00 5.055793560000e-03
2.911169080000e-02 2.150675540000e+00 5.054860840000e-03
2.927390490000e-02 2.150889400000e+00 5.094030870000e-03
2.927390490000e-02 2.151317360000e+00 5.150921180000e-03
2.927390490000e-02 2.151103500000e+00 5.146258040000e-03
2.943611890000e-02 2.151745560000e+00 5.201283840000e-03
2.943611890000e-02 2.151531460000e+00 5.194755270000e-03
2.943611890000e-02 2.152387380000e+00 5.246982440000e-03
2.959833290000e-02 2.152601480000e+00 5.295479670000e-03
2.959833290000e-02 2.152601480000e+00 5.294546480000e-03
2.967944000000e-02 2.153243300000e+00 5.343043710000e-03
2.967944000000e-02 2.153029440000e+00 5.343043710000e-03
2.976054700000e-02 2.153457400000e+00 5.389675030000e-03
2.984165400000e-02 2.154099460000e+00 5.441902670000e-03
2.984165400000e-02 2.153885360000e+00 5.440969490000e-03
2.984165400000e-02 2.154313330000e+00 5.489466710000e-03
2.992276100000e-02 2.154955390000e+00 5.540761170000e-03
3.000386800000e-02 2.154955390000e+00 5.539828450000e-03
3.008497510000e-02 2.155383350000e+00 5.588325670000e-03
3.000386800000e-02 2.155169250000e+00 5.585527050000e-03
3.008497510000e-02 2.155811310000e+00 5.636822430000e-03
3.024718910000e-02 2.156239270000e+00 5.686251450000e-03
3.024718910000e-02 2.156025170000e+00 5.682521030000e-03
3.024718910000e-02 2.156453370000e+00 5.735681390000e-03
3.032829610000e-02 2.156453370000e+00 5.735681390000e-03
3.032829610000e-02 2.157095190000e+00 5.781379990000e-03
3.040940310000e-02 2.157523160000e+00 5.834539890000e-03
3.049051020000e-02 2.157309290000e+00 5.830808540000e-03
3.057161720000e-02 2.157737260000e+00 5.879305770000e-03
3.057161720000e-02 2.158379080000e+00 5.933398850000e-03
3.065272420000e-02 2.158379080000e+00 5.927802990000e-03
3.065272420000e-02 2.158807280000e+00 5.980962890000e-03
3.065272420000e-02 2.158807280000e+00 5.975367040000e-03
3.073383120000e-02 2.159235240000e+00 6.030391900000e-03
3.081492330000e-02 2.159877060000e+00 6.076091430000e-03
3.081492330000e-02 2.159663200000e+00 6.077955940000e-03
3.089603040000e-02 2.159877060000e+00 6.124587730000e-03
3.097713740000e-02 2.160305020000e+00 6.122722760000e-03
3.105824440000e-02 2.160519120000e+00 6.172151770000e-03
3.113935140000e-02 2.161161180000e+00 6.223446220000e-03
3.113935140000e-02 2.160947080000e+00 6.220649000000e-03
3.113935140000e-02 2.161589150000e+00 6.269145760000e-03
3.130156550000e-02 2.162017110000e+00 6.324170620000e-03
3.122045840000e-02 2.161803010000e+00 6.319507490000e-03
3.138267250000e-02 2.162017110000e+00 6.371735130000e-03
3.130156550000e-02 2.162445070000e+00 6.368004720000e-03
3.138267250000e-02 2.162658930000e+00 6.419299170000e-03
3.146377950000e-02 2.163300990000e+00 6.467796400000e-03
3.146377950000e-02 2.163086890000e+00 6.464065050000e-03
3.162599350000e-02 2.163728950000e+00 6.516292230000e-03
3.170710060000e-02 2.163943050000e+00 6.563856730000e-03
3.170710060000e-02 2.164156910000e+00 6.563856730000e-03
3.178820760000e-02 2.164584880000e+00 6.611420770000e-03
3.170710060000e-02 2.164798970000e+00 6.606757640000e-03
3.178820760000e-02 2.164798970000e+00 6.653388960000e-03
3.195042160000e-02 2.165440800000e+00 6.702818910000e-03
3.195042160000e-02 2.165226940000e+00 6.701886190000e-03
3.195042160000e-02 2.165869000000e+00 6.753180640000e-03
3.195042160000e-02 2.165869000000e+00 6.753180640000e-03
3.211263570000e-02 2.166296960000e+00 6.804475100000e-03
3.211263570000e-02 2.166724920000e+00 6.853905040000e-03
3.219374270000e-02 2.166938780000e+00 6.849241910000e-03
3.227484970000e-02 2.167152880000e+00 6.905199490000e-03
3.227484970000e-02 2.167794700000e+00 6.954629440000e-03
3.227484970000e-02 2.167580840000e+00 6.948100870000e-03
3.243706380000e-02 2.168222900000e+00 7.001260760000e-03
3.235595670000e-02 2.168008800000e+00 6.996598090000e-03
3.243706380000e-02 2.168436770000e+00 7.042296700000e-03
3.251817080000e-02 2.168864730000e+00 7.094523870000e-03
3.251817080000e-02 2.168864730000e+00 7.093591150000e-03
3.268036990000e-02 2.169506790000e+00 7.145818320000e-03
3.268036990000e-02 2.169292690000e+00 7.138356570000e-03
3.276147690000e-02 2.169720650000e+00 7.190584210000e-03
3.276147690000e-02 2.170362710000e+00 7.237216460000e-03
3.276147690000e-02 2.170148610000e+00 7.234418300000e-03
3.292369100000e-02 2.170576810000e+00 7.286645470000e-03
3.292369100000e-02 2.171004770000e+00 7.339805360000e-03
3.292369100000e-02 2.171004770000e+00 7.331412290000e-03
3.300479800000e-02 2.171860690000e+00 7.383639460000e-03
3.300479800000e-02 2.171646600000e+00 7.378975400000e-03
3.308590500000e-02 2.172074560000e+00 7.424674930000e-03
3.316701200000e-02 2.172288660000e+00 7.474103940000e-03
3.324811910000e-02 2.172502520000e+00 7.471306720000e-03
3.324811910000e-02 2.172930720000e+00 7.519802540000e-03
3.332922610000e-02 2.173144580000e+00 7.573895620000e-03
3.341033310000e-02 2.173358680000e+00 7.569232490000e-03
3.341033310000e-02 2.173786640000e+00 7.621459660000e-03
3.341033310000e-02 2.173572540000e+00 7.613998370000e-03
3.357254710000e-02 2.174000500000e+00 7.667158260000e-03
3.365365420000e-02 2.174428460000e+00 7.715655490000e-03
3.365365420000e-02 2.174428460000e+00 7.712858260000e-03
3.373476120000e-02 2.175070520000e+00 7.766017220000e-03
3.365365420000e-02 2.174856420000e+00 7.766949940000e-03
3.373476120000e-02 2.175284620000e+00 7.814514450000e-03
3.389697520000e-02 2.175712590000e+00 7.863944400000e-03
3.389697520000e-02 2.175926450000e+00 7.863011210000e-03
3.389697520000e-02 2.176354410000e+00 7.911507970000e-03
3.405918930000e-02 2.176782370000e+00 7.963735610000e-03
3.397808220000e-02 2.176782370000e+00 7.963735610000e-03
3.405918930000e-02 2.177210570000e+00 8.006636050000e-03
3.414029630000e-02 2.176996470000e+00 8.004771550000e-03
3.422140330000e-02 2.177638530000e+00 8.059795950000e-03
3.430251030000e-02 2.178066490000e+00 8.106427270000e-03
3.422140330000e-02 2.177852390000e+00 8.105494080000e-03
3.430251030000e-02 2.178494450000e+00 8.151194080000e-03
3.430251030000e-02 2.178280350000e+00 8.151194080000e-03
3.438360240000e-02 2.178922410000e+00 8.195026780000e-03
3.446470950000e-02 2.179350380000e+00 8.250986230000e-03
3.446470950000e-02 2.179350380000e+00 8.248187600000e-03
3.462692350000e-02 2.179564480000e+00 8.293885740000e-03
3.462692350000e-02 2.179992440000e+00 8.347045630000e-03
3.462692350000e-02 2.180206300000e+00 8.346113380000e-03
3.470803050000e-02 2.180634260000e+00 8.391813380000e-03
3.470803050000e-02 2.180634260000e+00 8.391813380000e-03
3.478913750000e-02 2.181062220000e+00 8.437511510000e-03
3.487024460000e-02 2.181490180000e+00 8.488805960000e-03
3.487024460000e-02 2.181276320000e+00 8.485076020000e-03
3.503245860000e-02 2.181918380000e+00 8.537302730000e-03
3.511356560000e-02 2.182346340000e+00 8.584867230000e-03
3.511356560000e-02 2.182346340000e+00 8.582068610000e-03
3.519467260000e-02 2.182774310000e+00 8.635229430000e-03
3.511356560000e-02 2.182774310000e+00 8.630566300000e-03
3.519467260000e-02 2.183202270000e+00 8.679996240000e-03
3.535688670000e-02 2.183630230000e+00 8.726627570000e-03
3.535688670000e-02 2.183844090000e+00 8.727559820000e-03
3.535688670000e-02 2.184272290000e+00 8.774191140000e-03
3.543799370000e-02 2.184272290000e+00 8.768595760000e-03
3.551910070000e-02 2.184486150000e+00 8.821755650000e-03
3.560020770000e-02 2.184914110000e+00 8.871184660000e-03
3.560020770000e-02 2.185128210000e+00 8.867454720000e-03
3.568131480000e-02 2.185342070000e+00 8.915018290000e-03
3.576242180000e-02 2.185984130000e+00 8.960717360000e-03
3.568131480000e-02 2.185770030000e+00 8.956987410000e-03
3.576242180000e-02 2.186198000000e+00 9.011078630000e-03
3.584352880000e-02 2.186198000000e+00 9.006415490000e-03
3.592463580000e-02 2.186626200000e+00 9.056778620000e-03
3.600574280000e-02 2.187054160000e+00 9.106207640000e-03
3.592463580000e-02 2.187054160000e+00 9.101544510000e-03
3.600574280000e-02 2.187482120000e+00 9.150974450000e-03
3.600574280000e-02 2.187482120000e+00 9.148175830000e-03
3.608684990000e-02 2.188123940000e+00 9.196672590000e-03
3.616794200000e-02 2.188551900000e+00 9.246101600000e-03
3.616794200000e-02 2.188338040000e+00 9.241439400000e-03
3.624904900000e-02 2.188766000000e+00 9.292733860000e-03
3.633015600000e-02 2.189193960000e+00 9.337500670000e-03
3.633015600000e-02 2.189193960000e+00 9.334702040000e-03
3.641126300000e-02 2.189621930000e+00 9.385064240000e-03
3.641126300000e-02 2.189621930000e+00 9.378536600000e-03
3.657347710000e-02 2.190049890000e+00 9.429831060000e-03
3.665458410000e-02 2.190691950000e+00 9.479259140000e-03
3.665458410000e-02 2.190691950000e+00 9.480192330000e-03
3.673569110000e-02 2.190905810000e+00 9.522160520000e-03
3.673569110000e-02 2.191334010000e+00 9.572522710000e-03
3.681679820000e-02 2.191547870000e+00 9.571589530000e-03
3.689790520000e-02 2.191761970000e+00 9.618221780000e-03
3.681679820000e-02 2.191761970000e+00 9.613557720000e-03
3.697901220000e-02 2.192189930000e+00 9.660190900000e-03
3.697901220000e-02 2.192617890000e+00 9.704024530000e-03
3.697901220000e-02 2.192617890000e+00 9.702159090000e-03
3.706011920000e-02 2.193259720000e+00 9.753453550000e-03
3.706011920000e-02 2.193045850000e+00 9.749721740000e-03
3.714122620000e-02 2.193473820000e+00 9.797287170000e-03
3.730344030000e-02 2.193901780000e+00 9.845783000000e-03
3.730344030000e-02 2.193901780000e+00 9.846716190000e-03
3.730344030000e-02 2.194329740000e+00 9.891483000000e-03
3.738454730000e-02 2.194757700000e+00 9.946506470000e-03
3.738454730000e-02 2.194757700000e+00 9.939046580000e-03
3.746565430000e-02 2.195185660000e+00 9.988474660000e-03
3.746565430000e-02 2.195185660000e+00 9.985678830000e-03
3.754676130000e-02 2.195827720000e+00 1.003230920000e-02
3.762786840000e-02 2.196255680000e+00 1.007800920000e-02
3.762786840000e-02 2.196041820000e+00 1.007707600000e-02
3.770897540000e-02 2.196683650000e+00 1.012463960000e-02
3.779008240000e-02 2.196469780000e+00 1.012090970000e-02
3.787118940000e-02 2.196897750000e+00 1.016940640000e-02
3.787118940000e-02 2.197325710000e+00 1.022443180000e-02
3.795228150000e-02 2.197325710000e+00 1.021883450000e-02
3.795228150000e-02 2.197967530000e+00 1.026733310000e-02
3.803338860000e-02 2.198181630000e+00 1.031956080000e-02
3.811449560000e-02 2.198181630000e+00 1.031769440000e-02
3.811449560000e-02 2.198609590000e+00 1.036525800000e-02
3.819560260000e-02 2.198609590000e+00 1.035873030000e-02
3.819560260000e-02 2.199037550000e+00 1.040815930000e-02
3.827670960000e-02 2.199465510000e+00 1.045572480000e-02
3.835781660000e-02 2.199679610000e+00 1.045292620000e-02
3.843892370000e-02 2.199893470000e+00 1.050515290000e-02
3.843892370000e-02 2.200321440000e+00 1.055178610000e-02
3.843892370000e-02 2.200535540000e+00 1.054805420000e-02
3.852003070000e-02 2.200749640000e+00 1.059841640000e-02
3.852003070000e-02 2.200535540000e+00 1.059561780000e-02
3.860113770000e-02 2.201177600000e+00 1.063851920000e-02
3.876335170000e-02 2.201605560000e+00 1.069074590000e-02
3.868224470000e-02 2.201605560000e+00 1.068981360000e-02
3.884445880000e-02 2.202247380000e+00 1.073458050000e-02
3.876335170000e-02 2.201819420000e+00 1.072898510000e-02
3.892556580000e-02 2.202675340000e+00 1.077934730000e-02
3.892556580000e-02 2.202889440000e+00 1.082690990000e-02
3.900667280000e-02 2.202889440000e+00 1.082318090000e-02
3.900667280000e-02 2.203317400000e+00 1.086981130000e-02
3.916888680000e-02 2.203531500000e+00 1.092017350000e-02
3.908777980000e-02 2.203745370000e+00 1.091364580000e-02
3.924999390000e-02 2.204173330000e+00 1.096214170000e-02
3.924999390000e-02 2.204173330000e+00 1.095934490000e-02
3.924999390000e-02 2.204387430000e+00 1.100970710000e-02
3.933110090000e-02 2.205029250000e+00 1.105540430000e-02
