#  J [A] 	 V 	 L [w] 
1.567304130000e-04 1.775976180000e+00 2.704332400000e-08
7.562339310000e-05 1.779613970000e+00 2.880905830000e-08
1.567304130000e-04 1.802725080000e+00 6.022054320000e-08
2.378374340000e-04 1.817918540000e+00 9.534925030000e-08
2.378374340000e-04 1.817704440000e+00 9.609273380000e-08
3.189444540000e-04 1.829046010000e+00 1.374480830000e-07
4.000514750000e-04 1.837819810000e+00 1.801044360000e-07
4.811584950000e-04 1.837391610000e+00 1.800114970000e-07
5.622655150000e-04 1.845095400000e+00 2.289873040000e-07
4.811584950000e-04 1.844881530000e+00 2.279650460000e-07
5.622655150000e-04 1.850873230000e+00 2.782419410000e-07
6.433725360000e-04 1.856222870000e+00 3.313068080000e-07
5.622655150000e-04 1.856651070000e+00 3.328866570000e-07
8.055865760000e-04 1.861144780000e+00 3.821412800000e-07
7.244795560000e-04 1.861144780000e+00 3.824201260000e-07
8.055865760000e-04 1.866066690000e+00 4.431055060000e-07
8.866861460000e-04 1.870346550000e+00 5.035120690000e-07
8.866861460000e-04 1.869918350000e+00 5.040697600000e-07
9.677931670000e-04 1.874198200000e+00 5.677289890000e-07
1.130007210000e-03 1.877194170000e+00 6.293437880000e-07
1.130007210000e-03 1.877194170000e+00 6.293437880000e-07
1.211114230000e-03 1.880831960000e+00 6.969991660000e-07
1.130007210000e-03 1.880831960000e+00 6.965345280000e-07
1.211114230000e-03 1.883827920000e+00 7.610302080000e-07
1.373328270000e-03 1.886823890000e+00 8.302654350000e-07
1.373328270000e-03 1.886823890000e+00 8.315665240000e-07
1.454435290000e-03 1.889391660000e+00 8.968056590000e-07
1.535542310000e-03 1.892173530000e+00 9.701300310000e-07
1.454435290000e-03 1.891959670000e+00 9.710593080000e-07
1.535542310000e-03 1.894741540000e+00 1.041874380000e-06
1.535542310000e-03 1.894527440000e+00 1.044011920000e-06
1.616649330000e-03 1.897309300000e+00 1.116313910000e-06
1.697756350000e-03 1.899235250000e+00 1.187965380000e-06
1.697756350000e-03 1.899235250000e+00 1.188987650000e-06
1.778855920000e-03 1.901589160000e+00 1.263427180000e-06
1.859962940000e-03 1.901589160000e+00 1.265007090000e-06
1.941069960000e-03 1.903515100000e+00 1.338889090000e-06
1.941069960000e-03 1.905869010000e+00 1.414443660000e-06
1.941069960000e-03 1.905655150000e+00 1.417045840000e-06
2.022176980000e-03 1.907794950000e+00 1.487489380000e-06
2.103284000000e-03 1.909720900000e+00 1.570199970000e-06
2.184391020000e-03 1.909720900000e+00 1.571129250000e-06
2.184391020000e-03 1.911646840000e+00 1.651888280000e-06
2.184391020000e-03 1.911432740000e+00 1.653189320000e-06
2.346605060000e-03 1.913786650000e+00 1.733204730000e-06
2.346605060000e-03 1.915284630000e+00 1.810803950000e-06
2.346605060000e-03 1.915284630000e+00 1.811361700000e-06
2.427712080000e-03 1.916996720000e+00 1.895001560000e-06
2.427712080000e-03 1.917210580000e+00 1.898440020000e-06
2.589926120000e-03 1.918922420000e+00 1.978176900000e-06
2.589926120000e-03 1.920420410000e+00 2.061445000000e-06
2.589926120000e-03 1.920420410000e+00 2.063303550000e-06
2.752132710000e-03 1.921918390000e+00 2.140995780000e-06
2.752132710000e-03 1.923844340000e+00 2.230304740000e-06
2.752132710000e-03 1.923630240000e+00 2.232349290000e-06
2.833239730000e-03 1.925128220000e+00 2.317104420000e-06
2.833239730000e-03 1.925128220000e+00 2.318033690000e-06
2.995453770000e-03 1.926840310000e+00 2.404368840000e-06
2.995453770000e-03 1.928124190000e+00 2.486707440000e-06
2.995453770000e-03 1.927910090000e+00 2.488937980000e-06
3.076560800000e-03 1.929622170000e+00 2.577224450000e-06
3.157667820000e-03 1.930906060000e+00 2.662444330000e-06
3.157667820000e-03 1.930906060000e+00 2.664953400000e-06
3.238774840000e-03 1.932404040000e+00 2.750731030000e-06
3.319881860000e-03 1.932404040000e+00 2.752868340000e-06
3.319881860000e-03 1.933474060000e+00 2.834742650000e-06
3.400988880000e-03 1.934971810000e+00 2.929906030000e-06
3.482095900000e-03 1.934971810000e+00 2.931300290000e-06
3.482095900000e-03 1.936469790000e+00 3.022839560000e-06
3.482095900000e-03 1.936469790000e+00 3.022839560000e-06
3.563195470000e-03 1.937967780000e+00 3.116516380000e-06
3.644302490000e-03 1.939037800000e+00 3.204338100000e-06
3.644302490000e-03 1.939251660000e+00 3.206754400000e-06
3.725409510000e-03 1.940535780000e+00 3.302289540000e-06
3.806516530000e-03 1.941819670000e+00 3.395873590000e-06
3.887623550000e-03 1.941819670000e+00 3.397360390000e-06
3.887623550000e-03 1.943103550000e+00 3.489736170000e-06
3.887623550000e-03 1.942889690000e+00 3.490479680000e-06
3.968730570000e-03 1.944173570000e+00 3.579695660000e-06
4.049837590000e-03 1.945457460000e+00 3.678297620000e-06
4.130944610000e-03 1.945457460000e+00 3.680063400000e-06
4.130944610000e-03 1.946527480000e+00 3.773925980000e-06
4.130944610000e-03 1.946741340000e+00 3.775227010000e-06
4.212051630000e-03 1.947811370000e+00 3.871784880000e-06
4.374265670000e-03 1.949095250000e+00 3.963974450000e-06
4.374265670000e-03 1.949095250000e+00 3.964067220000e-06
4.374265670000e-03 1.950165270000e+00 4.064435420000e-06
4.455365240000e-03 1.951235290000e+00 4.064435420000e-06
4.536472260000e-03 1.951449160000e+00 4.194858320000e-06
4.536472260000e-03 1.952305320000e+00 4.272471870000e-06
4.536472260000e-03 1.952305320000e+00 4.269666990000e-06
4.617579280000e-03 1.953375100000e+00 4.357566010000e-06
4.698686300000e-03 1.954445120000e+00 4.462297060000e-06
4.698686300000e-03 1.954445120000e+00 4.460427590000e-06
4.779793320000e-03 1.955729010000e+00 4.560482470000e-06
4.942007360000e-03 1.957013130000e+00 4.660538250000e-06
4.860900340000e-03 1.956799030000e+00 4.659602840000e-06
4.942007360000e-03 1.957654950000e+00 4.757789160000e-06
4.942007360000e-03 1.957654950000e+00 4.753112990000e-06
5.023114380000e-03 1.958939080000e+00 4.863454710000e-06
5.104221400000e-03 1.959795000000e+00 4.961640570000e-06
5.104221400000e-03 1.959795000000e+00 4.961640570000e-06
5.185328420000e-03 1.960864780000e+00 5.064500780000e-06
5.185328420000e-03 1.961078880000e+00 5.061695450000e-06
5.347535010000e-03 1.961934800000e+00 5.159881770000e-06
5.347535010000e-03 1.963004830000e+00 5.267418150000e-06
5.428642030000e-03 1.963004830000e+00 5.266482730000e-06
5.509749050000e-03 1.963860750000e+00 5.369343850000e-06
5.509749050000e-03 1.965144630000e+00 5.473139480000e-06
5.590856080000e-03 1.965144630000e+00 5.474074900000e-06
5.590856080000e-03 1.966000800000e+00 5.572259850000e-06
5.590856080000e-03 1.965786700000e+00 5.573195720000e-06
5.671963100000e-03 1.966856720000e+00 5.681667520000e-06
5.753070120000e-03 1.968140600000e+00 5.781722390000e-06
5.753070120000e-03 1.968140600000e+00 5.781722390000e-06
5.834177140000e-03 1.968996520000e+00 5.886453440000e-06
5.834177140000e-03 1.968782660000e+00 5.884583520000e-06
5.915284160000e-03 1.969852450000e+00 5.977158250000e-06
5.996391180000e-03 1.970708610000e+00 6.091240270000e-06
5.996391180000e-03 1.970708610000e+00 6.090306210000e-06
5.996391180000e-03 1.971564530000e+00 6.197842590000e-06
6.158605220000e-03 1.972634550000e+00 6.309118360000e-06
6.158605220000e-03 1.972634550000e+00 6.308184310000e-06
6.158605220000e-03 1.973490480000e+00 6.412915350000e-06
6.239704790000e-03 1.973490480000e+00 6.414785280000e-06
6.320811810000e-03 1.974560260000e+00 6.523257070000e-06
6.401918830000e-03 1.975416420000e+00 6.629858040000e-06
6.320811810000e-03 1.975416420000e+00 6.628922620000e-06
6.483025850000e-03 1.976272340000e+00 6.739265250000e-06
6.645239890000e-03 1.977342370000e+00 6.838385620000e-06
6.564132870000e-03 1.977128270000e+00 6.844930790000e-06
6.645239890000e-03 1.977984190000e+00 6.959013260000e-06
6.645239890000e-03 1.977984190000e+00 6.956207930000e-06
6.726346910000e-03 1.979054210000e+00 7.064679720000e-06
6.888560950000e-03 1.979910140000e+00 7.178762190000e-06
6.807453930000e-03 1.979910140000e+00 7.178762190000e-06
6.888560950000e-03 1.980552200000e+00 7.282557820000e-06
6.888560950000e-03 1.980766060000e+00 7.287232620000e-06
6.969667970000e-03 1.981836080000e+00 7.396640290000e-06
7.050774990000e-03 1.982478140000e+00 7.510721390000e-06
7.050774990000e-03 1.982478140000e+00 7.510721390000e-06
7.131874560000e-03 1.983334060000e+00 7.617323260000e-06
7.212981580000e-03 1.984189990000e+00 7.722989720000e-06
7.212981580000e-03 1.983975890000e+00 7.721118890000e-06
7.294088600000e-03 1.985045910000e+00 7.840812030000e-06
7.294088600000e-03 1.985045910000e+00 7.840812030000e-06
7.375195620000e-03 1.985901830000e+00 7.953958630000e-06
7.456302640000e-03 1.986757990000e+00 8.070846890000e-06
7.456302640000e-03 1.986543890000e+00 8.070846890000e-06
7.537409660000e-03 1.987399820000e+00 8.181188600000e-06
7.456302640000e-03 1.987399820000e+00 8.180252730000e-06
7.537409660000e-03 1.988469840000e+00 8.293400240000e-06
7.699623700000e-03 1.989111900000e+00 8.410287590000e-06
7.699623700000e-03 1.989325760000e+00 8.410287590000e-06
7.780730720000e-03 1.989967820000e+00 8.526239980000e-06
7.780730720000e-03 1.990823750000e+00 8.635647650000e-06
7.861837740000e-03 1.990823750000e+00 8.636581700000e-06
8.024044330000e-03 1.991679670000e+00 8.760949640000e-06
7.942944770000e-03 1.991679670000e+00 8.756274840000e-06
8.024044330000e-03 1.992321730000e+00 8.874096240000e-06
8.105151360000e-03 1.993391510000e+00 8.992854420000e-06
8.105151360000e-03 1.993391510000e+00 8.990049540000e-06
8.105151360000e-03 1.994033580000e+00 9.101326210000e-06
8.186258380000e-03 1.994889500000e+00 9.222888370000e-06
8.267365400000e-03 1.994675640000e+00 9.222888370000e-06
8.348472420000e-03 1.995531560000e+00 9.334165040000e-06
8.348472420000e-03 1.995745420000e+00 9.335101820000e-06
8.429579440000e-03 1.996387480000e+00 9.457599840000e-06
8.510686460000e-03 1.997029540000e+00 9.567006600000e-06
8.429579440000e-03 1.997029540000e+00 9.563264940000e-06
8.591793480000e-03 1.997885470000e+00 9.690439580000e-06
8.591793480000e-03 1.998099330000e+00 9.688567840000e-06
8.672900500000e-03 1.998741390000e+00 9.812937610000e-06
8.672900500000e-03 1.999383450000e+00 9.936369680000e-06
8.754007520000e-03 1.999597310000e+00 9.936369680000e-06
8.916214110000e-03 2.000453230000e+00 1.005232390000e-05
8.916214110000e-03 2.001095290000e+00 1.018043260000e-05
8.916214110000e-03 2.001095290000e+00 1.018043260000e-05
9.078428150000e-03 2.001951220000e+00 1.030292880000e-05
8.997321130000e-03 2.001737360000e+00 1.030105980000e-05
9.078428150000e-03 2.002593280000e+00 1.042449280000e-05
9.159535170000e-03 2.003449200000e+00 1.054044610000e-05
9.159535170000e-03 2.003449200000e+00 1.054418500000e-05
9.240642190000e-03 2.003877160000e+00 1.067229460000e-05
9.240642190000e-03 2.003877160000e+00 1.066948880000e-05
9.321749210000e-03 2.004733090000e+00 1.079198680000e-05
9.402856230000e-03 2.005375150000e+00 1.092383540000e-05
9.402856230000e-03 2.005589250000e+00 1.092103050000e-05
9.483963250000e-03 2.006231070000e+00 1.104352850000e-05
9.565070270000e-03 2.006873130000e+00 1.117070310000e-05
9.483963250000e-03 2.006873130000e+00 1.116883230000e-05
9.646177290000e-03 2.007729050000e+00 1.129507020000e-05
9.646177290000e-03 2.007729050000e+00 1.129507020000e-05
9.727284310000e-03 2.008584980000e+00 1.142037400000e-05
9.808383880000e-03 2.009227040000e+00 1.153632730000e-05
9.808383880000e-03 2.009227040000e+00 1.154006710000e-05
9.889490900000e-03 2.009869100000e+00 1.166910990000e-05
9.889490900000e-03 2.010082960000e+00 1.167378650000e-05
9.970597920000e-03 2.010725020000e+00 1.180002440000e-05
1.005170490000e-02 2.011366840000e+00 1.193000390000e-05
1.005170490000e-02 2.011580940000e+00 1.192906710000e-05
1.013281200000e-02 2.012008910000e+00 1.205063110000e-05
1.021391900000e-02 2.013078930000e+00 1.218715620000e-05
1.029502600000e-02 2.012864830000e+00 1.218809030000e-05
1.029502600000e-02 2.013506890000e+00 1.231713400000e-05
1.021391900000e-02 2.013506890000e+00 1.231806980000e-05
1.037613300000e-02 2.014148710000e+00 1.244617940000e-05
1.045724000000e-02 2.015004870000e+00 1.256867560000e-05
1.045724000000e-02 2.015004870000e+00 1.257148230000e-05
1.053834710000e-02 2.015432830000e+00 1.270519990000e-05
1.061945410000e-02 2.016288760000e+00 1.283517940000e-05
1.061945410000e-02 2.016288760000e+00 1.283611440000e-05
1.061945410000e-02 2.016930820000e+00 1.296983370000e-05
1.070055370000e-02 2.017144680000e+00 1.296983370000e-05
1.078166070000e-02 2.018000600000e+00 1.309794240000e-05
1.086276770000e-02 2.018428560000e+00 1.323353260000e-05
1.086276770000e-02 2.018428560000e+00 1.323166180000e-05
1.094387470000e-02 2.019284730000e+00 1.336631520000e-05
1.094387470000e-02 2.019070630000e+00 1.336912100000e-05
1.102498170000e-02 2.019712690000e+00 1.350003460000e-05
1.110608880000e-02 2.020568610000e+00 1.361598880000e-05
1.110608880000e-02 2.020354510000e+00 1.361224620000e-05
1.118719580000e-02 2.020996570000e+00 1.376092860000e-05
1.118719580000e-02 2.021852490000e+00 1.389745380000e-05
1.126830280000e-02 2.021852490000e+00 1.389745380000e-05
1.134940980000e-02 2.022494550000e+00 1.403491300000e-05
1.134940980000e-02 2.022708420000e+00 1.403397800000e-05
1.143051680000e-02 2.023136380000e+00 1.416676150000e-05
1.151162390000e-02 2.023992540000e+00 1.430983140000e-05
1.151162390000e-02 2.023778440000e+00 1.430609150000e-05
1.159272340000e-02 2.024634360000e+00 1.444729240000e-05
1.159272340000e-02 2.024634360000e+00 1.444822650000e-05
1.167383040000e-02 2.025276420000e+00 1.458662250000e-05
1.175493750000e-02 2.025704380000e+00 1.472127590000e-05
1.175493750000e-02 2.025918250000e+00 1.471566520000e-05
1.183604450000e-02 2.026560310000e+00 1.486341170000e-05
1.191715150000e-02 2.027202370000e+00 1.500648070000e-05
1.191715150000e-02 2.027416230000e+00 1.501022050000e-05
1.199825850000e-02 2.028058290000e+00 1.515329220000e-05
1.199825850000e-02 2.028058290000e+00 1.514581070000e-05
1.207936560000e-02 2.028486250000e+00 1.528139910000e-05
1.216047260000e-02 2.029128310000e+00 1.543194960000e-05
1.224157960000e-02 2.029342170000e+00 1.542633980000e-05
1.216047260000e-02 2.029770140000e+00 1.557034560000e-05
1.232268660000e-02 2.030626060000e+00 1.571528630000e-05
1.232268660000e-02 2.030412200000e+00 1.571715800000e-05
1.240379360000e-02 2.031054260000e+00 1.584526580000e-05
1.232268660000e-02 2.031268120000e+00 1.584246090000e-05
1.248489320000e-02 2.031910180000e+00 1.600049110000e-05
1.256600020000e-02 2.032338140000e+00 1.614356190000e-05
1.248489320000e-02 2.032552000000e+00 1.614543180000e-05
1.264710720000e-02 2.033194070000e+00 1.629504910000e-05
1.264710720000e-02 2.032766100000e+00 1.629598410000e-05
1.272821430000e-02 2.033836130000e+00 1.643718500000e-05
1.280932130000e-02 2.034477950000e+00 1.658867040000e-05
1.280932130000e-02 2.034477950000e+00 1.658960350000e-05
1.297153530000e-02 2.034905910000e+00 1.673267430000e-05
1.297153530000e-02 2.035762070000e+00 1.688509660000e-05
1.297153530000e-02 2.035333870000e+00 1.688228990000e-05
1.305264230000e-02 2.035975930000e+00 1.702349070000e-05
1.297153530000e-02 2.036190030000e+00 1.701881590000e-05
1.313374940000e-02 2.037045960000e+00 1.717778290000e-05
1.321485640000e-02 2.037259820000e+00 1.733394490000e-05
1.321485640000e-02 2.037259820000e+00 1.733394490000e-05
1.329596340000e-02 2.038115980000e+00 1.748543040000e-05
1.329596340000e-02 2.038115980000e+00 1.747795070000e-05
1.329596340000e-02 2.038757800000e+00 1.762569450000e-05
1.345817000000e-02 2.038971900000e+00 1.778653130000e-05
1.345817000000e-02 2.039399860000e+00 1.778279150000e-05
1.345817000000e-02 2.040041920000e+00 1.793708360000e-05
1.362038400000e-02 2.040683750000e+00 1.808763410000e-05
1.362038400000e-02 2.040683750000e+00 1.808482920000e-05
1.370149110000e-02 2.041111710000e+00 1.823257480000e-05
1.370149110000e-02 2.041325810000e+00 1.822976990000e-05
1.370149110000e-02 2.041539670000e+00 1.839715330000e-05
1.386370510000e-02 2.042181730000e+00 1.855705340000e-05
1.386370510000e-02 2.042609690000e+00 1.855892510000e-05
1.386370510000e-02 2.043037650000e+00 1.872350190000e-05
1.402591910000e-02 2.043679710000e+00 1.887592230000e-05
1.402591910000e-02 2.043679710000e+00 1.887218240000e-05
1.410702620000e-02 2.044321540000e+00 1.904517560000e-05
1.410702620000e-02 2.044107680000e+00 1.904143570000e-05
1.410702620000e-02 2.044749740000e+00 1.920040270000e-05
1.426923270000e-02 2.045819520000e+00 1.936404440000e-05
1.426923270000e-02 2.045819520000e+00 1.936498120000e-05
1.435033980000e-02 2.046247480000e+00 1.951927150000e-05
1.435033980000e-02 2.046033620000e+00 1.951740160000e-05
1.443144680000e-02 2.046675440000e+00 1.968478320000e-05
1.451255380000e-02 2.047317500000e+00 1.985310340000e-05
1.451255380000e-02 2.047531600000e+00 1.985123160000e-05
1.459366080000e-02 2.047959570000e+00 2.002141990000e-05
1.467476790000e-02 2.048601390000e+00 2.018225680000e-05
1.467476790000e-02 2.048387530000e+00 2.017758200000e-05
1.467476790000e-02 2.049243450000e+00 2.035057510000e-05
1.475587490000e-02 2.049029350000e+00 2.035524990000e-05
1.483698190000e-02 2.049671410000e+00 2.052076340000e-05
1.499919590000e-02 2.050099370000e+00 2.069001490000e-05
1.491808890000e-02 2.050313470000e+00 2.068814680000e-05
1.491808890000e-02 2.050741430000e+00 2.084430890000e-05
1.491808890000e-02 2.050955300000e+00 2.084337210000e-05
1.508030300000e-02 2.051597360000e+00 2.102945840000e-05
1.516140250000e-02 2.052239420000e+00 2.120619140000e-05
1.516140250000e-02 2.052025320000e+00 2.120525640000e-05
1.524250950000e-02 2.052667380000e+00 2.138292620000e-05
1.532361660000e-02 2.053309200000e+00 2.155311450000e-05
1.532361660000e-02 2.053309200000e+00 2.154750290000e-05
1.540472360000e-02 2.053737160000e+00 2.173265240000e-05
1.548583060000e-02 2.053737160000e+00 2.172891250000e-05
1.548583060000e-02 2.054379220000e+00 2.190377560000e-05
1.556693760000e-02 2.055021290000e+00 2.208799010000e-05
1.556693760000e-02 2.055021290000e+00 2.208144540000e-05
1.564804460000e-02 2.055663110000e+00 2.224602210000e-05
1.572915170000e-02 2.056091070000e+00 2.243771810000e-05
1.572915170000e-02 2.056519270000e+00 2.243584820000e-05
1.581025870000e-02 2.056733130000e+00 2.262099590000e-05
1.581025870000e-02 2.056519270000e+00 2.261912780000e-05
1.589136570000e-02 2.057375190000e+00 2.280334230000e-05
1.589136570000e-02 2.057803150000e+00 2.298194700000e-05
1.597247270000e-02 2.058017020000e+00 2.298101030000e-05
1.605357230000e-02 2.058231120000e+00 2.317270630000e-05
1.597247270000e-02 2.058444980000e+00 2.316896640000e-05
1.605357230000e-02 2.059087040000e+00 2.335598580000e-05
1.621578630000e-02 2.059515000000e+00 2.354300520000e-05
1.621578630000e-02 2.059515000000e+00 2.354207030000e-05
1.621578630000e-02 2.060157060000e+00 2.371412850000e-05
1.629689340000e-02 2.060798880000e+00 2.391517410000e-05
1.637800040000e-02 2.060798880000e+00 2.391424100000e-05
1.637800040000e-02 2.061227080000e+00 2.411061000000e-05
1.637800040000e-02 2.061227080000e+00 2.410967680000e-05
1.654021440000e-02 2.062083010000e+00 2.430978570000e-05
1.662132140000e-02 2.062296870000e+00 2.449774180000e-05
1.654021440000e-02 2.062510970000e+00 2.450241660000e-05
1.670242850000e-02 2.062938930000e+00 2.470065740000e-05
1.670242850000e-02 2.062938930000e+00 2.470533400000e-05
1.678353550000e-02 2.063580990000e+00 2.490451150000e-05
1.678353550000e-02 2.064222810000e+00 2.510836380000e-05
1.686464250000e-02 2.064222810000e+00 2.510275230000e-05
1.694574210000e-02 2.064650770000e+00 2.529631820000e-05
1.702684910000e-02 2.065292840000e+00 2.551512990000e-05
1.710795610000e-02 2.065292840000e+00 2.550858520000e-05
1.702684910000e-02 2.065720800000e+00 2.571898220000e-05
1.702684910000e-02 2.065720800000e+00 2.571711230000e-05
1.710795610000e-02 2.066362860000e+00 2.593499080000e-05
1.727017020000e-02 2.066790820000e+00 2.613510150000e-05
1.727017020000e-02 2.066790820000e+00 2.613042670000e-05
1.727017020000e-02 2.067432640000e+00 2.634362860000e-05
1.743238420000e-02 2.068074700000e+00 2.655870050000e-05
1.743238420000e-02 2.068074700000e+00 2.656244210000e-05
1.743238420000e-02 2.068716760000e+00 2.678032070000e-05
1.751349120000e-02 2.068716760000e+00 2.677938390000e-05
1.759459820000e-02 2.069144730000e+00 2.697762650000e-05
1.767570530000e-02 2.069572690000e+00 2.721607780000e-05
1.759459820000e-02 2.069572690000e+00 2.721233610000e-05
1.775681230000e-02 2.070214510000e+00 2.744050110000e-05
1.775681230000e-02 2.070214510000e+00 2.743301960000e-05
1.775681230000e-02 2.070642710000e+00 2.766398940000e-05
1.791901890000e-02 2.071284530000e+00 2.788841450000e-05
1.791901890000e-02 2.071284530000e+00 2.787999800000e-05
1.800012590000e-02 2.071926590000e+00 2.811564260000e-05
1.808123290000e-02 2.072568660000e+00 2.835128910000e-05
1.808123290000e-02 2.072354560000e+00 2.835035230000e-05
1.816233990000e-02 2.072782520000e+00 2.858693370000e-05
1.816233990000e-02 2.072996620000e+00 2.858506200000e-05
1.824344690000e-02 2.073638440000e+00 2.880294230000e-05
1.832455400000e-02 2.074066400000e+00 2.905728620000e-05
1.832455400000e-02 2.073852540000e+00 2.904887150000e-05
1.840566100000e-02 2.074280500000e+00 2.929854240000e-05
1.840566100000e-02 2.074708460000e+00 2.928919280000e-05
1.848676800000e-02 2.075136420000e+00 2.953231710000e-05
1.856787500000e-02 2.075564380000e+00 2.977357690000e-05
1.856787500000e-02 2.075564380000e+00 2.976141880000e-05
1.864898200000e-02 2.076206450000e+00 3.002324590000e-05
1.864898200000e-02 2.076634410000e+00 3.027478670000e-05
1.873008160000e-02 2.076634410000e+00 3.027385360000e-05
1.881118860000e-02 2.077276470000e+00 3.053381080000e-05
1.873008160000e-02 2.077276470000e+00 3.051510790000e-05
1.881118860000e-02 2.077704430000e+00 3.077693690000e-05
1.889229570000e-02 2.078346250000e+00 3.106774970000e-05
1.889229570000e-02 2.078346250000e+00 3.105746510000e-05
1.897340270000e-02 2.078560350000e+00 3.133051360000e-05
1.905450970000e-02 2.079416280000e+00 3.161852870000e-05
1.905450970000e-02 2.079416280000e+00 3.160730560000e-05
1.913561670000e-02 2.080058340000e+00 3.186632600000e-05
1.921672370000e-02 2.079844240000e+00 3.186071630000e-05
1.929783080000e-02 2.080272200000e+00 3.215059410000e-05
1.937893780000e-02 2.080914260000e+00 3.243767060000e-05
1.937893780000e-02 2.080914260000e+00 3.242458110000e-05
1.946004480000e-02 2.081556080000e+00 3.271820610000e-05
1.937893780000e-02 2.081128120000e+00 3.270791420000e-05
1.954115180000e-02 2.081984280000e+00 3.298751110000e-05
1.954115180000e-02 2.082412240000e+00 3.330824980000e-05
1.962225880000e-02 2.082412240000e+00 3.329796160000e-05
1.962225880000e-02 2.082840200000e+00 3.360093980000e-05
1.970336590000e-02 2.083696130000e+00 3.391513020000e-05
1.978447290000e-02 2.083482030000e+00 3.390858180000e-05
1.986557990000e-02 2.084124090000e+00 3.419940190000e-05
1.986557990000e-02 2.084124090000e+00 3.418443880000e-05
1.986557990000e-02 2.084552050000e+00 3.452107560000e-05
2.002779390000e-02 2.085194110000e+00 3.484087940000e-05
2.002779390000e-02 2.085194110000e+00 3.483433100000e-05
2.010888610000e-02 2.085622070000e+00 3.516161810000e-05
2.010888610000e-02 2.085622070000e+00 3.514759370000e-05
2.018999310000e-02 2.086050030000e+00 3.545710930000e-05
2.027110010000e-02 2.086692090000e+00 3.582553840000e-05
2.018999310000e-02 2.086692090000e+00 3.580590420000e-05
2.035220710000e-02 2.087120060000e+00 3.615843160000e-05
2.043331410000e-02 2.087548020000e+00 3.652592930000e-05
2.035220710000e-02 2.087548020000e+00 3.650068170000e-05
2.051442120000e-02 2.087975980000e+00 3.685134290000e-05
2.051442120000e-02 2.088189840000e+00 3.683544860000e-05
2.059552820000e-02 2.088831900000e+00 3.720948730000e-05
2.059552820000e-02 2.089259860000e+00 3.758820090000e-05
2.059552820000e-02 2.089046000000e+00 3.757791640000e-05
2.067663520000e-02 2.089687820000e+00 3.795943480000e-05
2.083884920000e-02 2.090329890000e+00 3.833347730000e-05
2.083884920000e-02 2.090329890000e+00 3.830916470000e-05
2.083884920000e-02 2.090757850000e+00 3.873369860000e-05
2.100106330000e-02 2.090543750000e+00 3.870845100000e-05
2.100106330000e-02 2.091399910000e+00 3.910960730000e-05
2.108217030000e-02 2.091827870000e+00 3.953227500000e-05
2.108217030000e-02 2.091613770000e+00 3.951731200000e-05
2.116327730000e-02 2.092255830000e+00 3.992501300000e-05
2.116327730000e-02 2.092255830000e+00 3.989415560000e-05
2.124438430000e-02 2.092683790000e+00 4.034207090000e-05
2.124438430000e-02 2.093111750000e+00 4.078904750000e-05
2.132549140000e-02 2.093325610000e+00 4.077221460000e-05
2.140659840000e-02 2.093539710000e+00 4.122573960000e-05
2.140659840000e-02 2.094181780000e+00 4.122573960000e-05
2.140659840000e-02 2.094181780000e+00 4.205371080000e-05
2.156881240000e-02 2.094609740000e+00 4.236224780000e-05
2.148770540000e-02 2.094609740000e+00 4.227809770000e-05
2.164991950000e-02 2.095251560000e+00 4.277361590000e-05
2.164991950000e-02 2.095893620000e+00 4.325978810000e-05
2.164991950000e-02 2.095679520000e+00 4.322239690000e-05
2.173102650000e-02 2.096321580000e+00 4.373661070000e-05
2.181213350000e-02 2.096107720000e+00 4.371791510000e-05
2.189322560000e-02 2.096749540000e+00 4.426018130000e-05
2.197433260000e-02 2.097177510000e+00 4.481179710000e-05
2.189322560000e-02 2.097177510000e+00 4.480244750000e-05
2.205543970000e-02 2.097819570000e+00 4.537275890000e-05
2.213654670000e-02 2.098247530000e+00 4.590567910000e-05
2.205543970000e-02 2.097819570000e+00 4.588698360000e-05
2.221765370000e-02 2.098675490000e+00 4.650404300000e-05
2.213654670000e-02 2.098889590000e+00 4.650404300000e-05
2.221765370000e-02 2.099103450000e+00 4.713045200000e-05
2.237986770000e-02 2.099745510000e+00 4.780362000000e-05
2.237986770000e-02 2.099745510000e+00 4.771946990000e-05
2.246097480000e-02 2.100173470000e+00 4.840198380000e-05
2.246097480000e-02 2.100815530000e+00 4.914993410000e-05
2.254208180000e-02 2.100815530000e+00 4.909383640000e-05
2.254208180000e-02 2.101243500000e+00 4.979504960000e-05
2.262318880000e-02 2.101243500000e+00 4.974829790000e-05
2.270429580000e-02 2.101671460000e+00 5.051494740000e-05
2.278540280000e-02 2.102099420000e+00 5.124420930000e-05
2.270429580000e-02 2.102099420000e+00 5.121615690000e-05
2.278540280000e-02 2.102741240000e+00 5.209500890000e-05
2.286650990000e-02 2.102741240000e+00 5.202956160000e-05
2.294761690000e-02 2.103169440000e+00 5.291775230000e-05
2.302872390000e-02 2.103811260000e+00 5.386204790000e-05
2.302872390000e-02 2.103597400000e+00 5.378725470000e-05
2.302872390000e-02 2.104025360000e+00 5.468479140000e-05
2.310983090000e-02 2.104453330000e+00 5.572258670000e-05
2.310983090000e-02 2.104667190000e+00 5.567583870000e-05
2.319093790000e-02 2.105095150000e+00 5.666687500000e-05
2.319093790000e-02 2.105095150000e+00 5.659208180000e-05
2.335315200000e-02 2.105523350000e+00 5.769530980000e-05
2.335315200000e-02 2.106165170000e+00 5.881724790000e-05
2.343425900000e-02 2.106165170000e+00 5.869570300000e-05
2.351536600000e-02 2.106379270000e+00 5.999527270000e-05
2.343425900000e-02 2.106379270000e+00 5.990178030000e-05
2.351536600000e-02 2.106807230000e+00 6.125744400000e-05
2.359647300000e-02 2.107449290000e+00 6.271595340000e-05
2.367756520000e-02 2.107449290000e+00 6.256636700000e-05
2.375867220000e-02 2.108091120000e+00 6.404357550000e-05
2.383977920000e-02 2.108519080000e+00 6.567037780000e-05
2.375867220000e-02 2.108305220000e+00 6.553948330000e-05
2.392088620000e-02 2.108947040000e+00 6.727848090000e-05
2.392088620000e-02 2.108947040000e+00 6.704474800000e-05
2.392088620000e-02 2.109375000000e+00 6.892398230000e-05
2.400199320000e-02 2.109803200000e+00 7.087800620000e-05
2.400199320000e-02 2.109803200000e+00 7.073776940000e-05
2.416420730000e-02 2.110231160000e+00 7.309382640000e-05
2.424531430000e-02 2.110872980000e+00 7.563687540000e-05
2.416420730000e-02 2.110659120000e+00 7.545923290000e-05
2.432642130000e-02 2.111300950000e+00 7.826405640000e-05
2.432642130000e-02 2.111300950000e+00 7.803966580000e-05
2.432642130000e-02 2.111728910000e+00 8.095670640000e-05
2.448863540000e-02 2.112157110000e+00 8.464972780000e-05
2.440752830000e-02 2.111943010000e+00 8.448142760000e-05
2.456974240000e-02 2.112585070000e+00 8.851104210000e-05
2.448863540000e-02 2.112585070000e+00 8.813706520000e-05
2.465084940000e-02 2.113013030000e+00 9.272762690000e-05
2.473195640000e-02 2.113654850000e+00 9.800070980000e-05
2.473195640000e-02 2.113440990000e+00 9.744909770000e-05
2.473195640000e-02 2.114082810000e+00 1.040217470000e-04
2.489417050000e-02 2.114511010000e+00 1.117256830000e-04
2.481306340000e-02 2.114511010000e+00 1.107813800000e-04
2.489417050000e-02 2.114938970000e+00 1.198783790000e-04
2.497527750000e-02 2.114938970000e+00 1.190930200000e-04
2.497527750000e-02 2.115366940000e+00 1.293680540000e-04
2.513749150000e-02 2.116008760000e+00 1.436633470000e-04
2.513749150000e-02 2.116008760000e+00 1.427564420000e-04
2.521859850000e-02 2.116436720000e+00 1.593984200000e-04
2.521859850000e-02 2.116222860000e+00 1.583512930000e-04
2.521859850000e-02 2.116650820000e+00 1.795371060000e-04
2.538081260000e-02 2.117078780000e+00 2.034997010000e-04
2.529970560000e-02 2.117078780000e+00 2.014615170000e-04
2.538081260000e-02 2.117506740000e+00 2.332682930000e-04
2.554301170000e-02 2.117934700000e+00 2.681603660000e-04
2.554301170000e-02 2.118148800000e+00 2.663933260000e-04
2.562411870000e-02 2.118576770000e+00 3.033422690000e-04
2.554301170000e-02 2.118362670000e+00 2.994248640000e-04
2.562411870000e-02 2.119004730000e+00 3.372993960000e-04
2.578633280000e-02 2.119432690000e+00 3.797178210000e-04
2.578633280000e-02 2.119432690000e+00 3.763613060000e-04
2.586743980000e-02 2.119646790000e+00 3.763613060000e-04
2.586743980000e-02 2.120288610000e+00 4.604606950000e-04
2.594854680000e-02 2.120074750000e+00 4.568054860000e-04
2.602965380000e-02 2.120502710000e+00 4.981373790000e-04
2.594854680000e-02 2.120502710000e+00 4.948570860000e-04
2.611076090000e-02 2.121144530000e+00 5.421870740000e-04
2.611076090000e-02 2.121358630000e+00 5.872678010000e-04
2.619186790000e-02 2.121572730000e+00 5.834252220000e-04
2.627297490000e-02 2.122000690000e+00 6.285059500000e-04
2.627297490000e-02 2.121786590000e+00 6.250381700000e-04
2.635408190000e-02 2.122214560000e+00 6.674008910000e-04
2.635408190000e-02 2.122642520000e+00 7.136063070000e-04
2.643518890000e-02 2.122642520000e+00 7.105135010000e-04
2.643518890000e-02 2.123070480000e+00 7.532511950000e-04
2.659740300000e-02 2.123498440000e+00 7.983318650000e-04
2.659740300000e-02 2.123712540000e+00 7.958951170000e-04
2.659740300000e-02 2.123712540000e+00 8.363833770000e-04
2.659740300000e-02 2.123712540000e+00 8.320721100000e-04
2.667851000000e-02 2.124140500000e+00 8.792147860000e-04
2.675961700000e-02 2.124568460000e+00 9.248579150000e-04
2.675961700000e-02 2.124568460000e+00 9.225148820000e-04
2.684072410000e-02 2.125210520000e+00 9.697510980000e-04
2.684072410000e-02 2.124996420000e+00 9.664708630000e-04
2.692183110000e-02 2.125638480000e+00 1.009396040000e-03
2.700293810000e-02 2.126066450000e+00 1.057756950000e-03
2.700293810000e-02 2.125852350000e+00 1.054664140000e-03
2.708404510000e-02 2.126280550000e+00 1.099651100000e-03
2.716515210000e-02 2.126708510000e+00 1.146700120000e-03
2.724624430000e-02 2.126708510000e+00 1.143607310000e-03
2.724624430000e-02 2.127350330000e+00 1.185782600000e-03
2.724624430000e-02 2.127136470000e+00 1.181939970000e-03
2.732735130000e-02 2.127778290000e+00 1.230019960000e-03
2.740845830000e-02 2.127992390000e+00 1.275850340000e-03
2.748956530000e-02 2.127778290000e+00 1.272851020000e-03
2.748956530000e-02 2.128420350000e+00 1.318306890000e-03
2.757067230000e-02 2.128848310000e+00 1.361606760000e-03
2.765177940000e-02 2.128848310000e+00 1.358420240000e-03
2.773288640000e-02 2.129276280000e+00 1.405281710000e-03
2.765177940000e-02 2.129276280000e+00 1.401345250000e-03
2.781399340000e-02 2.129704240000e+00 1.445301230000e-03
2.789510040000e-02 2.129918340000e+00 1.490288530000e-03
2.781399340000e-02 2.130132200000e+00 1.486352060000e-03
2.789510040000e-02 2.130560160000e+00 1.528527470000e-03
2.789510040000e-02 2.130560160000e+00 1.525996950000e-03
2.797620740000e-02 2.130988360000e+00 1.573045850000e-03
2.805731450000e-02 2.131202220000e+00 1.620188360000e-03
2.805731450000e-02 2.131416320000e+00 1.617751780000e-03
2.821952850000e-02 2.131844280000e+00 1.663675760000e-03
2.830063550000e-02 2.132272240000e+00 1.707725690000e-03
2.821952850000e-02 2.132058140000e+00 1.704820200000e-03
2.830063550000e-02 2.132486100000e+00 1.751025670000e-03
2.838174250000e-02 2.132700200000e+00 1.747089210000e-03
2.838174250000e-02 2.132914070000e+00 1.788140040000e-03
2.846284960000e-02 2.133556130000e+00 1.835938540000e-03
2.846284960000e-02 2.133342270000e+00 1.833314430000e-03
2.846284960000e-02 2.133770230000e+00 1.874927430000e-03
2.854395660000e-02 2.133770230000e+00 1.872115770000e-03
2.870617060000e-02 2.134412050000e+00 1.917477700000e-03
2.870617060000e-02 2.134840010000e+00 1.964339290000e-03
2.870617060000e-02 2.134626150000e+00 1.961714820000e-03
2.878727760000e-02 2.135054110000e+00 2.006608060000e-03
2.886838470000e-02 2.135267970000e+00 2.050939020000e-03
2.894949170000e-02 2.135267970000e+00 2.048033520000e-03
2.894949170000e-02 2.135696170000e+00 2.093489510000e-03
2.903058380000e-02 2.135910030000e+00 2.090490190000e-03
2.903058380000e-02 2.136338000000e+00 2.133977600000e-03
2.911169080000e-02 2.136552100000e+00 2.180182840000e-03
2.911169080000e-02 2.136765960000e+00 2.177371410000e-03
2.911169080000e-02 2.136980060000e+00 2.217297210000e-03
2.927390490000e-02 2.137408020000e+00 2.266689200000e-03
2.927390490000e-02 2.137193920000e+00 2.262940400000e-03
2.935501190000e-02 2.137835980000e+00 2.309239700000e-03
2.935501190000e-02 2.138050080000e+00 2.305865520000e-03
2.951722590000e-02 2.138478040000e+00 2.352633050000e-03
2.951722590000e-02 2.138906000000e+00 2.396401950000e-03
2.959833290000e-02 2.138691900000e+00 2.393215430000e-03
2.967944000000e-02 2.139119860000e+00 2.441013930000e-03
2.951722590000e-02 2.139333960000e+00 2.436796440000e-03
2.967944000000e-02 2.139547820000e+00 2.481877340000e-03
2.976054700000e-02 2.140189890000e+00 2.527239270000e-03
2.976054700000e-02 2.140189890000e+00 2.522646680000e-03
2.984165400000e-02 2.140189890000e+00 2.565571810000e-03
2.992276100000e-02 2.141045810000e+00 2.614026660000e-03
2.992276100000e-02 2.140831950000e+00 2.610652470000e-03
3.000386800000e-02 2.141473770000e+00 2.655826970000e-03
3.008497510000e-02 2.141259910000e+00 2.652359200000e-03
3.008497510000e-02 2.141687870000e+00 2.698939530000e-03
3.024718910000e-02 2.141901730000e+00 2.741676990000e-03
3.024718910000e-02 2.141901730000e+00 2.736615950000e-03
3.032829610000e-02 2.142329930000e+00 2.783196280000e-03
3.032829610000e-02 2.142543790000e+00 2.779634900000e-03
3.040940310000e-02 2.142757890000e+00 2.824621970000e-03
3.040940310000e-02 2.143399720000e+00 2.871108710000e-03
3.040940310000e-02 2.143185850000e+00 2.868296810000e-03
3.049051020000e-02 2.143827680000e+00 2.910847080000e-03
3.057161720000e-02 2.144041780000e+00 2.958927070000e-03
3.057161720000e-02 2.144041780000e+00 2.956209010000e-03
3.065272420000e-02 2.144683840000e+00 3.001570930000e-03
3.065272420000e-02 2.144683840000e+00 2.998009560000e-03
3.073383120000e-02 2.145111800000e+00 3.044308400000e-03
3.081492330000e-02 2.145325660000e+00 3.087608380000e-03
3.089603040000e-02 2.145325660000e+00 3.085077970000e-03
3.089603040000e-02 2.145967720000e+00 3.130908590000e-03
3.089603040000e-02 2.145967720000e+00 3.129221730000e-03
3.097713740000e-02 2.146181580000e+00 3.172521710000e-03
3.113935140000e-02 2.146609540000e+00 3.217789580000e-03
3.105824440000e-02 2.146609540000e+00 3.215259170000e-03
3.122045840000e-02 2.146823640000e+00 3.257059490000e-03
3.130156550000e-02 2.147465710000e+00 3.302515480000e-03
3.122045840000e-02 2.147465710000e+00 3.299516160000e-03
3.138267250000e-02 2.148107530000e+00 3.344315800000e-03
3.130156550000e-02 2.147679570000e+00 3.340941620000e-03
3.138267250000e-02 2.148107530000e+00 3.385834860000e-03
3.146377950000e-02 2.148749590000e+00 3.429697360000e-03
3.146377950000e-02 2.148749590000e+00 3.426885700000e-03
3.154488650000e-02 2.148963450000e+00 3.471966370000e-03
3.170710060000e-02 2.149605510000e+00 3.517796750000e-03
3.162599350000e-02 2.149391650000e+00 3.515547610000e-03
3.170710060000e-02 2.150033470000e+00 3.560815700000e-03
3.170710060000e-02 2.149819610000e+00 3.554723690000e-03
3.178820760000e-02 2.150461440000e+00 3.596524010000e-03
3.186931460000e-02 2.150889400000e+00 3.646103430000e-03
3.195042160000e-02 2.150675540000e+00 3.642542050000e-03
3.203152870000e-02 2.151103500000e+00 3.687529130000e-03
3.195042160000e-02 2.151103500000e+00 3.683686490000e-03
3.203152870000e-02 2.151531460000e+00 3.728954820000e-03
3.211263570000e-02 2.151745560000e+00 3.773847830000e-03
3.219374270000e-02 2.151959420000e+00 3.768974220000e-03
3.219374270000e-02 2.152387380000e+00 3.816866780000e-03
3.227484970000e-02 2.152815340000e+00 3.862509970000e-03
3.227484970000e-02 2.152815340000e+00 3.859041960000e-03
3.235595670000e-02 2.153243300000e+00 3.903091650000e-03
3.235595670000e-02 2.153029440000e+00 3.899342610000e-03
3.243706380000e-02 2.153457400000e+00 3.940768540000e-03
3.259926290000e-02 2.154099460000e+00 3.989597780000e-03
3.259926290000e-02 2.153885360000e+00 3.984818240000e-03
3.259926290000e-02 2.154313330000e+00 4.028493070000e-03
3.268036990000e-02 2.154313330000e+00 4.026243930000e-03
3.276147690000e-02 2.154741290000e+00 4.072167910000e-03
3.284258400000e-02 2.155169250000e+00 4.115186630000e-03
3.276147690000e-02 2.155169250000e+00 4.113031090000e-03
3.292369100000e-02 2.155597210000e+00 4.113031090000e-03
3.292369100000e-02 2.156239270000e+00 4.259514620000e-03
3.284258400000e-02 2.156025170000e+00 4.224929490000e-03
3.308590500000e-02 2.156239270000e+00 4.267926790000e-03
3.308590500000e-02 2.156453370000e+00 4.260449670000e-03
3.308590500000e-02 2.156667230000e+00 4.300641830000e-03
3.324811910000e-02 2.157309290000e+00 4.345507830000e-03
3.316701200000e-02 2.157095190000e+00 4.344574180000e-03
3.324811910000e-02 2.157737260000e+00 4.386635500000e-03
3.341033310000e-02 2.158165220000e+00 4.432437480000e-03
3.332922610000e-02 2.158165220000e+00 4.433372520000e-03
3.349144010000e-02 2.158593180000e+00 4.473564680000e-03
3.341033310000e-02 2.158379080000e+00 4.469826350000e-03
3.349144010000e-02 2.158807280000e+00 4.517497030000e-03
3.365365420000e-02 2.159235240000e+00 4.560493400000e-03
3.365365420000e-02 2.159235240000e+00 4.556754600000e-03
3.373476120000e-02 2.159663200000e+00 4.602555650000e-03
3.373476120000e-02 2.159663200000e+00 4.600686950000e-03
3.373476120000e-02 2.160091160000e+00 4.639944530000e-03
3.389697520000e-02 2.160519120000e+00 4.686680160000e-03
3.381586820000e-02 2.160519120000e+00 4.682006780000e-03
3.389697520000e-02 2.160947080000e+00 4.728742410000e-03
3.397808220000e-02 2.161375050000e+00 4.773609810000e-03
3.405918930000e-02 2.161375050000e+00 4.769870080000e-03
3.414029630000e-02 2.161803010000e+00 4.814737010000e-03
3.405918930000e-02 2.161803010000e+00 4.807258960000e-03
3.414029630000e-02 2.162017110000e+00 4.857734310000e-03
3.422140330000e-02 2.162445070000e+00 4.900730680000e-03
3.422140330000e-02 2.162445070000e+00 4.896991890000e-03
3.430251030000e-02 2.162873030000e+00 4.943727980000e-03
3.430251030000e-02 2.162873030000e+00 4.937184510000e-03
3.438360240000e-02 2.163086890000e+00 4.982051440000e-03
3.454581650000e-02 2.163728950000e+00 5.030657160000e-03
3.446470950000e-02 2.163515090000e+00 5.025983790000e-03
3.454581650000e-02 2.164156910000e+00 5.071784840000e-03
3.462692350000e-02 2.164584880000e+00 5.116650830000e-03
3.470803050000e-02 2.164798970000e+00 5.113847090000e-03
3.470803050000e-02 2.165012840000e+00 5.154974290000e-03
3.470803050000e-02 2.165012840000e+00 5.151235960000e-03
3.478913750000e-02 2.165440800000e+00 5.197971590000e-03
3.495135160000e-02 2.165654900000e+00 5.242837590000e-03
3.487024460000e-02 2.165654900000e+00 5.235360470000e-03
3.503245860000e-02 2.166082860000e+00 5.278356840000e-03
3.503245860000e-02 2.166510820000e+00 5.321354140000e-03
3.503245860000e-02 2.166510820000e+00 5.316680760000e-03
3.511356560000e-02 2.166938780000e+00 5.363416390000e-03
3.519467260000e-02 2.166938780000e+00 5.358743020000e-03
3.519467260000e-02 2.167580840000e+00 5.404544060000e-03
3.527577970000e-02 2.167580840000e+00 5.452214740000e-03
3.527577970000e-02 2.167794700000e+00 5.449410990000e-03
3.543799370000e-02 2.168222900000e+00 5.493341950000e-03
3.535688670000e-02 2.168222900000e+00 5.486799870000e-03
3.543799370000e-02 2.168864730000e+00 5.533535500000e-03
3.551910070000e-02 2.168864730000e+00 5.579336550000e-03
3.551910070000e-02 2.168864730000e+00 5.571858490000e-03
3.560020770000e-02 2.169506790000e+00 5.620463750000e-03
3.576242180000e-02 2.169720650000e+00 5.659722720000e-03
3.568131480000e-02 2.169934750000e+00 5.652244670000e-03
3.576242180000e-02 2.170362710000e+00 5.700849930000e-03
3.576242180000e-02 2.170362710000e+00 5.695241500000e-03
3.584352880000e-02 2.170576810000e+00 5.737304220000e-03
3.600574280000e-02 2.171004770000e+00 5.784039850000e-03
3.600574280000e-02 2.171004770000e+00 5.780301520000e-03
3.600574280000e-02 2.171432730000e+00 5.824232470000e-03
3.600574280000e-02 2.171432730000e+00 5.821428730000e-03
3.608684990000e-02 2.172074560000e+00 5.868164360000e-03
3.616794200000e-02 2.172288660000e+00 5.912095770000e-03
3.624904900000e-02 2.172074560000e+00 5.907422400000e-03
3.624904900000e-02 2.172716620000e+00 5.956027660000e-03
3.641126300000e-02 2.173144580000e+00 5.999024960000e-03
3.641126300000e-02 2.172930720000e+00 5.989678200000e-03
3.649237010000e-02 2.173572540000e+00 6.039217580000e-03
3.649237010000e-02 2.173144580000e+00 6.036413830000e-03
3.649237010000e-02 2.174000500000e+00 6.081279830000e-03
3.665458410000e-02 2.174428460000e+00 6.126147230000e-03
3.665458410000e-02 2.174428460000e+00 6.121472460000e-03
3.665458410000e-02 2.174642560000e+00 6.160731430000e-03
3.681679820000e-02 2.175070520000e+00 6.211205390000e-03
3.681679820000e-02 2.175070520000e+00 6.210271730000e-03
3.681679820000e-02 2.175498490000e+00 6.252333990000e-03
3.681679820000e-02 2.175498490000e+00 6.245790980000e-03
3.689790520000e-02 2.175926450000e+00 6.289721930000e-03
3.697901220000e-02 2.176140550000e+00 6.329915490000e-03
3.697901220000e-02 2.176140550000e+00 6.326175760000e-03
3.706011920000e-02 2.176782370000e+00 6.372912790000e-03
3.706011920000e-02 2.176568510000e+00 6.368238010000e-03
3.714122620000e-02 2.176996470000e+00 6.411235310000e-03
3.714122620000e-02 2.177424430000e+00 6.457971410000e-03
3.730344030000e-02 2.177424430000e+00 6.451428870000e-03
3.730344030000e-02 2.177852390000e+00 6.497229920000e-03
3.746565430000e-02 2.178280350000e+00 6.542095910000e-03
3.738454730000e-02 2.178066490000e+00 6.536487490000e-03
3.746565430000e-02 2.178494450000e+00 6.577615160000e-03
3.754676130000e-02 2.178708310000e+00 6.575746460000e-03
3.754676130000e-02 2.179136280000e+00 6.618743760000e-03
3.762786840000e-02 2.179350380000e+00 6.664544340000e-03
3.762786840000e-02 2.179350380000e+00 6.657066290000e-03
3.779008240000e-02 2.179778340000e+00 6.703801920000e-03
3.779008240000e-02 2.179992440000e+00 6.700063590000e-03
3.779008240000e-02 2.180420400000e+00 6.746799220000e-03
3.795228150000e-02 2.180634260000e+00 6.788861470000e-03
3.795228150000e-02 2.180634260000e+00 6.789796520000e-03
3.795228150000e-02 2.181062220000e+00 6.827185400000e-03
3.811449560000e-02 2.181490180000e+00 6.873921490000e-03
3.803338860000e-02 2.181276320000e+00 6.870182700000e-03
3.811449560000e-02 2.181918380000e+00 6.913179070000e-03
3.811449560000e-02 2.181490180000e+00 6.911310370000e-03
3.819560260000e-02 2.182346340000e+00 6.951502520000e-03
3.827670960000e-02 2.182346340000e+00 6.993565240000e-03
3.827670960000e-02 2.182560210000e+00 6.990761500000e-03
3.835781660000e-02 2.182988170000e+00 7.035627500000e-03
3.852003070000e-02 2.183416130000e+00 7.081428080000e-03
3.843892370000e-02 2.183202270000e+00 7.074886000000e-03
3.852003070000e-02 2.183630230000e+00 7.117882370000e-03
3.852003070000e-02 2.183630230000e+00 7.116013670000e-03
3.860113770000e-02 2.184272290000e+00 7.159944620000e-03
3.868224470000e-02 2.184486150000e+00 7.203876970000e-03
3.876335170000e-02 2.184486150000e+00 7.200138180000e-03
3.876335170000e-02 2.184914110000e+00 7.241265850000e-03
3.876335170000e-02 2.184914110000e+00 7.231918630000e-03
3.884445880000e-02 2.185342070000e+00 7.271176200000e-03
3.892556580000e-02 2.185984130000e+00 7.315108550000e-03
3.900667280000e-02 2.185556170000e+00 7.311368830000e-03
3.900667280000e-02 2.186198000000e+00 7.358105850000e-03
3.908777980000e-02 2.186626200000e+00 7.401101760000e-03
3.908777980000e-02 2.186412100000e+00 7.395493330000e-03
3.924999390000e-02 2.186840060000e+00 7.435687350000e-03
3.916888680000e-02 2.187054160000e+00 7.432882210000e-03
3.924999390000e-02 2.187268020000e+00 7.476814560000e-03
3.941220790000e-02 2.187482120000e+00 7.518876810000e-03
