# current [A] 	 voltage [V] 	 power [W] 	 wavelenght:635.0 nm	 2017-01-09 15:54
7.562339310000e-05 1.665770530000e+00 2.132667730000e-08
7.562339310000e-05 1.785391810000e+00 2.809562540000e-08
1.567304130000e-04 1.808716770000e+00 6.119874030000e-08
3.189444540000e-04 1.824124340000e+00 9.967989460000e-08
3.189444540000e-04 1.824338200000e+00 9.930894860000e-08
4.000514750000e-04 1.835251810000e+00 1.432609480000e-07
4.000514750000e-04 1.843597410000e+00 1.884183830000e-07
4.811584950000e-04 1.843811510000e+00 1.890673930000e-07
5.622655150000e-04 1.851087090000e+00 2.414574570000e-07
4.811584950000e-04 1.851087090000e+00 2.416428520000e-07
6.433725360000e-04 1.857506990000e+00 2.944038040000e-07
7.244795560000e-04 1.863070730000e+00 3.503173790000e-07
7.244795560000e-04 1.863070730000e+00 3.508737340000e-07
7.244795560000e-04 1.867350580000e+00 4.030783320000e-07
7.244795560000e-04 1.867350580000e+00 4.044691760000e-07
8.055865760000e-04 1.872058390000e+00 4.688208150000e-07
8.866861460000e-04 1.876338240000e+00 5.338215490000e-07
8.866861460000e-04 1.876338240000e+00 5.341923380000e-07
1.048900190000e-03 1.879976030000e+00 6.015112600000e-07
1.130007210000e-03 1.883613820000e+00 6.665119940000e-07
1.048900190000e-03 1.883613820000e+00 6.674392240000e-07
1.130007210000e-03 1.886395690000e+00 7.383742970000e-07
1.130007210000e-03 1.886823890000e+00 7.389306800000e-07
1.292221250000e-03 1.889605760000e+00 8.085677340000e-07
1.292221250000e-03 1.892815590000e+00 8.832118400000e-07
1.292221250000e-03 1.892815590000e+00 8.831191280000e-07
1.373328270000e-03 1.895383360000e+00 9.529416050000e-07
1.535542310000e-03 1.898165230000e+00 1.029903960000e-06
1.454435290000e-03 1.898379330000e+00 1.031758420000e-06
1.535542310000e-03 1.900733230000e+00 1.106773420000e-06
1.616649330000e-03 1.900733230000e+00 1.108720650000e-06
1.616649330000e-03 1.903087140000e+00 1.187166730000e-06
1.697756350000e-03 1.905013080000e+00 1.261810670000e-06
1.778855920000e-03 1.905227180000e+00 1.262645360000e-06
1.778855920000e-03 1.907366990000e+00 1.343780240000e-06
1.778855920000e-03 1.907581090000e+00 1.345634930000e-06
1.859962940000e-03 1.909506800000e+00 1.422782470000e-06
2.022176980000e-03 1.911646840000e+00 1.505030130000e-06
1.941069960000e-03 1.911646840000e+00 1.506421090000e-06
2.022176980000e-03 1.913572790000e+00 1.579952480000e-06
2.184391020000e-03 1.915712590000e+00 1.668969160000e-06
2.184391020000e-03 1.915712590000e+00 1.671194580000e-06
2.265498040000e-03 1.917210580000e+00 1.754740420000e-06
2.184391020000e-03 1.917638540000e+00 1.756223920000e-06
2.265498040000e-03 1.919350620000e+00 1.842829870000e-06
2.346605060000e-03 1.921062470000e+00 1.924891880000e-06
2.427712080000e-03 1.921062470000e+00 1.926932100000e-06
2.427712080000e-03 1.922774310000e+00 2.015670590000e-06
2.427712080000e-03 1.922774310000e+00 2.017246970000e-06
2.508819100000e-03 1.924486400000e+00 2.103759700000e-06
2.671025690000e-03 1.926198240000e+00 2.192498410000e-06
2.589926120000e-03 1.926198240000e+00 2.193425640000e-06
2.671025690000e-03 1.927696230000e+00 2.276971370000e-06
2.752132710000e-03 1.929194210000e+00 2.370439010000e-06
2.752132710000e-03 1.928980110000e+00 2.372571540000e-06
2.833239730000e-03 1.930691960000e+00 2.462608340000e-06
2.833239730000e-03 1.930906060000e+00 2.463257260000e-06
2.914346750000e-03 1.932404040000e+00 2.554777670000e-06
2.995453770000e-03 1.933902030000e+00 2.642588920000e-06
2.995453770000e-03 1.933902030000e+00 2.644258070000e-06
3.076560800000e-03 1.935400010000e+00 2.738467170000e-06
3.157667820000e-03 1.936897750000e+00 2.830358200000e-06
3.157667820000e-03 1.936897750000e+00 2.831285430000e-06
3.238774840000e-03 1.938181880000e+00 2.923361990000e-06
3.238774840000e-03 1.938181880000e+00 2.925587520000e-06
3.319881860000e-03 1.939465760000e+00 3.013584320000e-06
3.400988880000e-03 1.941177610000e+00 3.115397020000e-06
3.400988880000e-03 1.940749650000e+00 3.117900860000e-06
3.482095900000e-03 1.942247630000e+00 3.214799110000e-06
3.482095900000e-03 1.942247630000e+00 3.215448030000e-06
3.563195470000e-03 1.943745610000e+00 3.315499040000e-06
3.644302490000e-03 1.945029500000e+00 3.409522830000e-06
3.644302490000e-03 1.945029500000e+00 3.411284750000e-06
3.806516530000e-03 1.946313380000e+00 3.512633840000e-06
3.806516530000e-03 1.947597500000e+00 3.612035930000e-06
3.806516530000e-03 1.947597500000e+00 3.612963160000e-06
3.887623550000e-03 1.948667290000e+00 3.713292240000e-06
3.887623550000e-03 1.948881390000e+00 3.716908620000e-06
3.968730570000e-03 1.949737310000e+00 3.809634340000e-06
4.130944610000e-03 1.951235290000e+00 3.915898110000e-06
4.049837590000e-03 1.951235290000e+00 3.917381490000e-06
4.130944610000e-03 1.952733280000e+00 4.018081650000e-06
4.130944610000e-03 1.952305320000e+00 4.020492270000e-06
4.212051630000e-03 1.953375100000e+00 4.122212430000e-06
4.293158650000e-03 1.954659220000e+00 4.122212430000e-06
4.374265670000e-03 1.954873090000e+00 4.261062710000e-06
4.374265670000e-03 1.955943110000e+00 4.345034540000e-06
4.455365240000e-03 1.957013130000e+00 4.444865680000e-06
4.455365240000e-03 1.957226990000e+00 4.443933450000e-06
4.536472260000e-03 1.958297010000e+00 4.541899220000e-06
4.536472260000e-03 1.958082910000e+00 4.546564920000e-06
4.698686300000e-03 1.959152940000e+00 4.637066920000e-06
4.698686300000e-03 1.960436820000e+00 4.750893820000e-06
4.779793320000e-03 1.960222960000e+00 4.749961140000e-06
4.860900340000e-03 1.961292980000e+00 4.857257410000e-06
4.860900340000e-03 1.962576870000e+00 4.963620540000e-06
4.860900340000e-03 1.962576870000e+00 4.970151620000e-06
4.942007360000e-03 1.963432790000e+00 5.070916360000e-06
4.942007360000e-03 1.963646890000e+00 5.071849960000e-06
5.104221400000e-03 1.964716670000e+00 5.183811030000e-06
5.104221400000e-03 1.965572600000e+00 5.288307880000e-06
5.104221400000e-03 1.965572600000e+00 5.292973580000e-06
5.185328420000e-03 1.966856720000e+00 5.398403120000e-06
5.185328420000e-03 1.966642620000e+00 5.402135680000e-06
5.266435440000e-03 1.967712640000e+00 5.501968190000e-06
5.347535010000e-03 1.968782660000e+00 5.618593600000e-06
5.428642030000e-03 1.968782660000e+00 5.619527200000e-06
5.509749050000e-03 1.969852450000e+00 5.728689760000e-06
5.590856080000e-03 1.970922470000e+00 5.840650830000e-06
5.509749050000e-03 1.970922470000e+00 5.838785000000e-06
5.671963100000e-03 1.971992490000e+00 5.944214540000e-06
5.590856080000e-03 1.971778390000e+00 5.946081270000e-06
5.671963100000e-03 1.972848420000e+00 6.064573880000e-06
5.753070120000e-03 1.974132300000e+00 6.172803300000e-06
5.753070120000e-03 1.973704340000e+00 6.170004330000e-06
5.834177140000e-03 1.974560260000e+00 6.285697510000e-06
5.915284160000e-03 1.974988460000e+00 6.287563340000e-06
5.915284160000e-03 1.975630280000e+00 6.384596870000e-06
6.077498200000e-03 1.976700310000e+00 6.504021260000e-06
5.996391180000e-03 1.976700310000e+00 6.510552790000e-06
6.077498200000e-03 1.977770330000e+00 6.621581180000e-06
6.158605220000e-03 1.978412150000e+00 6.741006930000e-06
6.158605220000e-03 1.978626250000e+00 6.743805900000e-06
6.239704790000e-03 1.979482170000e+00 6.851102170000e-06
6.239704790000e-03 1.979482170000e+00 6.852034400000e-06
6.401918830000e-03 1.980552200000e+00 6.973325530000e-06
6.401918830000e-03 1.981194020000e+00 7.090885900000e-06
6.401918830000e-03 1.981194020000e+00 7.089020070000e-06
6.483025850000e-03 1.982264040000e+00 7.211243880000e-06
6.564132870000e-03 1.983119960000e+00 7.318539700000e-06
6.564132870000e-03 1.982906100000e+00 7.320406440000e-06
6.645239890000e-03 1.983975890000e+00 7.442631160000e-06
6.645239890000e-03 1.983975890000e+00 7.442631160000e-06
6.726346910000e-03 1.985045910000e+00 7.562056000000e-06
6.807453930000e-03 1.985687970000e+00 7.683347580000e-06
6.807453930000e-03 1.985901830000e+00 7.685213860000e-06
6.888560950000e-03 1.986757990000e+00 7.797174480000e-06
6.969667970000e-03 1.986757990000e+00 7.798108530000e-06
6.969667970000e-03 1.987613920000e+00 7.923132220000e-06
7.050774990000e-03 1.988469840000e+00 8.036958210000e-06
7.050774990000e-03 1.988683700000e+00 8.036958210000e-06
7.131874560000e-03 1.989325760000e+00 8.160116520000e-06
7.212981580000e-03 1.990181680000e+00 8.274876560000e-06
7.212981580000e-03 1.990181680000e+00 8.273010280000e-06
7.375195620000e-03 1.991037610000e+00 8.403632820000e-06
7.294088600000e-03 1.991251710000e+00 8.402698770000e-06
7.375195620000e-03 1.992107630000e+00 8.526789320000e-06
7.456302640000e-03 1.992749690000e+00 8.653678380000e-06
7.456302640000e-03 1.992535590000e+00 8.655545570000e-06
7.537409660000e-03 1.993391510000e+00 8.770305610000e-06
7.618516680000e-03 1.993177650000e+00 8.774038180000e-06
7.618516680000e-03 1.994461540000e+00 8.899994100000e-06
7.699623700000e-03 1.995317460000e+00 9.022219270000e-06
7.699623700000e-03 1.995103600000e+00 9.028749450000e-06
7.780730720000e-03 1.995959520000e+00 9.151905940000e-06
7.942944770000e-03 1.996815440000e+00 9.270399460000e-06
7.861837740000e-03 1.997029540000e+00 9.270399460000e-06
7.942944770000e-03 1.997671370000e+00 9.404752750000e-06
7.942944770000e-03 1.997671370000e+00 9.401953320000e-06
8.024044330000e-03 1.998527530000e+00 9.527909240000e-06
8.105151360000e-03 1.999169350000e+00 9.657599550000e-06
8.105151360000e-03 1.999383450000e+00 9.658531780000e-06
8.186258380000e-03 2.000239370000e+00 9.782623240000e-06
8.348472420000e-03 2.000881430000e+00 9.909511390000e-06
8.267365400000e-03 2.001095290000e+00 9.912309910000e-06
8.348472420000e-03 2.001737360000e+00 1.004013300000e-05
8.348472420000e-03 2.001523260000e+00 1.003826860000e-05
8.429579440000e-03 2.002593280000e+00 1.016982240000e-05
8.510686460000e-03 2.003235340000e+00 1.028644870000e-05
8.510686460000e-03 2.003021240000e+00 1.028644870000e-05
8.591793480000e-03 2.004091260000e+00 1.042546770000e-05
8.591793480000e-03 2.004091260000e+00 1.042733220000e-05
8.672900500000e-03 2.004733090000e+00 1.056168730000e-05
8.754007520000e-03 2.005589250000e+00 1.069417430000e-05
8.754007520000e-03 2.005803110000e+00 1.069884000000e-05
8.754007520000e-03 2.006445170000e+00 1.082479590000e-05
8.916214110000e-03 2.007086990000e+00 1.096568120000e-05
8.916214110000e-03 2.007086990000e+00 1.096568120000e-05
8.997321130000e-03 2.008157010000e+00 1.109910230000e-05
8.997321130000e-03 2.007943150000e+00 1.110003450000e-05
9.078428150000e-03 2.008584980000e+00 1.123532180000e-05
9.159535170000e-03 2.009440900000e+00 1.136594350000e-05
9.159535170000e-03 2.009655000000e+00 1.136407630000e-05
9.240642190000e-03 2.010082960000e+00 1.150962540000e-05
9.240642190000e-03 2.010297060000e+00 1.150682690000e-05
9.321749210000e-03 2.011152980000e+00 1.164491370000e-05
9.402856230000e-03 2.011794810000e+00 1.178393180000e-05
9.402856230000e-03 2.011794810000e+00 1.178673120000e-05
9.565070270000e-03 2.012650970000e+00 1.191828510000e-05
9.565070270000e-03 2.013292790000e+00 1.206290200000e-05
9.565070270000e-03 2.013292790000e+00 1.206196980000e-05
9.646177290000e-03 2.013934850000e+00 1.219912160000e-05
9.646177290000e-03 2.013934850000e+00 1.219725530000e-05
9.727284310000e-03 2.014790770000e+00 1.233627430000e-05
9.808383880000e-03 2.015646700000e+00 1.246969440000e-05
9.808383880000e-03 2.015432830000e+00 1.246876220000e-05
9.889490900000e-03 2.016288760000e+00 1.262084150000e-05
9.970597920000e-03 2.016288760000e+00 1.261617850000e-05
9.970597920000e-03 2.017144680000e+00 1.275986050000e-05
1.005170490000e-02 2.017572640000e+00 1.290447740000e-05
1.005170490000e-02 2.017572640000e+00 1.290634460000e-05
1.013281200000e-02 2.018428560000e+00 1.304536270000e-05
1.021391900000e-02 2.019070630000e+00 1.319091190000e-05
1.021391900000e-02 2.019070630000e+00 1.319091190000e-05
1.029502600000e-02 2.019712690000e+00 1.333739600000e-05
1.029502600000e-02 2.019926550000e+00 1.334019450000e-05
1.045724000000e-02 2.020568610000e+00 1.348107800000e-05
1.045724000000e-02 2.021210430000e+00 1.362009700000e-05
1.045724000000e-02 2.021424530000e+00 1.362102920000e-05
1.053834710000e-02 2.022066590000e+00 1.377311130000e-05
1.061945410000e-02 2.022708420000e+00 1.392612470000e-05
1.061945410000e-02 2.022708420000e+00 1.392425840000e-05
1.078166070000e-02 2.023350480000e+00 1.407447330000e-05
1.070055370000e-02 2.023350480000e+00 1.407727180000e-05
1.078166070000e-02 2.024206400000e+00 1.421629080000e-05
1.086276770000e-02 2.024634360000e+00 1.436744060000e-05
1.086276770000e-02 2.024634360000e+00 1.436557340000e-05
1.094387470000e-02 2.025490280000e+00 1.451298980000e-05
1.094387470000e-02 2.025490280000e+00 1.451298980000e-05
1.102498170000e-02 2.026132350000e+00 1.466320460000e-05
1.110608880000e-02 2.026774410000e+00 1.479475850000e-05
1.110608880000e-02 2.026774410000e+00 1.479382630000e-05
1.118719580000e-02 2.027416230000e+00 1.495616930000e-05
1.126830280000e-02 2.028272150000e+00 1.511384930000e-05
1.126830280000e-02 2.028058290000e+00 1.511291430000e-05
1.134940980000e-02 2.028914210000e+00 1.527805940000e-05
1.134940980000e-02 2.028914210000e+00 1.527246060000e-05
1.143051680000e-02 2.029556270000e+00 1.542267460000e-05
1.143051680000e-02 2.030198100000e+00 1.558501940000e-05
1.151162390000e-02 2.030198100000e+00 1.558315310000e-05
1.159272340000e-02 2.031054260000e+00 1.573989720000e-05
1.159272340000e-02 2.030840160000e+00 1.574176350000e-05
1.167383040000e-02 2.031696080000e+00 1.589944440000e-05
1.175493750000e-02 2.032338140000e+00 1.605059150000e-05
1.175493750000e-02 2.032124040000e+00 1.605339090000e-05
1.183604450000e-02 2.032766100000e+00 1.621666890000e-05
1.199825850000e-02 2.033622030000e+00 1.637807870000e-05
1.183604450000e-02 2.033622030000e+00 1.637527930000e-05
1.199825850000e-02 2.034264090000e+00 1.654228980000e-05
1.207936560000e-02 2.034477950000e+00 1.654322110000e-05
1.207936560000e-02 2.035120010000e+00 1.669623450000e-05
1.216047260000e-02 2.035333870000e+00 1.686604260000e-05
1.216047260000e-02 2.035762070000e+00 1.686231010000e-05
1.224157960000e-02 2.036403890000e+00 1.702371990000e-05
1.232268660000e-02 2.036831860000e+00 1.719446300000e-05
1.224157960000e-02 2.036831860000e+00 1.719446300000e-05
1.240379360000e-02 2.037688020000e+00 1.734094440000e-05
1.240379360000e-02 2.037259820000e+00 1.734001310000e-05
1.248489320000e-02 2.038329840000e+00 1.751728450000e-05
1.256600020000e-02 2.038971900000e+00 1.768336010000e-05
1.256600020000e-02 2.038757800000e+00 1.768895710000e-05
1.272821430000e-02 2.039613720000e+00 1.785876520000e-05
1.264710720000e-02 2.039399860000e+00 1.786156460000e-05
1.272821430000e-02 2.040255780000e+00 1.802391130000e-05
1.280932130000e-02 2.040683750000e+00 1.819931640000e-05
1.280932130000e-02 2.040683750000e+00 1.820024950000e-05
1.280932130000e-02 2.041325810000e+00 1.836539200000e-05
1.297153530000e-02 2.042181730000e+00 1.854359650000e-05
1.297153530000e-02 2.042181730000e+00 1.854639590000e-05
1.305264230000e-02 2.042609690000e+00 1.870780580000e-05
1.305264230000e-02 2.042609690000e+00 1.870220880000e-05
1.313374940000e-02 2.043251750000e+00 1.888507900000e-05
1.321485640000e-02 2.044107680000e+00 1.906328360000e-05
1.321485640000e-02 2.044107680000e+00 1.906328360000e-05
1.329596340000e-02 2.044749740000e+00 1.924335630000e-05
1.329596340000e-02 2.044535640000e+00 1.924615570000e-05
1.329596340000e-02 2.045177700000e+00 1.940943000000e-05
1.345817000000e-02 2.045819520000e+00 1.959789920000e-05
1.345817000000e-02 2.045819520000e+00 1.959509970000e-05
1.353927700000e-02 2.046675440000e+00 1.977517060000e-05
1.353927700000e-02 2.047103640000e+00 1.995337520000e-05
1.362038400000e-02 2.046889540000e+00 1.995244380000e-05
1.370149110000e-02 2.047745470000e+00 2.013251470000e-05
1.362038400000e-02 2.047959570000e+00 2.012971530000e-05
1.378259810000e-02 2.048387530000e+00 2.032284830000e-05
1.378259810000e-02 2.049029350000e+00 2.051598310000e-05
1.386370510000e-02 2.049243450000e+00 2.051691440000e-05
1.394481210000e-02 2.049671410000e+00 2.071378190000e-05
1.402591910000e-02 2.050527330000e+00 2.089385090000e-05
1.402591910000e-02 2.050313470000e+00 2.089291960000e-05
1.402591910000e-02 2.050955300000e+00 2.109724660000e-05
1.410702620000e-02 2.050955300000e+00 2.109911470000e-05
1.418813320000e-02 2.051597360000e+00 2.128944830000e-05
1.426923270000e-02 2.052239420000e+00 2.148444760000e-05
1.426923270000e-02 2.052025320000e+00 2.148631390000e-05
1.426923270000e-02 2.052881240000e+00 2.167291500000e-05
1.435033980000e-02 2.052667380000e+00 2.167011730000e-05
1.435033980000e-02 2.053523300000e+00 2.187631250000e-05
1.451255380000e-02 2.054165360000e+00 2.207597750000e-05
1.451255380000e-02 2.053737160000e+00 2.207784200000e-05
1.459366080000e-02 2.054379220000e+00 2.228217270000e-05
1.467476790000e-02 2.055235150000e+00 2.247343760000e-05
1.467476790000e-02 2.055235150000e+00 2.246690750000e-05
1.475587490000e-02 2.055877210000e+00 2.268056780000e-05
1.475587490000e-02 2.055877210000e+00 2.267776840000e-05
1.483698190000e-02 2.056733130000e+00 2.288303220000e-05
1.483698190000e-02 2.056947230000e+00 2.309295810000e-05
1.483698190000e-02 2.056733130000e+00 2.308829240000e-05
1.499919590000e-02 2.057589050000e+00 2.328142730000e-05
1.499919590000e-02 2.057589050000e+00 2.327956100000e-05
1.508030300000e-02 2.058231120000e+00 2.350534850000e-05
1.516140250000e-02 2.058873180000e+00 2.372180820000e-05
1.508030300000e-02 2.058659080000e+00 2.371994200000e-05
1.524250950000e-02 2.059301140000e+00 2.393919930000e-05
1.532361660000e-02 2.059942960000e+00 2.415006020000e-05
1.532361660000e-02 2.059942960000e+00 2.415099330000e-05
1.540472360000e-02 2.060585020000e+00 2.438051340000e-05
1.540472360000e-02 2.060585020000e+00 2.437678090000e-05
1.548583060000e-02 2.061012980000e+00 2.459790450000e-05
1.556693760000e-02 2.061868910000e+00 2.481996130000e-05
1.556693760000e-02 2.061868910000e+00 2.481716180000e-05
1.564804460000e-02 2.062083010000e+00 2.503269020000e-05
1.572915170000e-02 2.063152790000e+00 2.527993640000e-05
1.572915170000e-02 2.062938930000e+00 2.527153810000e-05
1.581025870000e-02 2.063366890000e+00 2.550012690000e-05
1.581025870000e-02 2.063580990000e+00 2.550012690000e-05
1.589136570000e-02 2.064008950000e+00 2.573524580000e-05
1.597247270000e-02 2.064650770000e+00 2.596383460000e-05
1.597247270000e-02 2.064436910000e+00 2.596010200000e-05
1.605357230000e-02 2.065292840000e+00 2.620548370000e-05
1.605357230000e-02 2.065078740000e+00 2.620175110000e-05
1.613467930000e-02 2.065720800000e+00 2.644433330000e-05
1.613467930000e-02 2.066362860000e+00 2.668785050000e-05
1.621578630000e-02 2.066362860000e+00 2.668225170000e-05
1.629689340000e-02 2.066790820000e+00 2.690244220000e-05
1.637800040000e-02 2.067432640000e+00 2.716275230000e-05
1.637800040000e-02 2.067432640000e+00 2.716928430000e-05
1.645910740000e-02 2.068074700000e+00 2.742679500000e-05
1.645910740000e-02 2.068288800000e+00 2.741653220000e-05
1.654021440000e-02 2.068502660000e+00 2.768337250000e-05
1.662132140000e-02 2.069144730000e+00 2.792875600000e-05
1.662132140000e-02 2.069144730000e+00 2.793155550000e-05
1.670242850000e-02 2.069786550000e+00 2.819652950000e-05
1.670242850000e-02 2.069786550000e+00 2.818813300000e-05
1.678353550000e-02 2.070428610000e+00 2.846057030000e-05
1.686464250000e-02 2.070856570000e+00 2.874513850000e-05
1.686464250000e-02 2.071070670000e+00 2.873021190000e-05
1.694574210000e-02 2.071498630000e+00 2.898772250000e-05
1.702684910000e-02 2.072140460000e+00 2.929188670000e-05
1.702684910000e-02 2.072140460000e+00 2.928068900000e-05
1.710795610000e-02 2.072782520000e+00 2.955779380000e-05
1.710795610000e-02 2.072568660000e+00 2.956059140000e-05
1.718906310000e-02 2.073210480000e+00 2.985355420000e-05
1.727017020000e-02 2.073638440000e+00 3.012972770000e-05
1.727017020000e-02 2.073852540000e+00 3.012506390000e-05
1.735127720000e-02 2.074280500000e+00 3.042922250000e-05
1.735127720000e-02 2.074922560000e+00 3.071845640000e-05
1.743238420000e-02 2.074708460000e+00 3.071752140000e-05
1.751349120000e-02 2.075564380000e+00 3.101795300000e-05
1.751349120000e-02 2.075564380000e+00 3.100769030000e-05
1.759459820000e-02 2.075992350000e+00 3.129132530000e-05
1.767570530000e-02 2.076420310000e+00 3.162627760000e-05
1.767570530000e-02 2.076420310000e+00 3.161881250000e-05
1.767570530000e-02 2.077062370000e+00 3.195096720000e-05
1.775681230000e-02 2.077062370000e+00 3.193790330000e-05
1.783791180000e-02 2.077490330000e+00 3.227285200000e-05
1.791901890000e-02 2.078132390000e+00 3.259474400000e-05
1.791901890000e-02 2.078132390000e+00 3.258634750000e-05
1.800012590000e-02 2.078560350000e+00 3.293716140000e-05
1.808123290000e-02 2.079202180000e+00 3.326744630000e-05
1.800012590000e-02 2.079202180000e+00 3.326184740000e-05
1.808123290000e-02 2.079844240000e+00 3.361172280000e-05
1.816233990000e-02 2.079844240000e+00 3.360612750000e-05
1.824344690000e-02 2.080272200000e+00 3.393268340000e-05
1.832455400000e-02 2.080914260000e+00 3.431894580000e-05
1.832455400000e-02 2.080914260000e+00 3.430868670000e-05
1.840566100000e-02 2.081342220000e+00 3.468095380000e-05
1.840566100000e-02 2.081342220000e+00 3.466882480000e-05
1.840566100000e-02 2.081984280000e+00 3.504482810000e-05
1.856787500000e-02 2.082626100000e+00 3.541710250000e-05
1.856787500000e-02 2.082626100000e+00 3.540123730000e-05
1.864898200000e-02 2.083054070000e+00 3.579683830000e-05
1.873008160000e-02 2.083696130000e+00 3.619616470000e-05
1.864898200000e-02 2.083696130000e+00 3.618683700000e-05
1.873008160000e-02 2.084124090000e+00 3.659829240000e-05
1.881118860000e-02 2.084124090000e+00 3.658056450000e-05
1.889229570000e-02 2.084766150000e+00 3.700415250000e-05
1.897340270000e-02 2.085194110000e+00 3.746132640000e-05
1.889229570000e-02 2.084980010000e+00 3.744826610000e-05
1.905450970000e-02 2.085835930000e+00 3.790170740000e-05
1.913561670000e-02 2.086477990000e+00 3.837847910000e-05
1.913561670000e-02 2.086263900000e+00 3.836541510000e-05
1.913561670000e-02 2.086905960000e+00 3.880486470000e-05
1.921672370000e-02 2.086905960000e+00 3.879646830000e-05
1.929783080000e-02 2.087333920000e+00 3.928816300000e-05
1.937893780000e-02 2.087975980000e+00 3.978825770000e-05
1.929783080000e-02 2.087761880000e+00 3.976586590000e-05
1.946004480000e-02 2.088403940000e+00 4.027995600000e-05
1.946004480000e-02 2.088403940000e+00 4.025756430000e-05
1.954115180000e-02 2.088831900000e+00 4.076418550000e-05
1.962225880000e-02 2.089687820000e+00 4.076418550000e-05
1.954115180000e-02 2.089473960000e+00 4.181053010000e-05
1.970336590000e-02 2.090115790000e+00 4.214635920000e-05
1.978447290000e-02 2.090543750000e+00 4.266875480000e-05
1.970336590000e-02 2.090757850000e+00 4.261278080000e-05
1.986557990000e-02 2.091185810000e+00 4.317250200000e-05
1.986557990000e-02 2.090971710000e+00 4.312585590000e-05
1.994668690000e-02 2.091827870000e+00 4.375086790000e-05
2.002779390000e-02 2.092041730000e+00 4.437588360000e-05
2.010888610000e-02 2.092255830000e+00 4.435722080000e-05
2.002779390000e-02 2.092683790000e+00 4.503821040000e-05
2.010888610000e-02 2.092683790000e+00 4.500089560000e-05
2.018999310000e-02 2.093111750000e+00 4.563523180000e-05
2.027110010000e-02 2.093753810000e+00 4.640950280000e-05
2.027110010000e-02 2.093753810000e+00 4.632554920000e-05
2.027110010000e-02 2.094181780000e+00 4.709049240000e-05
2.043331410000e-02 2.095037700000e+00 4.793938930000e-05
2.043331410000e-02 2.095037700000e+00 4.785542840000e-05
2.043331410000e-02 2.095465660000e+00 4.864835140000e-05
2.051442120000e-02 2.095251560000e+00 4.861104390000e-05
2.059552820000e-02 2.095893620000e+00 4.951591470000e-05
2.067663520000e-02 2.096321580000e+00 5.044876530000e-05
2.067663520000e-02 2.096321580000e+00 5.034615610000e-05
2.075774220000e-02 2.096749540000e+00 5.133497690000e-05
2.075774220000e-02 2.097177510000e+00 5.226783110000e-05
2.075774220000e-02 2.097391610000e+00 5.221185710000e-05
2.091995630000e-02 2.097819570000e+00 5.331263310000e-05
2.091995630000e-02 2.098033430000e+00 5.325666280000e-05
2.100106330000e-02 2.098461630000e+00 5.435742790000e-05
2.108217030000e-02 2.099103450000e+00 5.562611110000e-05
2.100106330000e-02 2.098889590000e+00 5.556080940000e-05
2.108217030000e-02 2.099531410000e+00 5.674553900000e-05
2.116327730000e-02 2.099317550000e+00 5.666157810000e-05
2.124438430000e-02 2.099959370000e+00 5.807952040000e-05
2.132549140000e-02 2.100601430000e+00 5.955342930000e-05
2.132549140000e-02 2.100387330000e+00 5.941350170000e-05
2.140659840000e-02 2.100815530000e+00 6.094338100000e-05
2.140659840000e-02 2.101457360000e+00 6.245460830000e-05
2.148770540000e-02 2.101457360000e+00 6.237065100000e-05
2.148770540000e-02 2.101671460000e+00 6.429233330000e-05
2.156881240000e-02 2.101885320000e+00 6.421771100000e-05
2.164991950000e-02 2.102313280000e+00 6.625132660000e-05
2.173102650000e-02 2.102955340000e+00 6.852749360000e-05
2.164991950000e-02 2.102955340000e+00 6.844354360000e-05
2.181213350000e-02 2.103383300000e+00 7.083164380000e-05
2.181213350000e-02 2.103383300000e+00 7.068239210000e-05
2.181213350000e-02 2.104025360000e+00 7.356490820000e-05
2.197433260000e-02 2.104239230000e+00 7.670863120000e-05
2.197433260000e-02 2.104239230000e+00 7.655937950000e-05
2.205543970000e-02 2.104881290000e+00 7.995497440000e-05
2.213654670000e-02 2.105523350000e+00 8.391960000000e-05
2.213654670000e-02 2.105309250000e+00 8.370504660000e-05
2.221765370000e-02 2.106165170000e+00 8.871447790000e-05
2.221765370000e-02 2.105951310000e+00 8.854655610000e-05
2.229876070000e-02 2.106593130000e+00 9.416234390000e-05
2.229876070000e-02 2.106807230000e+00 1.013080110000e-04
2.229876070000e-02 2.107021090000e+00 1.008882250000e-04
2.246097480000e-02 2.107235190000e+00 1.088268330000e-04
2.246097480000e-02 2.107877250000e+00 1.194147330000e-04
2.254208180000e-02 2.107877250000e+00 1.189949470000e-04
2.262318880000e-02 2.108305220000e+00 1.318776630000e-04
2.254208180000e-02 2.108519080000e+00 1.312713140000e-04
2.270429580000e-02 2.108947040000e+00 1.475776230000e-04
2.278540280000e-02 2.109161140000e+00 1.672515210000e-04
2.270429580000e-02 2.109589100000e+00 1.658055990000e-04
2.286650990000e-02 2.109803200000e+00 1.932688610000e-04
2.278540280000e-02 2.109803200000e+00 1.920095090000e-04
2.286650990000e-02 2.110017060000e+00 2.235959690000e-04
2.294761690000e-02 2.110659120000e+00 2.617777210000e-04
2.302872390000e-02 2.110872980000e+00 2.594548860000e-04
2.310983090000e-02 2.111087080000e+00 2.984668830000e-04
2.310983090000e-02 2.111728910000e+00 3.435611140000e-04
2.319093790000e-02 2.111515050000e+00 3.417233820000e-04
2.327204500000e-02 2.111943010000e+00 3.845601170000e-04
2.319093790000e-02 2.111943010000e+00 3.816495880000e-04
2.335315200000e-02 2.112370970000e+00 3.816495880000e-04
2.343425900000e-02 2.112798930000e+00 4.721500450000e-04
2.335315200000e-02 2.112798930000e+00 4.685031310000e-04
2.343425900000e-02 2.113226890000e+00 5.159144640000e-04
2.351536600000e-02 2.113440990000e+00 5.127350450000e-04
2.359647300000e-02 2.113868950000e+00 5.593982640000e-04
2.359647300000e-02 2.114296910000e+00 6.076513670000e-04
2.367756520000e-02 2.114296910000e+00 6.045653720000e-04
2.375867220000e-02 2.114724870000e+00 6.490778760000e-04
2.383977920000e-02 2.115152840000e+00 6.980788890000e-04
2.392088620000e-02 2.115152840000e+00 6.947124490000e-04
2.392088620000e-02 2.115580800000e+00 7.438071770000e-04
2.383977920000e-02 2.115580800000e+00 7.408146630000e-04
2.392088620000e-02 2.116008760000e+00 7.883196810000e-04
2.408310030000e-02 2.116222860000e+00 8.347023390000e-04
2.400199320000e-02 2.116436720000e+00 8.324580270000e-04
2.416420730000e-02 2.116650820000e+00 8.835164480000e-04
2.416420730000e-02 2.117292880000e+00 9.311148310000e-04
2.424531430000e-02 2.117292880000e+00 9.284964760000e-04
2.424531430000e-02 2.117720840000e+00 9.758144150000e-04
2.432642130000e-02 2.117720840000e+00 9.720738160000e-04
2.440752830000e-02 2.118148800000e+00 1.017802050000e-03
2.448863540000e-02 2.118576770000e+00 1.067177280000e-03
2.448863540000e-02 2.118790630000e+00 1.065119870000e-03
2.456974240000e-02 2.119004730000e+00 1.112437810000e-03
2.465084940000e-02 2.119004730000e+00 1.109725910000e-03
2.465084940000e-02 2.119218830000e+00 1.158165980000e-03
2.473195640000e-02 2.119860650000e+00 1.204174590000e-03
2.473195640000e-02 2.119860650000e+00 1.200247210000e-03
2.481306340000e-02 2.120288610000e+00 1.250370410000e-03
2.481306340000e-02 2.120716570000e+00 1.299464960000e-03
2.481306340000e-02 2.120716570000e+00 1.297314300000e-03
2.489417050000e-02 2.121144530000e+00 1.346408860000e-03
2.497527750000e-02 2.121144530000e+00 1.343790330000e-03
2.505638450000e-02 2.121358630000e+00 1.388209290000e-03
2.513749150000e-02 2.122000690000e+00 1.438052040000e-03
2.513749150000e-02 2.122000690000e+00 1.434872630000e-03
2.521859850000e-02 2.122428660000e+00 1.481910120000e-03
2.521859850000e-02 2.122642520000e+00 1.477608460000e-03
2.529970560000e-02 2.122856620000e+00 1.524645600000e-03
2.529970560000e-02 2.123284580000e+00 1.570093330000e-03
2.538081260000e-02 2.123070480000e+00 1.566259310000e-03
2.546190470000e-02 2.123712540000e+00 1.617504870000e-03
2.546190470000e-02 2.124140500000e+00 1.666132010000e-03
2.554301170000e-02 2.124140500000e+00 1.664635840000e-03
2.554301170000e-02 2.124568460000e+00 1.713917470000e-03
2.562411870000e-02 2.124568460000e+00 1.711111870000e-03
2.562411870000e-02 2.124996420000e+00 1.758149360000e-03
2.578633280000e-02 2.125638480000e+00 1.807243910000e-03
2.578633280000e-02 2.125210520000e+00 1.804812460000e-03
2.586743980000e-02 2.125852350000e+00 1.851756240000e-03
2.602965380000e-02 2.126280550000e+00 1.899261260000e-03
2.594854680000e-02 2.126280550000e+00 1.896362290000e-03
2.602965380000e-02 2.126708510000e+00 1.939472160000e-03
2.602965380000e-02 2.126708510000e+00 1.937227790000e-03
2.611076090000e-02 2.127350330000e+00 1.985667740000e-03
2.619186790000e-02 2.127564430000e+00 2.033453200000e-03
2.619186790000e-02 2.127350330000e+00 2.030180530000e-03
2.627297490000e-02 2.127992390000e+00 2.078713850000e-03
2.627297490000e-02 2.127778290000e+00 2.076095670000e-03
2.627297490000e-02 2.128420350000e+00 2.120514630000e-03
2.643518890000e-02 2.129062410000e+00 2.171105240000e-03
2.635408190000e-02 2.128848310000e+00 2.168300100000e-03
2.643518890000e-02 2.129490380000e+00 2.215430840000e-03
2.651629600000e-02 2.129704240000e+00 2.262561810000e-03
2.659740300000e-02 2.129490380000e+00 2.260410690000e-03
2.659740300000e-02 2.130132200000e+00 2.302304840000e-03
2.667851000000e-02 2.130132200000e+00 2.298751380000e-03
2.667851000000e-02 2.130560160000e+00 2.348781330000e-03
2.684072410000e-02 2.130988360000e+00 2.396660160000e-03
2.684072410000e-02 2.131202220000e+00 2.393667820000e-03
2.684072410000e-02 2.131416320000e+00 2.442294730000e-03
2.692183110000e-02 2.131416320000e+00 2.439863510000e-03
2.700293810000e-02 2.131844280000e+00 2.486059210000e-03
2.708404510000e-02 2.132486100000e+00 2.535340840000e-03
2.700293810000e-02 2.132272240000e+00 2.534031640000e-03
2.708404510000e-02 2.132700200000e+00 2.581255980000e-03
2.724624430000e-02 2.133342270000e+00 2.631285930000e-03
2.724624430000e-02 2.133128170000e+00 2.628480550000e-03
2.724624430000e-02 2.133556130000e+00 2.673741200000e-03
2.732735130000e-02 2.133770230000e+00 2.671590070000e-03
2.732735130000e-02 2.134198190000e+00 2.720123860000e-03
2.740845830000e-02 2.134412050000e+00 2.767722120000e-03
2.740845830000e-02 2.134412050000e+00 2.766225950000e-03
2.748956530000e-02 2.135054110000e+00 2.812421650000e-03
2.757067230000e-02 2.135482070000e+00 2.857869260000e-03
2.757067230000e-02 2.135267970000e+00 2.854689960000e-03
2.765177940000e-02 2.135910030000e+00 2.902568780000e-03
2.765177940000e-02 2.135696170000e+00 2.901072610000e-03
2.773288640000e-02 2.136338000000e+00 2.947735830000e-03
2.773288640000e-02 2.136765960000e+00 2.995053770000e-03
2.789510040000e-02 2.136765960000e+00 2.993464000000e-03
2.789510040000e-02 2.136765960000e+00 3.036386800000e-03
2.789510040000e-02 2.136980060000e+00 3.033113670000e-03
2.797620740000e-02 2.137408020000e+00 3.084265630000e-03
2.805731450000e-02 2.137835980000e+00 3.132051090000e-03
2.805731450000e-02 2.138050080000e+00 3.130274590000e-03
2.813842150000e-02 2.138263940000e+00 3.177592530000e-03
2.821952850000e-02 2.138691900000e+00 3.223507670000e-03
2.830063550000e-02 2.138691900000e+00 3.220421490000e-03
2.830063550000e-02 2.139119860000e+00 3.268394150000e-03
2.830063550000e-02 2.139333960000e+00 3.266804150000e-03
2.846284960000e-02 2.139547820000e+00 3.312719520000e-03
2.846284960000e-02 2.139975790000e+00 3.360224420000e-03
2.846284960000e-02 2.139975790000e+00 3.357979930000e-03
2.854395660000e-02 2.140403990000e+00 3.402773060000e-03
2.854395660000e-02 2.140403990000e+00 3.399874080000e-03
2.870617060000e-02 2.141045810000e+00 3.448688190000e-03
2.878727760000e-02 2.141259910000e+00 3.497408940000e-03
2.878727760000e-02 2.141259910000e+00 3.495819170000e-03
2.886838470000e-02 2.141901730000e+00 3.543698230000e-03
2.886838470000e-02 2.142115830000e+00 3.589052240000e-03
2.886838470000e-02 2.142115830000e+00 3.585592150000e-03
2.894949170000e-02 2.142543790000e+00 3.634032330000e-03
2.903058380000e-02 2.142543790000e+00 3.631133350000e-03
2.903058380000e-02 2.142971750000e+00 3.676207040000e-03
2.911169080000e-02 2.143399720000e+00 3.723524980000e-03
2.911169080000e-02 2.143399720000e+00 3.720626000000e-03
2.927390490000e-02 2.144041780000e+00 3.761584870000e-03
2.927390490000e-02 2.144469740000e+00 3.813765480000e-03
2.927390490000e-02 2.144255640000e+00 3.812082110000e-03
2.943611890000e-02 2.144683840000e+00 3.858651970000e-03
2.943611890000e-02 2.144683840000e+00 3.857529720000e-03
2.943611890000e-02 2.145111800000e+00 3.906156630000e-03
2.951722590000e-02 2.145539760000e+00 3.953568640000e-03
2.951722590000e-02 2.145753620000e+00 3.948238210000e-03
2.959833290000e-02 2.145967720000e+00 3.999015780000e-03
2.959833290000e-02 2.145753620000e+00 3.996210170000e-03
2.967944000000e-02 2.146395680000e+00 4.044183060000e-03
2.976054700000e-02 2.147037740000e+00 4.092248620000e-03
2.976054700000e-02 2.146823640000e+00 4.089256280000e-03
2.984165400000e-02 2.147251610000e+00 4.089256280000e-03
3.000386800000e-02 2.147679570000e+00 4.235079050000e-03
3.000386800000e-02 2.147679570000e+00 4.207099320000e-03
3.008497510000e-02 2.148107530000e+00 4.250000700000e-03
3.008497510000e-02 2.148107530000e+00 4.245337560000e-03
3.016608210000e-02 2.148535490000e+00 4.292902070000e-03
3.024718910000e-02 2.149177550000e+00 4.337667950000e-03
3.024718910000e-02 2.148963450000e+00 4.333937540000e-03
3.032829610000e-02 2.149391650000e+00 4.381502050000e-03
3.032829610000e-02 2.149391650000e+00 4.378703420000e-03
3.040940310000e-02 2.149819610000e+00 4.424402020000e-03
3.040940310000e-02 2.150247570000e+00 4.473831970000e-03
3.040940310000e-02 2.150247570000e+00 4.471033350000e-03
3.049051020000e-02 2.150889400000e+00 4.515800160000e-03
3.065272420000e-02 2.151317360000e+00 4.570825030000e-03
3.057161720000e-02 2.151103500000e+00 4.559634250000e-03
3.073383120000e-02 2.151745560000e+00 4.611861430000e-03
3.065272420000e-02 2.151745560000e+00 4.607197360000e-03
3.073383120000e-02 2.152173520000e+00 4.659425000000e-03
3.073383120000e-02 2.152387380000e+00 4.707921760000e-03
3.089603040000e-02 2.152387380000e+00 4.702325910000e-03
3.097713740000e-02 2.152815340000e+00 4.747092720000e-03
3.089603040000e-02 2.153029440000e+00 4.744294570000e-03
3.097713740000e-02 2.153457400000e+00 4.794657230000e-03
3.105824440000e-02 2.153885360000e+00 4.844085780000e-03
3.105824440000e-02 2.153885360000e+00 4.838489930000e-03
3.122045840000e-02 2.154099460000e+00 4.883257210000e-03
3.122045840000e-02 2.154527430000e+00 4.935484380000e-03
3.122045840000e-02 2.154741290000e+00 4.929888530000e-03
3.130156550000e-02 2.154955390000e+00 4.981182980000e-03
3.138267250000e-02 2.155169250000e+00 4.973721220000e-03
3.138267250000e-02 2.155169250000e+00 5.025017080000e-03
3.154488650000e-02 2.155811310000e+00 5.070715680000e-03
3.146377950000e-02 2.156025170000e+00 5.065119830000e-03
3.162599350000e-02 2.156025170000e+00 5.118279720000e-03
3.162599350000e-02 2.156881330000e+00 5.163978320000e-03
3.162599350000e-02 2.156667230000e+00 5.163045600000e-03
3.178820760000e-02 2.157309290000e+00 5.208744200000e-03
3.170710060000e-02 2.157309290000e+00 5.203148350000e-03
3.178820760000e-02 2.157309290000e+00 5.245116540000e-03
3.195042160000e-02 2.157737260000e+00 5.299209620000e-03
3.195042160000e-02 2.157951120000e+00 5.294546480000e-03
3.203152870000e-02 2.158593180000e+00 5.344908220000e-03
3.195042160000e-02 2.158379080000e+00 5.338380580000e-03
3.203152870000e-02 2.158807280000e+00 5.390608220000e-03
3.219374270000e-02 2.159021140000e+00 5.434440910000e-03
3.219374270000e-02 2.159235240000e+00 5.434440910000e-03
3.219374270000e-02 2.159663200000e+00 5.482005420000e-03
3.227484970000e-02 2.160091160000e+00 5.525839520000e-03
3.227484970000e-02 2.159877060000e+00 5.524906330000e-03
3.235595670000e-02 2.160519120000e+00 5.570604930000e-03
3.243706380000e-02 2.160519120000e+00 5.565942270000e-03
3.243706380000e-02 2.160947080000e+00 5.609775890000e-03
3.251817080000e-02 2.161375050000e+00 5.662936250000e-03
3.259926290000e-02 2.161161180000e+00 5.658272190000e-03
3.268036990000e-02 2.161803010000e+00 5.707702130000e-03
3.268036990000e-02 2.161803010000e+00 5.703971720000e-03
3.276147690000e-02 2.162445070000e+00 5.757132080000e-03
3.284258400000e-02 2.162658930000e+00 5.800032060000e-03
3.276147690000e-02 2.162658930000e+00 5.794436210000e-03
3.292369100000e-02 2.163086890000e+00 5.844798870000e-03
3.292369100000e-02 2.163728950000e+00 5.888632030000e-03
3.300479800000e-02 2.163515090000e+00 5.888632030000e-03
3.308590500000e-02 2.163943050000e+00 5.934331570000e-03
3.300479800000e-02 2.163943050000e+00 5.930600220000e-03
3.316701200000e-02 2.164371010000e+00 5.972568880000e-03
3.316701200000e-02 2.164798970000e+00 6.022931540000e-03
3.316701200000e-02 2.164798970000e+00 6.019200200000e-03
3.332922610000e-02 2.165226940000e+00 6.070495580000e-03
3.332922610000e-02 2.165654900000e+00 6.118991880000e-03
3.341033310000e-02 2.165654900000e+00 6.114328750000e-03
3.341033310000e-02 2.166082860000e+00 6.160960070000e-03
3.341033310000e-02 2.166082860000e+00 6.158162840000e-03
3.357254710000e-02 2.166510820000e+00 6.206659600000e-03
3.357254710000e-02 2.166938780000e+00 6.248628250000e-03
3.365365420000e-02 2.166938780000e+00 6.250492760000e-03
3.373476120000e-02 2.167366740000e+00 6.296191360000e-03
3.373476120000e-02 2.167152880000e+00 6.295259580000e-03
3.381586820000e-02 2.167580840000e+00 6.336295050000e-03
3.389697520000e-02 2.168008800000e+00 6.389455400000e-03
3.381586820000e-02 2.168008800000e+00 6.383859550000e-03
3.397808220000e-02 2.168436770000e+00 6.432355380000e-03
3.397808220000e-02 2.169078830000e+00 6.482718050000e-03
3.405918930000e-02 2.168864730000e+00 6.475256760000e-03
3.414029630000e-02 2.169292690000e+00 6.526551210000e-03
3.414029630000e-02 2.169506790000e+00 6.517224950000e-03
3.414029630000e-02 2.169720650000e+00 6.564789450000e-03
3.422140330000e-02 2.170148610000e+00 6.612353490000e-03
3.422140330000e-02 2.170148610000e+00 6.608623550000e-03
3.430251030000e-02 2.170576810000e+00 6.657119370000e-03
3.430251030000e-02 2.170576810000e+00 6.650591730000e-03
3.446470950000e-02 2.171004770000e+00 6.698156240000e-03
3.446470950000e-02 2.171432730000e+00 6.749450690000e-03
3.446470950000e-02 2.171218630000e+00 6.744787560000e-03
3.454581650000e-02 2.171646600000e+00 6.796082020000e-03
3.462692350000e-02 2.172288660000e+00 6.843646060000e-03
3.462692350000e-02 2.172288660000e+00 6.839914710000e-03
3.470803050000e-02 2.172716620000e+00 6.888411940000e-03
3.470803050000e-02 2.172716620000e+00 6.883748810000e-03
3.487024460000e-02 2.173144580000e+00 6.929447410000e-03
3.495135160000e-02 2.173572540000e+00 6.979810540000e-03
3.495135160000e-02 2.173572540000e+00 6.977011920000e-03
3.495135160000e-02 2.174000500000e+00 7.024575960000e-03
3.503245860000e-02 2.174214600000e+00 7.067477330000e-03
3.511356560000e-02 2.174428460000e+00 7.067477330000e-03
3.519467260000e-02 2.174856420000e+00 7.115974560000e-03
3.519467260000e-02 2.174642560000e+00 7.114108650000e-03
3.527577970000e-02 2.175284620000e+00 7.164470390000e-03
3.535688670000e-02 2.175712590000e+00 7.212034890000e-03
3.543799370000e-02 2.175712590000e+00 7.204574070000e-03
3.543799370000e-02 2.176140550000e+00 7.248407230000e-03
3.543799370000e-02 2.176140550000e+00 7.248407230000e-03
3.543799370000e-02 2.176568510000e+00 7.296904460000e-03
3.551910070000e-02 2.176782370000e+00 7.340738550000e-03
3.551910070000e-02 2.176782370000e+00 7.336075420000e-03
3.568131480000e-02 2.177210570000e+00 7.387369870000e-03
3.576242180000e-02 2.177852390000e+00 7.429338060000e-03
3.576242180000e-02 2.177638530000e+00 7.423742210000e-03
3.584352880000e-02 2.178066490000e+00 7.474103940000e-03
3.576242180000e-02 2.178066490000e+00 7.472239430000e-03
3.592463580000e-02 2.178494450000e+00 7.521668450000e-03
3.592463580000e-02 2.178922410000e+00 7.571097930000e-03
3.600574280000e-02 2.178922410000e+00 7.563636640000e-03
3.600574280000e-02 2.179350380000e+00 7.610267960000e-03
3.608684990000e-02 2.179136280000e+00 7.604672110000e-03
3.608684990000e-02 2.179992440000e+00 7.653169330000e-03
3.624904900000e-02 2.180206300000e+00 7.703531070000e-03
3.616794200000e-02 2.180206300000e+00 7.697003430000e-03
3.624904900000e-02 2.180848360000e+00 7.743634750000e-03
3.641126300000e-02 2.181062220000e+00 7.788400630000e-03
3.641126300000e-02 2.181062220000e+00 7.784670220000e-03
3.649237010000e-02 2.181276320000e+00 7.837830110000e-03
3.649237010000e-02 2.181490180000e+00 7.829436100000e-03
3.649237010000e-02 2.181918380000e+00 7.876067420000e-03
3.657347710000e-02 2.182346340000e+00 7.922698740000e-03
3.665458410000e-02 2.182132240000e+00 7.921767420000e-03
3.673569110000e-02 2.182774310000e+00 7.966533300000e-03
3.673569110000e-02 2.182988170000e+00 8.010366930000e-03
3.681679820000e-02 2.183202270000e+00 8.009434680000e-03
3.681679820000e-02 2.183630230000e+00 8.055132810000e-03
3.681679820000e-02 2.183416130000e+00 8.050469680000e-03
3.697901220000e-02 2.183844090000e+00 8.096168750000e-03
3.697901220000e-02 2.184272290000e+00 8.139070120000e-03
3.697901220000e-02 2.184272290000e+00 8.133473810000e-03
3.714122620000e-02 2.184914110000e+00 8.183835070000e-03
3.706011920000e-02 2.184700250000e+00 8.181038310000e-03
3.722233330000e-02 2.185128210000e+00 8.226736450000e-03
3.722233330000e-02 2.185556170000e+00 8.277099580000e-03
3.730344030000e-02 2.185556170000e+00 8.273367770000e-03
3.730344030000e-02 2.185984130000e+00 8.315336890000e-03
3.738454730000e-02 2.186412100000e+00 8.359170520000e-03
3.738454730000e-02 2.186412100000e+00 8.359170520000e-03
3.746565430000e-02 2.186840060000e+00 8.403005080000e-03
3.746565430000e-02 2.187054160000e+00 8.398340080000e-03
3.754676130000e-02 2.187054160000e+00 8.447770030000e-03
3.770897540000e-02 2.187695980000e+00 8.491604590000e-03
3.770897540000e-02 2.187695980000e+00 8.485076020000e-03
3.779008240000e-02 2.188123940000e+00 8.535437290000e-03
3.779008240000e-02 2.187910080000e+00 8.530774150000e-03
3.787118940000e-02 2.188338040000e+00 8.577405480000e-03
3.795228150000e-02 2.188980100000e+00 8.624969980000e-03
3.787118940000e-02 2.188766000000e+00 8.622172290000e-03
3.795228150000e-02 2.189193960000e+00 8.664141410000e-03
3.803338860000e-02 2.189621930000e+00 8.713569490000e-03
3.811449560000e-02 2.189836030000e+00 8.707974110000e-03
3.819560260000e-02 2.190049890000e+00 8.754605430000e-03
3.811449560000e-02 2.190049890000e+00 8.748077790000e-03
3.827670960000e-02 2.190477850000e+00 8.790045980000e-03
3.827670960000e-02 2.190905810000e+00 8.832946420000e-03
3.835781660000e-02 2.190905810000e+00 8.831081910000e-03
3.835781660000e-02 2.191334010000e+00 8.880510930000e-03
3.843892370000e-02 2.191761970000e+00 8.926209990000e-03
3.852003070000e-02 2.191761970000e+00 8.921545930000e-03
3.860113770000e-02 2.192189930000e+00 8.971909060000e-03
3.852003070000e-02 2.192189930000e+00 8.968179110000e-03
3.860113770000e-02 2.192617890000e+00 9.012945000000e-03
3.868224470000e-02 2.193259720000e+00 9.058643130000e-03
3.868224470000e-02 2.192831750000e+00 9.057709950000e-03
3.876335170000e-02 2.193473820000e+00 9.102477690000e-03
3.876335170000e-02 2.193259720000e+00 9.095948190000e-03
3.892556580000e-02 2.193901780000e+00 9.145378140000e-03
3.892556580000e-02 2.194115880000e+00 9.189211760000e-03
3.892556580000e-02 2.194115880000e+00 9.187346320000e-03
3.900667280000e-02 2.194543840000e+00 9.233978580000e-03
3.916888680000e-02 2.194971800000e+00 9.282474410000e-03
3.916888680000e-02 2.194757700000e+00 9.277810340000e-03
3.916888680000e-02 2.195399760000e+00 9.324443530000e-03
3.924999390000e-02 2.195399760000e+00 9.319779460000e-03
3.924999390000e-02 2.195827720000e+00 9.363613090000e-03
3.933110090000e-02 2.196255680000e+00 9.411178530000e-03
