#  J [A] 	 V 	 L [w] 
-8.658319710000e-05 1.129448410000e-03 -1.162196120000e-09
-5.483627320000e-06 1.129448410000e-03 -5.811676700000e-10
-5.483627320000e-06 1.129448410000e-03 -2.583947500000e-10
-5.483627320000e-06 1.129448410000e-03 -1.033068410000e-09
-5.483627320000e-06 1.129448410000e-03 -1.097632210000e-09
7.562339310000e-05 1.129448410000e-03 -1.420405240000e-09
7.562339310000e-05 8.844869730000e-01 3.180051070000e-07
8.866861460000e-04 1.336865430000e+00 1.121733360000e-06
1.048900190000e-03 1.348420860000e+00 1.469757650000e-06
1.292221250000e-03 1.358264450000e+00 1.831467560000e-06
1.535542310000e-03 1.370889900000e+00 2.399952110000e-06
1.697756350000e-03 1.378165720000e+00 2.820343750000e-06
1.859962940000e-03 1.388223410000e+00 2.820343750000e-06
2.103284000000e-03 1.394001010000e+00 3.916265540000e-06
2.184391020000e-03 1.402346850000e+00 4.621049810000e-06
2.427712080000e-03 1.407482620000e+00 5.116023660000e-06
2.671025690000e-03 1.414758210000e+00 5.872124350000e-06
2.914346750000e-03 1.419252160000e+00 6.397627660000e-06
3.076560800000e-03 1.425885920000e+00 7.201796960000e-06
3.319881860000e-03 1.429951670000e+00 7.746786650000e-06
3.482095900000e-03 1.435729500000e+00 8.602271920000e-06
3.644302490000e-03 1.439795260000e+00 9.217415030000e-06
3.968730570000e-03 1.445573090000e+00 1.012291890000e-05
4.130944610000e-03 1.448997020000e+00 1.073416480000e-05
4.374265670000e-03 1.454132800000e+00 1.170592260000e-05
4.536472260000e-03 1.457984690000e+00 1.235874240000e-05
4.617579280000e-03 1.460766550000e+00 1.300896200000e-05
4.860900340000e-03 1.465688230000e+00 1.402099410000e-05
5.104221400000e-03 1.468898060000e+00 1.471538510000e-05
5.347535010000e-03 1.473392010000e+00 1.578263070000e-05
5.428642030000e-03 1.476387980000e+00 1.649586010000e-05
5.753070120000e-03 1.480881690000e+00 1.760143100000e-05
5.834177140000e-03 1.483663560000e+00 1.835363400000e-05
6.077498200000e-03 1.487729310000e+00 1.947609230000e-05
6.320811810000e-03 1.490725280000e+00 2.028675770000e-05
6.564132870000e-03 1.494577170000e+00 2.147222400000e-05
6.645239890000e-03 1.497145180000e+00 2.228159060000e-05
6.969667970000e-03 1.501210930000e+00 2.355669680000e-05
7.050774990000e-03 1.503992800000e+00 2.439464330000e-05
7.375195620000e-03 1.507416730000e+00 2.565935940000e-05
7.456302640000e-03 1.509984490000e+00 2.658435010000e-05
7.699623700000e-03 1.513622520000e+00 2.794195280000e-05
7.861837740000e-03 1.516190290000e+00 2.794195280000e-05
8.105151360000e-03 1.520042180000e+00 3.081697650000e-05
8.267365400000e-03 1.522181990000e+00 3.134303550000e-05
8.429579440000e-03 1.524535890000e+00 3.236269550000e-05
8.672900500000e-03 1.527745960000e+00 3.380449930000e-05
8.835114540000e-03 1.530313730000e+00 3.490858580000e-05
9.078428150000e-03 1.533951520000e+00 3.648028720000e-05
9.321749210000e-03 1.536091570000e+00 3.761684640000e-05
9.483963250000e-03 1.539301400000e+00 3.933792320000e-05
9.646177290000e-03 1.541441440000e+00 4.055891260000e-05
9.889490900000e-03 1.544651270000e+00 4.224751320000e-05
1.005170490000e-02 1.546577220000e+00 4.352045650000e-05
1.029502600000e-02 1.550000910000e+00 4.546234780000e-05
1.045724000000e-02 1.552140950000e+00 4.693663140000e-05
1.070055370000e-02 1.555350780000e+00 4.904738310000e-05
1.086276770000e-02 1.557276730000e+00 5.058660460000e-05
1.110608880000e-02 1.560058590000e+00 5.304807200000e-05
1.126830280000e-02 1.562412500000e+00 5.456132570000e-05
1.143051680000e-02 1.565194370000e+00 5.735400920000e-05
1.167383040000e-02 1.567120310000e+00 5.944527950000e-05
1.191715150000e-02 1.569902180000e+00 6.270558520000e-05
1.207936560000e-02 1.571828130000e+00 6.516703430000e-05
1.216047260000e-02 1.573968170000e+00 6.775189830000e-05
1.248489320000e-02 1.576750040000e+00 7.217473470000e-05
1.264710720000e-02 1.578675990000e+00 7.611048200000e-05
1.289042830000e-02 1.581243750000e+00 8.302075730000e-05
1.305264230000e-02 1.583169700000e+00 8.910622270000e-05
1.329596340000e-02 1.585951570000e+00 1.021539210000e-04
1.337706300000e-02 1.587663410000e+00 1.163706550000e-04
1.370149110000e-02 1.590231420000e+00 1.612614870000e-04
1.386370510000e-02 1.591301440000e+00 2.276625310000e-04
1.402591910000e-02 1.593227390000e+00 2.276625310000e-04
1.426923270000e-02 1.594297170000e+00 5.020250680000e-04
1.443144680000e-02 1.595795150000e+00 6.753997880000e-04
1.467476790000e-02 1.597079040000e+00 7.936957410000e-04
1.491808890000e-02 1.598791120000e+00 9.658334890000e-04
1.508030300000e-02 1.599861150000e+00 1.077879340000e-03
1.532361660000e-02 1.601572990000e+00 1.258220290000e-03
1.548583060000e-02 1.602643010000e+00 1.374498010000e-03
1.572915170000e-02 1.604141000000e+00 1.546896300000e-03
1.589136570000e-02 1.605424880000e+00 1.667145290000e-03
1.605357230000e-02 1.606494900000e+00 1.784204160000e-03
1.629689340000e-02 1.608206750000e+00 1.956211640000e-03
1.637800040000e-02 1.609276770000e+00 2.069950100000e-03
1.670242850000e-02 1.610774520000e+00 2.245733980000e-03
1.686464250000e-02 1.611844540000e+00 2.363183540000e-03
1.710795610000e-02 1.613770480000e+00 2.538120840000e-03
1.727017020000e-02 1.615054370000e+00 2.655049320000e-03
1.751349120000e-02 1.616552350000e+00 2.828424330000e-03
1.767570530000e-02 1.617408280000e+00 2.828424330000e-03
1.791901890000e-02 1.619334220000e+00 3.142643950000e-03
1.808123290000e-02 1.620404240000e+00 3.245234490000e-03
1.832455400000e-02 1.621688130000e+00 3.415352660000e-03
1.848676800000e-02 1.622972250000e+00 3.541967830000e-03
1.873008160000e-02 1.624684100000e+00 3.704943460000e-03
1.889229570000e-02 1.625754120000e+00 3.811429950000e-03
1.905450970000e-02 1.627251860000e+00 4.002325700000e-03
1.921672370000e-02 1.628535990000e+00 4.131537860000e-03
1.954115180000e-02 1.630461930000e+00 4.291267130000e-03
1.962225880000e-02 1.631317850000e+00 4.400350620000e-03
1.986557990000e-02 1.632387880000e+00 4.519822540000e-03
2.010888610000e-02 1.634313820000e+00 4.693187310000e-03
2.018999310000e-02 1.635383610000e+00 4.802919920000e-03
2.051442120000e-02 1.636667730000e+00 4.977583420000e-03
2.067663520000e-02 1.637737510000e+00 5.102250260000e-03
2.091995630000e-02 1.639449600000e+00 5.268472710000e-03
2.108217030000e-02 1.640519380000e+00 5.395087880000e-03
2.132549140000e-02 1.642231460000e+00 5.567153450000e-03
2.148770540000e-02 1.643301250000e+00 5.685327570000e-03
2.173102650000e-02 1.645013330000e+00 5.848302970000e-03
2.181213350000e-02 1.646297220000e+00 5.946997550000e-03
2.213654670000e-02 1.648009060000e+00 6.141140590000e-03
2.229876070000e-02 1.649079080000e+00 6.241133440000e-03
2.254208180000e-02 1.650791170000e+00 6.422289180000e-03
2.270429580000e-02 1.651647090000e+00 6.538516380000e-03
2.294761690000e-02 1.653145070000e+00 6.709283220000e-03
2.302872390000e-02 1.654428960000e+00 6.823560690000e-03
2.335315200000e-02 1.655926940000e+00 6.998223720000e-03
2.351536600000e-02 1.656996730000e+00 7.117697040000e-03
2.359647300000e-02 1.658066750000e+00 7.225481330000e-03
2.392088620000e-02 1.659564730000e+00 7.409885060000e-03
2.408310030000e-02 1.660634760000e+00 7.511176630000e-03
2.424531430000e-02 1.662346600000e+00 7.708565800000e-03
2.440752830000e-02 1.663416620000e+00 7.821544070000e-03
2.473195640000e-02 1.664914610000e+00 7.990363990000e-03
2.489417050000e-02 1.666412350000e+00 8.113732560000e-03
2.513749150000e-02 1.667910340000e+00 8.285799060000e-03
2.521859850000e-02 1.668980360000e+00 8.399426940000e-03
2.546190470000e-02 1.670478340000e+00 8.573440830000e-03
2.570522580000e-02 1.671762230000e+00 8.697458540000e-03
2.594854680000e-02 1.673260210000e+00 8.867577650000e-03
2.602965380000e-02 1.674116130000e+00 8.987050500000e-03
2.627297490000e-02 1.675827980000e+00 9.161713530000e-03
2.651629600000e-02 1.676898000000e+00 9.276640600000e-03
2.667851000000e-02 1.678181890000e+00 9.443512190000e-03
2.684072410000e-02 1.679466010000e+00 9.578567000000e-03
2.708404510000e-02 1.681177850000e+00 9.739595470000e-03
2.724624430000e-02 1.682033780000e+00 9.855820800000e-03
2.748956530000e-02 1.682889700000e+00 9.979189370000e-03
2.765177940000e-02 1.684601780000e+00 1.014606100000e-02
2.781399340000e-02 1.685885670000e+00 1.026618290000e-02
2.813842150000e-02 1.686955690000e+00 1.043695030000e-02
2.830063550000e-02 1.688239570000e+00 1.055512390000e-02
2.854395660000e-02 1.689737560000e+00 1.072004900000e-02
2.862506360000e-02 1.690807580000e+00 1.084341670000e-02
2.894949170000e-02 1.692519430000e+00 1.102262460000e-02
2.903058380000e-02 1.693589450000e+00 1.113430600000e-02
2.927390490000e-02 1.695087430000e+00 1.130767070000e-02
2.943611890000e-02 1.696157220000e+00 1.141740290000e-02
2.967944000000e-02 1.697655200000e+00 1.160050740000e-02
2.992276100000e-02 1.698939090000e+00 1.171543450000e-02
3.016608210000e-02 1.700223210000e+00 1.190827790000e-02
3.032829610000e-02 1.701507090000e+00 1.200437550000e-02
3.057161720000e-02 1.702790980000e+00 1.217579280000e-02
3.073383120000e-02 1.703861000000e+00 1.231799090000e-02
3.097713740000e-02 1.705358980000e+00 1.246733130000e-02
3.113935140000e-02 1.706429000000e+00 1.259589380000e-02
3.122045840000e-02 1.707498790000e+00 1.270562690000e-02
3.154488650000e-02 1.709210870000e+00 1.286860180000e-02
3.170710060000e-02 1.710280660000e+00 1.298807470000e-02
3.195042160000e-02 1.711992740000e+00 1.316468600000e-02
3.203152870000e-02 1.712634560000e+00 1.328026220000e-02
3.227484970000e-02 1.714132550000e+00 1.345362700000e-02
3.243706380000e-02 1.715630530000e+00 1.357245070000e-02
3.276147690000e-02 1.716914420000e+00 1.369516920000e-02
3.292369100000e-02 1.718412400000e+00 1.383412070000e-02
3.308590500000e-02 1.719696280000e+00 1.399514920000e-02
3.332922610000e-02 1.720766310000e+00 1.411072540000e-02
3.357254710000e-02 1.722478150000e+00 1.427305210000e-02
3.365365420000e-02 1.723548170000e+00 1.440745780000e-02
3.389697520000e-02 1.724832060000e+00 1.458017250000e-02
3.414029630000e-02 1.725902080000e+00 1.469639870000e-02
3.438360240000e-02 1.727613930000e+00 1.487236100000e-02
3.446470950000e-02 1.728255990000e+00 1.496780940000e-02
3.470803050000e-02 1.729753970000e+00 1.514831560000e-02
3.487024460000e-02 1.731037860000e+00 1.528012470000e-02
3.511356560000e-02 1.732107880000e+00 1.541193480000e-02
3.527577970000e-02 1.733605860000e+00 1.555932690000e-02
3.551910070000e-02 1.734461780000e+00 1.567944880000e-02
3.576242180000e-02 1.735745670000e+00 1.585995590000e-02
3.584352880000e-02 1.736601590000e+00 1.598527100000e-02
3.616794200000e-02 1.738099580000e+00 1.615474000000e-02
3.624904900000e-02 1.739383460000e+00 1.627291550000e-02
3.649237010000e-02 1.740667580000e+00 1.644757760000e-02
3.665458410000e-02 1.741951470000e+00 1.655016840000e-02
3.697901220000e-02 1.743449450000e+00 1.673651860000e-02
3.706011920000e-02 1.744519230000e+00 1.684300600000e-02
3.730344030000e-02 1.746017220000e+00 1.702286300000e-02
3.754676130000e-02 1.746873140000e+00 1.714428330000e-02
3.770897540000e-02 1.748371120000e+00 1.732933520000e-02
3.787118940000e-02 1.749227050000e+00 1.744036750000e-02
3.811449560000e-02 1.750725030000e+00 1.760983650000e-02
3.827670960000e-02 1.752009150000e+00 1.771307550000e-02
3.852003070000e-02 1.753293040000e+00 1.789423260000e-02
3.868224470000e-02 1.754363060000e+00 1.801370460000e-02
3.892556580000e-02 1.755218980000e+00 1.813123000000e-02
3.908777980000e-02 1.756716970000e+00 1.830134730000e-02
3.933110090000e-02 1.757572890000e+00 1.840913300000e-02
3.957442190000e-02 1.759070870000e+00 1.857990030000e-02
3.973662110000e-02 1.760140660000e+00 1.868898240000e-02
3.997994210000e-02 1.761852740000e+00 1.885780320000e-02
4.014215620000e-02 1.762922530000e+00 1.897143010000e-02
4.030437020000e-02 1.764206650000e+00 1.914609410000e-02
4.046658430000e-02 1.765490530000e+00 1.925063320000e-02
4.070990530000e-02 1.766988520000e+00 1.943049020000e-02
4.095322640000e-02 1.767844440000e+00 1.953373100000e-02
4.111544040000e-02 1.769342420000e+00 1.971034150000e-02
4.135876150000e-02 1.770412450000e+00 1.981033380000e-02
4.152096060000e-02 1.771910190000e+00 1.997720640000e-02
4.176428170000e-02 1.773194310000e+00 2.005772110000e-02
4.200760280000e-02 1.774692060000e+00 2.022913840000e-02
4.216981680000e-02 1.775548220000e+00 2.033237550000e-02
4.233203080000e-02 1.776618000000e+00 2.044470790000e-02
4.257535190000e-02 1.778115990000e+00 2.061222870000e-02
4.265645890000e-02 1.779186010000e+00 2.073170060000e-02
4.289978000000e-02 1.780683990000e+00 2.090701460000e-02
4.306199400000e-02 1.781539920000e+00 2.103557620000e-02
4.330530020000e-02 1.782823800000e+00 2.122192830000e-02
4.346751420000e-02 1.783679720000e+00 2.134659330000e-02
4.371083530000e-02 1.785177710000e+00 2.153554190000e-02
4.387304930000e-02 1.786033630000e+00 2.162189780000e-02
4.411637040000e-02 1.787317750000e+00 2.179851010000e-02
4.435969140000e-02 1.788601640000e+00 2.191993040000e-02
4.452190550000e-02 1.789885520000e+00 2.209719270000e-02
4.468411950000e-02 1.790741440000e+00 2.223874070000e-02
4.492744060000e-02 1.792239430000e+00 2.240236660000e-02
4.517074670000e-02 1.793095350000e+00 2.250950220000e-02
4.533296080000e-02 1.794593330000e+00 2.269000750000e-02
4.549517480000e-02 1.795449260000e+00 2.278545500000e-02
4.573849590000e-02 1.796947240000e+00 2.296401370000e-02
4.590070990000e-02 1.798017260000e+00 2.307959270000e-02
4.606292400000e-02 1.798873190000e+00 2.319451790000e-02
4.630624500000e-02 1.800371170000e+00 2.336918380000e-02
4.646845910000e-02 1.801227090000e+00 2.348346080000e-02
4.671178010000e-02 1.802725080000e+00 2.366201950000e-02
4.687397930000e-02 1.803581000000e+00 2.376850690000e-02
4.711730030000e-02 1.805506940000e+00 2.393862420000e-02
4.727951440000e-02 1.806149010000e+00 2.406913600000e-02
4.752283540000e-02 1.807646990000e+00 2.421782540000e-02
4.768504950000e-02 1.808502910000e+00 2.433729920000e-02
4.792837050000e-02 1.810000900000e+00 2.450221960000e-02
4.809058460000e-02 1.810856820000e+00 2.460676060000e-02
4.841501270000e-02 1.812354800000e+00 2.477363310000e-02
4.849611970000e-02 1.813424590000e+00 2.488791010000e-02
4.873942580000e-02 1.814708710000e+00 2.505348250000e-02
4.890163990000e-02 1.815564630000e+00 2.517814750000e-02
4.922606800000e-02 1.816848520000e+00 2.534502000000e-02
4.930717500000e-02 1.818132400000e+00 2.545085920000e-02
4.955049600000e-02 1.819630380000e+00 2.560019680000e-02
4.963160310000e-02 1.820700410000e+00 2.569889460000e-02
4.987492410000e-02 1.821556330000e+00 2.584044080000e-02
5.011824520000e-02 1.822840210000e+00 2.598198880000e-02
5.028045920000e-02 1.823910240000e+00 2.607094680000e-02
5.052376540000e-02 1.825836180000e+00 2.618912050000e-02
5.068597940000e-02 1.826692100000e+00 2.628521620000e-02
5.092930050000e-02 1.828190090000e+00 2.646052840000e-02
5.109151450000e-02 1.829046010000e+00 2.657675370000e-02
5.141594260000e-02 1.830329900000e+00 2.677998690000e-02
5.157815670000e-02 1.830971960000e+00 2.693452130000e-02
5.182147770000e-02 1.832255840000e+00 2.712217160000e-02
5.198369180000e-02 1.833112000000e+00 2.723710050000e-02
5.222699790000e-02 1.834609750000e+00 2.739682980000e-02
5.230810490000e-02 1.835679770000e+00 2.750591190000e-02
5.255142600000e-02 1.837177750000e+00 2.767667920000e-02
5.271364000000e-02 1.838033680000e+00 2.780004590000e-02
5.295696110000e-02 1.839317560000e+00 2.797990660000e-02
5.311917510000e-02 1.840173720000e+00 2.811820990000e-02
5.336249620000e-02 1.841671470000e+00 2.826819760000e-02
5.352471020000e-02 1.842313530000e+00 2.838312280000e-02
5.376803130000e-02 1.843383550000e+00 2.847727200000e-02
5.393024530000e-02 1.844667430000e+00 2.863635500000e-02
5.417355150000e-02 1.845737460000e+00 2.863635500000e-02
5.433576550000e-02 1.847235440000e+00 2.908970040000e-02
5.457908660000e-02 1.848091360000e+00 2.907676060000e-02
5.474130060000e-02 1.849375250000e+00 2.923847920000e-02
5.498462170000e-02 1.850445270000e+00 2.930963600000e-02
5.514683570000e-02 1.851729150000e+00 2.940019780000e-02
5.522794280000e-02 1.852585080000e+00 2.957485060000e-02
5.547126380000e-02 1.854083060000e+00 2.969128820000e-02
5.571458490000e-02 1.854938980000e+00 2.989828770000e-02
5.595789100000e-02 1.856222870000e+00 3.004706650000e-02
5.612010510000e-02 1.857292890000e+00 3.002119250000e-02
5.636342610000e-02 1.858576770000e+00 3.020878510000e-02
5.652564020000e-02 1.859646800000e+00 3.038343790000e-02
5.676896130000e-02 1.860930680000e+00 3.064218720000e-02
5.693117530000e-02 1.861786840000e+00 3.076509010000e-02
5.717449640000e-02 1.863284590000e+00 3.091386890000e-02
5.733671040000e-02 1.864140750000e+00 3.075215590000e-02
5.749892440000e-02 1.865210530000e+00 3.106912040000e-02
5.774223060000e-02 1.866494660000e+00 3.119849230000e-02
5.790444460000e-02 1.867136480000e+00 3.134080400000e-02
5.814776570000e-02 1.868848560000e+00 3.147017960000e-02
5.830997970000e-02 1.869704480000e+00 3.156073760000e-02
5.855330080000e-02 1.871202470000e+00 3.181301800000e-02
5.879662190000e-02 1.872058390000e+00 3.185829890000e-02
5.895883590000e-02 1.873128410000e+00 3.207823630000e-02
5.912104990000e-02 1.874198200000e+00 3.216233100000e-02
5.944546310000e-02 1.875696180000e+00 3.234991800000e-02
5.960767720000e-02 1.876552100000e+00 3.236285600000e-02
5.976989120000e-02 1.877836230000e+00 3.254398330000e-02
5.993210520000e-02 1.878692150000e+00 3.268628940000e-02
6.009431930000e-02 1.879976030000e+00 3.291269760000e-02
6.033764030000e-02 1.880831960000e+00 3.298385070000e-02
6.058096140000e-02 1.882329940000e+00 3.341078760000e-02
6.074317540000e-02 1.882972000000e+00 3.326847400000e-02
6.098649650000e-02 1.884683850000e+00 3.341078760000e-02
6.114871050000e-02 1.885539770000e+00 3.347547350000e-02
6.131090970000e-02 1.886395690000e+00 3.372775020000e-02
6.155423070000e-02 1.887679820000e+00 3.378596530000e-02
6.179755180000e-02 1.888749600000e+00 3.391534090000e-02
6.195976590000e-02 1.890247580000e+00 3.413527830000e-02
6.212197990000e-02 1.890889640000e+00 3.419996430000e-02
6.244640800000e-02 1.892173530000e+00 3.424524520000e-02
6.260862200000e-02 1.893243550000e+00 3.443930670000e-02
6.277083610000e-02 1.894741540000e+00 3.442636500000e-02
6.293305010000e-02 1.895383360000e+00 3.470452130000e-02
6.317635630000e-02 1.896881340000e+00 3.486623990000e-02
6.333857030000e-02 1.897523400000e+00 3.508617360000e-02
6.358189140000e-02 1.899021390000e+00 3.518967330000e-02
6.366299840000e-02 1.899877310000e+00 3.537079690000e-02
6.398742650000e-02 1.901161190000e+00 3.550016880000e-02
6.414964050000e-02 1.902017120000e+00 3.559073060000e-02
6.439296160000e-02 1.903515100000e+00 3.564894940000e-02
6.455517560000e-02 1.904157160000e+00 3.572010250000e-02
6.479848180000e-02 1.905655150000e+00 3.603707250000e-02
6.496069580000e-02 1.906511070000e+00 3.614057230000e-02
6.504180280000e-02 1.907366990000e+00 3.615997730000e-02
6.536623090000e-02 1.908650880000e+00 3.636697680000e-02
6.552844490000e-02 1.909506800000e+00 3.646400940000e-02
6.577176600000e-02 1.911004780000e+00 3.670334820000e-02
6.593398000000e-02 1.911646840000e+00 3.672922400000e-02
6.617730110000e-02 1.913144830000e+00 3.691681470000e-02
6.633951510000e-02 1.913786650000e+00 3.713027760000e-02
6.658282130000e-02 1.915284630000e+00 3.716909140000e-02
6.674503540000e-02 1.916140560000e+00 3.731787200000e-02
6.698835640000e-02 1.917424680000e+00 3.749899570000e-02
6.715057050000e-02 1.918494460000e+00 3.748605770000e-02
6.739389150000e-02 1.919778590000e+00 3.781596200000e-02
6.755610560000e-02 1.920634510000e+00 3.785477580000e-02
6.788053360000e-02 1.921918390000e+00 3.811352330000e-02
6.804274770000e-02 1.922560450000e+00 3.805530070000e-02
6.820496170000e-02 1.924058440000e+00 3.832051900000e-02
6.828606870000e-02 1.924700260000e+00 3.848223760000e-02
6.861048190000e-02 1.926412340000e+00 3.841754790000e-02
6.877269600000e-02 1.927054170000e+00 3.857926650000e-02
6.893491000000e-02 1.928124190000e+00 3.868923710000e-02
6.917823110000e-02 1.929194210000e+00 3.896738590000e-02
6.934044510000e-02 1.930264000000e+00 3.903854270000e-02
6.958376620000e-02 1.931761980000e+00 3.923260050000e-02
6.974598020000e-02 1.932404040000e+00 3.925200920000e-02
6.990819420000e-02 1.933902030000e+00 3.939431910000e-02
7.015150040000e-02 1.934757950000e+00 3.951075670000e-02
7.039482150000e-02 1.935827970000e+00 3.965953740000e-02
7.055703550000e-02 1.936683890000e+00 3.971128910000e-02
7.080035660000e-02 1.937967780000e+00 4.003472250000e-02
7.096257060000e-02 1.938823700000e+00 4.006706180000e-02
7.120589170000e-02 1.940107820000e+00 4.018349950000e-02
7.136810570000e-02 1.940963750000e+00 4.029993710000e-02
7.161142680000e-02 1.942247630000e+00 4.056515170000e-02
7.177364080000e-02 1.943317650000e+00 4.050693660000e-02
7.201694700000e-02 1.944387440000e+00 4.083684090000e-02
7.217916100000e-02 1.945243600000e+00 4.095327110000e-02
7.242248210000e-02 1.946741340000e+00 4.103090240000e-02
7.266580310000e-02 1.947597500000e+00 4.116027060000e-02
7.274691020000e-02 1.948239330000e+00 4.124436900000e-02
7.307133820000e-02 1.949737310000e+00 4.138667880000e-02
7.315244530000e-02 1.950593230000e+00 4.167130220000e-02
7.339576630000e-02 1.951663260000e+00 4.169070350000e-02
7.355798040000e-02 1.952519180000e+00 4.172951730000e-02
7.380128650000e-02 1.953803060000e+00 4.194945100000e-02
7.396350060000e-02 1.954873090000e+00 4.202060770000e-02
7.420682160000e-02 1.955943110000e+00 4.209176450000e-02
7.436903570000e-02 1.956799030000e+00 4.222760720000e-02
7.461235670000e-02 1.958297010000e+00 4.240872710000e-02
7.477457080000e-02 1.959152940000e+00 4.260279240000e-02
7.501789180000e-02 1.960650920000e+00 4.262866820000e-02
7.518010590000e-02 1.961292980000e+00 4.282919320000e-02
7.542342690000e-02 1.962576870000e+00 4.292622580000e-02
7.558562610000e-02 1.963432790000e+00 4.301032050000e-02
7.582894710000e-02 1.964716670000e+00 4.316556450000e-02
7.591005410000e-02 1.965572600000e+00 4.324966300000e-02
7.623448220000e-02 1.966642620000e+00 4.348900170000e-02
7.639669630000e-02 1.967498540000e+00 4.348900170000e-02
7.664001730000e-02 1.968354700000e+00 4.362484070000e-02
7.680223140000e-02 1.969638590000e+00 4.384478180000e-02
7.696444540000e-02 1.970494510000e+00 4.396768660000e-02
7.728885860000e-02 1.971564530000e+00 4.412939770000e-02
7.736996560000e-02 1.972420450000e+00 4.409059140000e-02
7.761328670000e-02 1.973704340000e+00 4.440108690000e-02
7.777550070000e-02 1.974774360000e+00 4.441402110000e-02
7.801882180000e-02 1.976058240000e+00 4.456927250000e-02
7.818103580000e-02 1.976914170000e+00 4.464689640000e-02
7.834324990000e-02 1.977984190000e+00 4.482154920000e-02
7.858657090000e-02 1.979054210000e+00 4.482802000000e-02
7.874878500000e-02 1.980338100000e+00 4.501561450000e-02
7.891099900000e-02 1.980980160000e+00 4.496385900000e-02
7.923541220000e-02 1.982264040000e+00 4.530023040000e-02
7.939762620000e-02 1.983119960000e+00 4.535198580000e-02
