#  J [A] 	 V 	 L [w] 
7.947873320000e-02 2.017358780000e+00 4.773893210000e-02
7.923541220000e-02 2.016074660000e+00 4.766777530000e-02
7.907319810000e-02 2.014790770000e+00 4.749311880000e-02
7.882989200000e-02 2.013720750000e+00 4.736374690000e-02
7.850546390000e-02 2.012223010000e+00 4.716968540000e-02
7.842435690000e-02 2.011366840000e+00 4.724084210000e-02
7.826214280000e-02 2.009869100000e+00 4.693681370000e-02
7.801882180000e-02 2.009012940000e+00 4.682684320000e-02
7.777550070000e-02 2.007729050000e+00 4.667806250000e-02
7.769439370000e-02 2.006659030000e+00 4.663278160000e-02
7.736996560000e-02 2.005375150000e+00 4.645166170000e-02
7.720776650000e-02 2.004305120000e+00 4.631581900000e-02
7.696444540000e-02 2.002807140000e+00 4.614116620000e-02
7.680223140000e-02 2.001737360000e+00 4.603766280000e-02
7.655891030000e-02 2.000453230000e+00 4.581126200000e-02
7.639669630000e-02 1.999383450000e+00 4.578538610000e-02
7.623448220000e-02 1.998527530000e+00 4.557838660000e-02
7.599116120000e-02 1.997029540000e+00 4.543607680000e-02
7.582894710000e-02 1.995959520000e+00 4.542314260000e-02
7.558562610000e-02 1.994675640000e+00 4.519673440000e-02
7.542342690000e-02 1.993605610000e+00 4.522261020000e-02
7.518010590000e-02 1.991893770000e+00 4.489270600000e-02
7.501789180000e-02 1.991251710000e+00 4.491211100000e-02
7.485567780000e-02 1.989753720000e+00 4.459514840000e-02
7.461235670000e-02 1.988897800000e+00 4.451105000000e-02
7.445014270000e-02 1.987399820000e+00 4.421349610000e-02
7.420682160000e-02 1.986329790000e+00 4.416174440000e-02
7.396350060000e-02 1.985045910000e+00 4.403884340000e-02
7.380128650000e-02 1.984189990000e+00 4.394827780000e-02
7.355798040000e-02 1.982478140000e+00 4.376715420000e-02
7.339576630000e-02 1.981621980000e+00 4.363778230000e-02
7.315244530000e-02 1.980124240000e+00 4.360543940000e-02
7.299023120000e-02 1.979268070000e+00 4.336609320000e-02
7.274691020000e-02 1.977770330000e+00 4.319144040000e-02
7.258469610000e-02 1.976914170000e+00 4.306853560000e-02
7.250358910000e-02 1.976058240000e+00 4.305559770000e-02
7.217916100000e-02 1.974560260000e+00 4.277097810000e-02
7.193584000000e-02 1.973704340000e+00 4.277097810000e-02
7.177364080000e-02 1.971992490000e+00 4.258338730000e-02
7.161142680000e-02 1.971136570000e+00 4.242813590000e-02
7.136810570000e-02 1.969638590000e+00 4.231816900000e-02
7.120589170000e-02 1.968568560000e+00 4.211763670000e-02
7.088146360000e-02 1.967284680000e+00 4.191064460000e-02
7.071924950000e-02 1.966214660000e+00 4.183948790000e-02
7.055703550000e-02 1.964716670000e+00 4.172305020000e-02
7.039482150000e-02 1.963646890000e+00 4.158074040000e-02
7.015150040000e-02 1.962576870000e+00 4.133492340000e-02
6.998930130000e-02 1.961506840000e+00 4.135433210000e-02
6.974598020000e-02 1.960222960000e+00 4.106970880000e-02
6.958376620000e-02 1.958939080000e+00 4.089505600000e-02
6.934044510000e-02 1.957441090000e+00 4.076568410000e-02
6.909712400000e-02 1.956799030000e+00 4.063630850000e-02
6.893491000000e-02 1.955301050000e+00 4.048753160000e-02
6.869158890000e-02 1.954445120000e+00 4.033875090000e-02
6.861048190000e-02 1.953375100000e+00 4.026112710000e-02
6.836716090000e-02 1.951877360000e+00 4.031934590000e-02
6.820496170000e-02 1.951021190000e+00 3.991828490000e-02
6.796164070000e-02 1.949737310000e+00 3.984066100000e-02
6.771831960000e-02 1.948453430000e+00 3.971128910000e-02
6.763721260000e-02 1.947169540000e+00 3.951722380000e-02
6.731278450000e-02 1.946099520000e+00 3.951722380000e-02
6.715057050000e-02 1.944815640000e+00 3.927141430000e-02
6.698835640000e-02 1.943959470000e+00 3.913557160000e-02
6.674503540000e-02 1.942461730000e+00 3.889622910000e-02
6.666392830000e-02 1.941391710000e+00 3.887682780000e-02
6.633951510000e-02 1.939893720000e+00 3.873451800000e-02
6.617730110000e-02 1.939037800000e+00 3.861808030000e-02
6.593398000000e-02 1.937753920000e+00 3.835933280000e-02
6.569065900000e-02 1.936469790000e+00 3.829464320000e-02
6.552844490000e-02 1.935185910000e+00 3.810058160000e-02
6.544733790000e-02 1.934115890000e+00 3.799061480000e-02
6.512290980000e-02 1.932617900000e+00 3.784830870000e-02
6.487958880000e-02 1.931761980000e+00 3.771246220000e-02
6.479848180000e-02 1.930906060000e+00 3.764130920000e-02
6.455517560000e-02 1.929408070000e+00 3.742137180000e-02
6.439296160000e-02 1.928338050000e+00 3.732434290000e-02
6.406853350000e-02 1.926626210000e+00 3.721437230000e-02
6.406853350000e-02 1.925770280000e+00 3.696856650000e-02
6.374410540000e-02 1.924272300000e+00 3.689093520000e-02
6.350078430000e-02 1.923416380000e+00 3.666453440000e-02
6.333857030000e-02 1.921918390000e+00 3.662572060000e-02
6.317635630000e-02 1.921062470000e+00 3.652869160000e-02
6.293305010000e-02 1.919564490000e+00 3.632169590000e-02
6.277083610000e-02 1.918708560000e+00 3.614057230000e-02
6.260862200000e-02 1.916996720000e+00 3.603060170000e-02
6.236530100000e-02 1.916140560000e+00 3.589476270000e-02
6.212197990000e-02 1.914642810000e+00 3.573304410000e-02
6.195976590000e-02 1.913572790000e+00 3.561660650000e-02
6.171644480000e-02 1.912288900000e+00 3.546136250000e-02
6.155423070000e-02 1.911218880000e+00 3.537079690000e-02
6.139201670000e-02 1.909720900000e+00 3.522848710000e-02
6.114871050000e-02 1.908864970000e+00 3.498914470000e-02
6.098649650000e-02 1.907794950000e+00 3.494386370000e-02
6.074317540000e-02 1.906511070000e+00 3.476273640000e-02
6.058096140000e-02 1.905441050000e+00 3.465924040000e-02
6.033764030000e-02 1.903729200000e+00 3.447811680000e-02
6.017542630000e-02 1.903087140000e+00 3.429699690000e-02
5.993210520000e-02 1.901375290000e+00 3.418702630000e-02
5.976989120000e-02 1.900519370000e+00 3.412881120000e-02
5.960767720000e-02 1.899021390000e+00 3.389593590000e-02
5.944546310000e-02 1.898165230000e+00 3.382477910000e-02
5.912104990000e-02 1.896881340000e+00 3.359837830000e-02
5.895883590000e-02 1.896025420000e+00 3.353368860000e-02
5.871551480000e-02 1.894313570000e+00 3.335256500000e-02
5.863440780000e-02 1.893243550000e+00 3.325553240000e-02
5.830997970000e-02 1.891745570000e+00 3.300972660000e-02
5.814776570000e-02 1.890889640000e+00 3.302266450000e-02
5.790444460000e-02 1.889391660000e+00 3.280919790000e-02
5.774223060000e-02 1.888321640000e+00 3.263454140000e-02
5.749892440000e-02 1.886823890000e+00 3.244047980000e-02
5.733671040000e-02 1.885753870000e+00 3.236285600000e-02
5.725560340000e-02 1.884897950000e+00 3.242754560000e-02
5.701228230000e-02 1.883613820000e+00 3.200061250000e-02
5.685006830000e-02 1.882757900000e+00 3.198120370000e-02
5.660674720000e-02 1.881046060000e+00 3.180008010000e-02
5.636342610000e-02 1.879976030000e+00 3.166424110000e-02
5.620121210000e-02 1.878692150000e+00 3.150252250000e-02
5.595789100000e-02 1.877836230000e+00 3.137315060000e-02
5.571458490000e-02 1.876338240000e+00 3.118555810000e-02
5.555237080000e-02 1.875054360000e+00 3.113380260000e-02
5.530904980000e-02 1.873770240000e+00 3.087506070000e-02
5.514683570000e-02 1.872914310000e+00 3.075862300000e-02
5.490351470000e-02 1.870988370000e+00 3.054515640000e-02
5.474130060000e-02 1.870346550000e+00 3.065511960000e-02
5.449797960000e-02 1.869062420000e+00 3.031228300000e-02
5.433576550000e-02 1.867778540000e+00 3.019584530000e-02
5.409244450000e-02 1.866280560000e+00 3.007940760000e-02
5.393024530000e-02 1.865424630000e+00 2.984006700000e-02
5.368692430000e-02 1.864140750000e+00 2.977538300000e-02
5.352471020000e-02 1.863070730000e+00 2.978831720000e-02
5.336249620000e-02 1.861786840000e+00 2.952310260000e-02
5.311917510000e-02 1.860502720000e+00 2.949076150000e-02
5.295696110000e-02 1.859432940000e+00 2.924494630000e-02
5.271364000000e-02 1.858148810000e+00 2.907676060000e-02
5.255142600000e-02 1.857079030000e+00 2.890857500000e-02
5.238921200000e-02 1.855366950000e+00 2.890210780000e-02
5.214590580000e-02 1.854725120000e+00 2.877273600000e-02
5.190258470000e-02 1.853227140000e+00 2.840401790000e-02
5.174037070000e-02 1.852157120000e+00 2.837814390000e-02
5.149704960000e-02 1.850445270000e+00 2.823583220000e-02
5.133483560000e-02 1.849803210000e+00 2.803530540000e-02
5.109151450000e-02 1.848305230000e+00 2.795120890000e-02
5.092930050000e-02 1.847235440000e+00 2.777009080000e-02
5.076708640000e-02 1.845523360000e+00 2.759543060000e-02
5.052376540000e-02 1.844667430000e+00 2.739490380000e-02
5.028045920000e-02 1.843383550000e+00 2.727846620000e-02
5.011824520000e-02 1.842099430000e+00 2.712322210000e-02
4.987492410000e-02 1.840601680000e+00 2.701971870000e-02
4.971271010000e-02 1.839745520000e+00 2.689034680000e-02
4.955049600000e-02 1.839103700000e+00 2.687093990000e-02
4.930717500000e-02 1.837391610000e+00 2.670275420000e-02
4.914496090000e-02 1.836535690000e+00 2.657984940000e-02
4.890163990000e-02 1.835037710000e+00 2.635344300000e-02
4.882053290000e-02 1.833753820000e+00 2.615938340000e-02
4.849611970000e-02 1.832469940000e+00 2.600413750000e-02
4.833390560000e-02 1.831186060000e+00 2.606881970000e-02
4.817169160000e-02 1.829901930000e+00 2.606881970000e-02
4.800947760000e-02 1.828618050000e+00 2.569175140000e-02
4.768504950000e-02 1.827548030000e+00 2.551773750000e-02
4.752283540000e-02 1.826264140000e+00 2.540865170000e-02
4.727951440000e-02 1.824766160000e+00 2.523139310000e-02
4.711730030000e-02 1.823696140000e+00 2.512166090000e-02
4.687397930000e-02 1.822412250000e+00 2.495024350000e-02
4.671178010000e-02 1.821128370000e+00 2.483596280000e-02
4.654956610000e-02 1.819844480000e+00 2.465545760000e-02
4.630624500000e-02 1.818774460000e+00 2.454572540000e-02
4.606292400000e-02 1.817276480000e+00 2.436132360000e-02
4.581960290000e-02 1.816206460000e+00 2.426782250000e-02
4.573849590000e-02 1.815350530000e+00 2.412951920000e-02
4.557628180000e-02 1.813638690000e+00 2.395485530000e-02
4.541406780000e-02 1.812996630000e+00 2.384122830000e-02
4.508963970000e-02 1.811070680000e+00 2.366786260000e-02
4.500854760000e-02 1.810428860000e+00 2.354124750000e-02
4.468411950000e-02 1.808502910000e+00 2.336658540000e-02
4.452190550000e-02 1.807646990000e+00 2.324905990000e-02
4.427858440000e-02 1.806362870000e+00 2.308673600000e-02
4.411637040000e-02 1.805078980000e+00 2.296076710000e-02
4.395415630000e-02 1.803581000000e+00 2.279195000000e-02
4.371083530000e-02 1.802510980000e+00 2.268091780000e-02
4.346751420000e-02 1.801013230000e+00 2.249391750000e-02
4.338640720000e-02 1.799943210000e+00 2.236990070000e-02
4.306199400000e-02 1.798231360000e+00 2.221017140000e-02
4.298088700000e-02 1.797589300000e+00 2.207901140000e-02
4.265645890000e-02 1.795877220000e+00 2.191148880000e-02
4.257535190000e-02 1.794807430000e+00 2.179201510000e-02
4.225092380000e-02 1.793309450000e+00 2.161345820000e-02
4.208870980000e-02 1.792239430000e+00 2.150762080000e-02
4.192649570000e-02 1.791169400000e+00 2.138230390000e-02
4.168317470000e-02 1.789885520000e+00 2.121997810000e-02
4.160206760000e-02 1.788815500000e+00 2.109401300000e-02
4.135876150000e-02 1.787103650000e+00 2.092129920000e-02
4.111544040000e-02 1.786033630000e+00 2.080896870000e-02
4.095322640000e-02 1.784535880000e+00 2.062456680000e-02
4.070990530000e-02 1.783893820000e+00 2.051223440000e-02
4.046658430000e-02 1.782181980000e+00 2.033692230000e-02
4.030437020000e-02 1.781111960000e+00 2.021680030000e-02
4.014215620000e-02 1.779399870000e+00 2.004148810000e-02
3.989883510000e-02 1.778543950000e+00 1.991487290000e-02
3.965552900000e-02 1.776618000000e+00 1.973956080000e-02
3.949331490000e-02 1.775976180000e+00 1.961554400000e-02
3.924999390000e-02 1.774264100000e+00 1.946100780000e-02
3.908777980000e-02 1.773408170000e+00 1.932725120000e-02
3.884445880000e-02 1.771910190000e+00 1.915648390000e-02
3.860113770000e-02 1.770626310000e+00 1.903831030000e-02
3.852003070000e-02 1.769556280000e+00 1.892468150000e-02
3.827670960000e-02 1.768058540000e+00 1.875196580000e-02
3.811449560000e-02 1.766988520000e+00 1.863768700000e-02
3.787118940000e-02 1.765490530000e+00 1.845718180000e-02
3.770897540000e-02 1.764420510000e+00 1.833770800000e-02
3.746565430000e-02 1.762922530000e+00 1.816759070000e-02
3.730344030000e-02 1.761638640000e+00 1.804552040000e-02
3.714122620000e-02 1.760354760000e+00 1.787150650000e-02
3.697901220000e-02 1.759284730000e+00 1.776112430000e-02
3.665458410000e-02 1.757786750000e+00 1.758646220000e-02
3.649237010000e-02 1.756502870000e+00 1.746374180000e-02
3.633015600000e-02 1.755004880000e+00 1.729686930000e-02
3.608684990000e-02 1.754148960000e+00 1.717285250000e-02
3.592463580000e-02 1.752223010000e+00 1.700598190000e-02
3.568131480000e-02 1.751580950000e+00 1.688066500000e-02
3.543799370000e-02 1.749441150000e+00 1.670600100000e-02
3.527577970000e-02 1.748799090000e+00 1.658068600000e-02
3.503245860000e-02 1.747301340000e+00 1.640147720000e-02
3.487024460000e-02 1.746231320000e+00 1.629693990000e-02
3.470803050000e-02 1.745161290000e+00 1.617681790000e-02
3.446470950000e-02 1.743449450000e+00 1.599306240000e-02
3.438360240000e-02 1.742165330000e+00 1.588592860000e-02
3.405918930000e-02 1.740667580000e+00 1.569957840000e-02
3.389697520000e-02 1.739597560000e+00 1.559438930000e-02
3.365365420000e-02 1.738099580000e+00 1.539959850000e-02
3.357254710000e-02 1.736815690000e+00 1.529830600000e-02
3.332922610000e-02 1.735531810000e+00 1.511195490000e-02
3.308590500000e-02 1.734461780000e+00 1.499572860000e-02
3.284258400000e-02 1.732749700000e+00 1.482626140000e-02
3.276147690000e-02 1.731679920000e+00 1.469185390000e-02
3.251817080000e-02 1.729967830000e+00 1.452368310000e-02
3.227484970000e-02 1.729111910000e+00 1.441135440000e-02
3.211263570000e-02 1.727400060000e+00 1.424318370000e-02
3.195042160000e-02 1.726330040000e+00 1.411527020000e-02
3.162599350000e-02 1.724832060000e+00 1.394190550000e-02
3.154488650000e-02 1.723762040000e+00 1.381658860000e-02
3.130156550000e-02 1.722050190000e+00 1.364322470000e-02
3.105824440000e-02 1.720980170000e+00 1.354907550000e-02
3.089603040000e-02 1.719910380000e+00 1.340427990000e-02
3.073383120000e-02 1.718412400000e+00 1.322377290000e-02
3.057161720000e-02 1.717128520000e+00 1.311079320000e-02
3.032829610000e-02 1.715630530000e+00 1.293677930000e-02
3.008497510000e-02 1.714560510000e+00 1.281730640000e-02
2.992276100000e-02 1.712848660000e+00 1.263809860000e-02
2.967944000000e-02 1.711992740000e+00 1.252836550000e-02
2.943611890000e-02 1.710066800000e+00 1.234006700000e-02
2.927390490000e-02 1.708996770000e+00 1.222513990000e-02
2.903058380000e-02 1.707498790000e+00 1.205047690000e-02
2.894949170000e-02 1.706214900000e+00 1.193490070000e-02
2.870617060000e-02 1.704716920000e+00 1.174919770000e-02
2.846284960000e-02 1.703646900000e+00 1.163881550000e-02
2.821952850000e-02 1.702149150000e+00 1.145960760000e-02
2.805731450000e-02 1.700865030000e+00 1.134143400000e-02
2.781399340000e-02 1.699367050000e+00 1.117066670000e-02
2.765177940000e-02 1.698297260000e+00 1.105768700000e-02
2.740845830000e-02 1.696371320000e+00 1.087588160000e-02
2.732735130000e-02 1.695515390000e+00 1.076290290000e-02
2.708404510000e-02 1.694445370000e+00 1.064407920000e-02
2.675961700000e-02 1.692733530000e+00 1.047655850000e-02
2.667851000000e-02 1.691449400000e+00 1.034280100000e-02
2.651629600000e-02 1.689737560000e+00 1.018112430000e-02
2.635408190000e-02 1.688881640000e+00 1.006554720000e-02
2.602965380000e-02 1.687383650000e+00 9.914258490000e-03
2.594854680000e-02 1.686099770000e+00 9.767515580000e-03
2.562411870000e-02 1.684601780000e+00 9.589605960000e-03
2.546190470000e-02 1.683317900000e+00 9.485716930000e-03
2.521859850000e-02 1.681605820000e+00 9.296769280000e-03
2.505638450000e-02 1.680749890000e+00 9.184437800000e-03
2.489417050000e-02 1.679038050000e+00 8.988996970000e-03
2.473195640000e-02 1.677968030000e+00 8.881862280000e-03
2.440752830000e-02 1.676042080000e+00 8.709147570000e-03
2.424531430000e-02 1.674972060000e+00 8.587726390000e-03
2.408310030000e-02 1.673260210000e+00 8.414361630000e-03
2.383977920000e-02 1.672190190000e+00 8.290343920000e-03
2.359647300000e-02 1.670478340000e+00 8.111136030000e-03
2.343425900000e-02 1.669408320000e+00 7.998805490000e-03
2.335315200000e-02 1.668338300000e+00 7.879983630000e-03
2.302872390000e-02 1.666626450000e+00 7.701423480000e-03
2.294761690000e-02 1.665342570000e+00 7.583249360000e-03
2.262318880000e-02 1.663844590000e+00 7.417027370000e-03
2.254208180000e-02 1.662560700000e+00 7.290411740000e-03
2.221765370000e-02 1.660848620000e+00 7.112503050000e-03
2.213654670000e-02 1.660206790000e+00 7.009912280000e-03
2.181213350000e-02 1.658280850000e+00 6.809925190000e-03
2.164991950000e-02 1.657210830000e+00 6.697596050000e-03
2.148770540000e-02 1.655284880000e+00 6.527477410000e-03
2.132549140000e-02 1.654214860000e+00 6.405408030000e-03
2.108217030000e-02 1.652716880000e+00 6.246327890000e-03
2.091995630000e-02 1.651219130000e+00 6.110623010000e-03
2.059552820000e-02 1.649721150000e+00 5.936609120000e-03
2.051442120000e-02 1.648651120000e+00 5.826226440000e-03
2.027110010000e-02 1.646939280000e+00 5.635979590000e-03
2.010888610000e-02 1.645869260000e+00 5.519753790000e-03
1.978447290000e-02 1.644157410000e+00 5.349636080000e-03
1.970336590000e-02 1.643087390000e+00 5.223021380000e-03
1.946004480000e-02 1.641803500000e+00 5.113937890000e-03
1.929783080000e-02 1.640091420000e+00 4.931482950000e-03
1.913561670000e-02 1.639021640000e+00 4.810711830000e-03
1.881118860000e-02 1.637095690000e+00 4.627607300000e-03
1.873008160000e-02 1.636239530000e+00 4.506187510000e-03
1.840566100000e-02 1.634313820000e+00 4.337367600000e-03
1.832455400000e-02 1.633029700000e+00 4.232179840000e-03
1.808123290000e-02 1.631531720000e+00 4.044530910000e-03
1.791901890000e-02 1.630033970000e+00 3.931551710000e-03
1.767570530000e-02 1.628535990000e+00 3.747797570000e-03
1.751349120000e-02 1.627251860000e+00 3.633519400000e-03
1.727017020000e-02 1.625540020000e+00 3.462103200000e-03
1.718906310000e-02 1.624470000000e+00 3.347825030000e-03
1.686464250000e-02 1.622758150000e+00 3.168616440000e-03
1.662132140000e-02 1.621688130000e+00 3.053689610000e-03
1.645910740000e-02 1.619976280000e+00 2.868637440000e-03
1.629689340000e-02 1.618478300000e+00 2.747216960000e-03
1.605357230000e-02 1.616980310000e+00 2.582942370000e-03
1.589136570000e-02 1.615910530000e+00 2.464768240000e-03
1.572915170000e-02 1.614626410000e+00 2.354386730000e-03
1.548583060000e-02 1.612700460000e+00 2.354386730000e-03
1.524250950000e-02 1.611630680000e+00 2.042606240000e-03
1.508030300000e-02 1.609918590000e+00 1.861093220000e-03
1.491808890000e-02 1.608634710000e+00 1.749372920000e-03
1.467476790000e-02 1.606922860000e+00 1.576649140000e-03
1.451255380000e-02 1.606066700000e+00 1.457376750000e-03
1.418813320000e-02 1.603926900000e+00 1.283416060000e-03
1.402591910000e-02 1.602856870000e+00 1.164013290000e-03
1.378259810000e-02 1.601358890000e+00 9.892714440000e-04
1.362038400000e-02 1.599861150000e+00 8.720821350000e-04
1.345817000000e-02 1.598363160000e+00 6.961032050000e-04
1.321485640000e-02 1.597079040000e+00 5.806719420000e-04
1.313374940000e-02 1.595367190000e+00 4.072321170000e-04
1.289042830000e-02 1.594297170000e+00 2.934935330000e-04
1.256600020000e-02 1.592157360000e+00 1.626974840000e-04
1.248489320000e-02 1.590659380000e+00 1.215510930000e-04
1.224157960000e-02 1.587877510000e+00 9.616011810000e-05
1.207936560000e-02 1.585951570000e+00 9.616011810000e-05
1.191715150000e-02 1.583811760000e+00 7.927336260000e-05
1.167383040000e-02 1.581029890000e+00 7.190846370000e-05
1.151162390000e-02 1.579103950000e+00 6.802467400000e-05
1.126830280000e-02 1.575893880000e+00 6.322515400000e-05
1.110608880000e-02 1.573968170000e+00 6.053637840000e-05
1.086276770000e-02 1.570544240000e+00 5.709422480000e-05
1.070055370000e-02 1.568832160000e+00 5.504841830000e-05
1.045724000000e-02 1.565622330000e+00 5.223624610000e-05
1.029502600000e-02 1.563482520000e+00 5.036579750000e-05
1.005170490000e-02 1.560272690000e+00 4.778742730000e-05
9.889490900000e-03 1.557918790000e+00 4.611830810000e-05
9.646177290000e-03 1.554708720000e+00 4.390363760000e-05
9.402856230000e-03 1.552782770000e+00 4.247482140000e-05
9.240642190000e-03 1.549144980000e+00 4.044200610000e-05
8.997321130000e-03 1.547005180000e+00 3.921452300000e-05
8.835114540000e-03 1.543581250000e+00 3.732458940000e-05
8.672900500000e-03 1.541013240000e+00 3.607761760000e-05
8.429579440000e-03 1.537589550000e+00 3.444097460000e-05
8.267365400000e-03 1.535449500000e+00 3.337585800000e-05
8.105151360000e-03 1.532881740000e+00 3.218084380000e-05
7.861837740000e-03 1.529457810000e+00 3.065460990000e-05
7.699623700000e-03 1.527103900000e+00 2.962845430000e-05
7.456302640000e-03 1.523038150000e+00 2.818015670000e-05
7.294088600000e-03 1.520470140000e+00 2.712802780000e-05
7.050774990000e-03 1.516832350000e+00 2.581611440000e-05
6.888560950000e-03 1.514478450000e+00 2.482892890000e-05
6.645239890000e-03 1.509984490000e+00 2.334166310000e-05
6.483025850000e-03 1.507630590000e+00 2.334166310000e-05
6.158605220000e-03 1.503350730000e+00 2.122408840000e-05
6.077498200000e-03 1.500568870000e+00 2.038029560000e-05
5.834177140000e-03 1.496289010000e+00 1.917988810000e-05
5.671963100000e-03 1.493507150000e+00 1.836922270000e-05
5.347535010000e-03 1.489013430000e+00 1.721038830000e-05
5.266435440000e-03 1.486231570000e+00 1.645688640000e-05
5.023114380000e-03 1.481523750000e+00 1.531818820000e-05
4.942007360000e-03 1.478313680000e+00 1.462054750000e-05
4.617579280000e-03 1.473605870000e+00 1.352212350000e-05
4.455365240000e-03 1.470182180000e+00 1.284332210000e-05
4.374265670000e-03 1.466972350000e+00 1.215542580000e-05
4.049837590000e-03 1.461408380000e+00 1.113819780000e-05
3.968730570000e-03 1.457984690000e+00 1.050226730000e-05
3.644302490000e-03 1.452420710000e+00 9.553893510000e-06
3.482095900000e-03 1.448569060000e+00 8.923160750000e-06
3.238774840000e-03 1.442363260000e+00 8.051435540000e-06
3.076560800000e-03 1.438297270000e+00 7.457077570000e-06
2.914346750000e-03 1.432091710000e+00 6.627574750000e-06
2.671025690000e-03 1.427169800000e+00 6.085832870000e-06
2.427712080000e-03 1.420321940000e+00 5.301801140000e-06
2.265498040000e-03 1.414972310000e+00 4.800981510000e-06
2.022176980000e-03 1.407054660000e+00 4.072812320000e-06
1.859962940000e-03 1.401276830000e+00 3.609668060000e-06
1.616649330000e-03 1.391647100000e+00 2.952302110000e-06
1.535542310000e-03 1.384157420000e+00 2.520337150000e-06
1.211114230000e-03 1.372387890000e+00 1.950662860000e-06
1.048900190000e-03 1.363186360000e+00 1.570014770000e-06
8.866861460000e-04 1.351844790000e+00 1.570014770000e-06
7.244795560000e-04 1.331943510000e+00 7.478222980000e-07
5.622655150000e-04 1.312684300000e+00 4.727470180000e-07
3.189444540000e-04 1.264536140000e+00 1.435734870000e-07
1.567304130000e-04 1.174017670000e+00 1.420228820000e-08
-5.483627320000e-06 5.729151370000e-01 -9.039406450000e-10
7.562339310000e-05 9.614175560000e-02 -1.743178160000e-09
-5.483627320000e-06 2.627402540000e-03 -1.392463080000e-13
