#  J [A] 	 V 	 L [w] 
7.939762620000e-02 1.999597310000e+00 4.652928560000e-02
7.915430520000e-02 1.998741390000e+00 4.636756700000e-02
7.899210600000e-02 1.997243400000e+00 4.623172430000e-02
7.882989200000e-02 1.996387480000e+00 4.604413730000e-02
7.850546390000e-02 1.994461540000e+00 4.583713410000e-02
7.842435690000e-02 1.994033580000e+00 4.590182380000e-02
7.826214280000e-02 1.992321730000e+00 4.563660920000e-02
7.801882180000e-02 1.991251710000e+00 4.559779540000e-02
7.777550070000e-02 1.990181680000e+00 4.545548190000e-02
7.761328670000e-02 1.989111900000e+00 4.531963910000e-02
7.736996560000e-02 1.987399820000e+00 4.522907730000e-02
7.720776650000e-02 1.986757990000e+00 4.514498640000e-02
7.696444540000e-02 1.985260010000e+00 4.484742130000e-02
7.672112440000e-02 1.984189990000e+00 4.478920620000e-02
7.655891030000e-02 1.982692000000e+00 4.457573970000e-02
7.639669630000e-02 1.981836080000e+00 4.450458290000e-02
7.623448220000e-02 1.980766060000e+00 4.447871070000e-02
7.599116120000e-02 1.979482170000e+00 4.418115320000e-02
7.582894710000e-02 1.978626250000e+00 4.415527730000e-02
7.558562610000e-02 1.976914170000e+00 4.400002580000e-02
7.534231990000e-02 1.976058240000e+00 4.392240570000e-02
7.518010590000e-02 1.974560260000e+00 4.389005900000e-02
7.501789180000e-02 1.973704340000e+00 4.359896850000e-02
7.469346370000e-02 1.972206350000e+00 4.346959670000e-02
7.461235670000e-02 1.971136570000e+00 4.334669190000e-02
7.436903570000e-02 1.970066550000e+00 4.315263030000e-02
7.412571460000e-02 1.968996520000e+00 4.317203160000e-02
7.396350060000e-02 1.967712640000e+00 4.289388280000e-02
7.380128650000e-02 1.966642620000e+00 4.273216430000e-02
7.355798040000e-02 1.965358730000e+00 4.268041630000e-02
7.339576630000e-02 1.964074850000e+00 4.232463610000e-02
7.315244530000e-02 1.962790730000e+00 4.230523110000e-02
7.299023120000e-02 1.961934800000e+00 4.228582230000e-02
7.274691020000e-02 1.960436820000e+00 4.214351250000e-02
7.266580310000e-02 1.959580900000e+00 4.183948790000e-02
7.242248210000e-02 1.958724980000e+00 4.180714120000e-02
7.217916100000e-02 1.957226990000e+00 4.151605070000e-02
7.201694700000e-02 1.956371070000e+00 4.149664190000e-02
7.177364080000e-02 1.954873090000e+00 4.136727380000e-02
7.161142680000e-02 1.954017160000e+00 4.125730320000e-02
7.136810570000e-02 1.952733280000e+00 4.105677460000e-02
7.120589170000e-02 1.951663260000e+00 4.092739890000e-02
7.096257060000e-02 1.950165270000e+00 4.078508540000e-02
7.071924950000e-02 1.949309350000e+00 4.055868460000e-02
7.047592850000e-02 1.948025470000e+00 4.052634540000e-02
7.039482150000e-02 1.946741340000e+00 4.037109390000e-02
7.015150040000e-02 1.945671560000e+00 4.017703240000e-02
6.998930130000e-02 1.944601540000e+00 4.011881720000e-02
6.966487320000e-02 1.943103550000e+00 3.999590500000e-02
6.958376620000e-02 1.942461730000e+00 3.991828490000e-02
6.934044510000e-02 1.940749650000e+00 3.976950420000e-02
6.917823110000e-02 1.940107820000e+00 3.951075670000e-02
6.893491000000e-02 1.938395740000e+00 3.938138480000e-02
6.877269600000e-02 1.937753920000e+00 3.920026120000e-02
6.861048190000e-02 1.936683890000e+00 3.901914130000e-02
6.836716090000e-02 1.935185910000e+00 3.891563790000e-02
6.820496170000e-02 1.934115890000e+00 3.890917080000e-02
6.796164070000e-02 1.932832000000e+00 3.865042330000e-02
6.788053360000e-02 1.931976080000e+00 3.854692350000e-02
6.763721260000e-02 1.930478100000e+00 3.839167210000e-02
6.739389150000e-02 1.929622170000e+00 3.826876730000e-02
6.715057050000e-02 1.928338050000e+00 3.803589570000e-02
6.698835640000e-02 1.927268270000e+00 3.788711500000e-02
6.666392830000e-02 1.925984140000e+00 3.782889990000e-02
6.658282130000e-02 1.924914360000e+00 3.788064790000e-02
6.633951510000e-02 1.923630240000e+00 3.753133860000e-02
6.617730110000e-02 1.922560450000e+00 3.746665640000e-02
6.593398000000e-02 1.921490430000e+00 3.735668580000e-02
6.585287300000e-02 1.920206550000e+00 3.709793460000e-02
6.552844490000e-02 1.919136520000e+00 3.704618660000e-02
6.536623090000e-02 1.918066500000e+00 3.676803040000e-02
6.512290980000e-02 1.916782620000e+00 3.657397260000e-02
6.487958880000e-02 1.915284630000e+00 3.658043970000e-02
6.479848180000e-02 1.914428710000e+00 3.649634870000e-02
6.447406860000e-02 1.912930730000e+00 3.634109720000e-02
6.431185450000e-02 1.911860700000e+00 3.622466700000e-02
6.414964050000e-02 1.910576820000e+00 3.608235340000e-02
6.398742650000e-02 1.909720900000e+00 3.614703940000e-02
6.382521240000e-02 1.908437010000e+00 3.571363540000e-02
6.358189140000e-02 1.907581090000e+00 3.562954810000e-02
6.333857030000e-02 1.906296970000e+00 3.546782960000e-02
6.317635630000e-02 1.905441050000e+00 3.527376800000e-02
6.293305010000e-02 1.903943060000e+00 3.511851650000e-02
6.277083610000e-02 1.903087140000e+00 3.498267750000e-02
6.252751500000e-02 1.901589160000e+00 3.480155390000e-02
6.236530100000e-02 1.900305270000e+00 3.480155390000e-02
6.212197990000e-02 1.898807290000e+00 3.466570750000e-02
6.187865880000e-02 1.897737260000e+00 3.458161650000e-02
6.163533780000e-02 1.896025420000e+00 3.434874490000e-02
6.155423070000e-02 1.895383360000e+00 3.423230720000e-02
6.131090970000e-02 1.893885610000e+00 3.407058860000e-02
6.114871050000e-02 1.892815590000e+00 3.396709260000e-02
6.098649650000e-02 1.891745570000e+00 3.391534090000e-02
6.074317540000e-02 1.890247580000e+00 3.370834140000e-02
6.058096140000e-02 1.889391660000e+00 3.363072130000e-02
6.033764030000e-02 1.887679820000e+00 3.340432050000e-02
6.009431930000e-02 1.887251850000e+00 3.335903580000e-02
5.985099820000e-02 1.885753870000e+00 3.316497800000e-02
5.976989120000e-02 1.884683850000e+00 3.293856980000e-02
5.952657010000e-02 1.883185860000e+00 3.291269760000e-02
5.936435610000e-02 1.882116080000e+00 3.272510320000e-02
5.912104990000e-02 1.880618100000e+00 3.256338460000e-02
5.895883590000e-02 1.880190130000e+00 3.247929360000e-02
5.871551480000e-02 1.878478050000e+00 3.225936000000e-02
5.863440780000e-02 1.877622130000e+00 3.227229420000e-02
5.830997970000e-02 1.875910280000e+00 3.203295170000e-02
5.822887270000e-02 1.875054360000e+00 3.196179870000e-02
5.790444460000e-02 1.873556380000e+00 3.177420420000e-02
5.782333760000e-02 1.872914310000e+00 3.161249310000e-02
5.749892440000e-02 1.871416330000e+00 3.145724160000e-02
5.741781740000e-02 1.870132450000e+00 3.125671300000e-02
5.717449640000e-02 1.869490390000e+00 3.119849230000e-02
5.693117530000e-02 1.867992640000e+00 3.107558750000e-02
5.676896130000e-02 1.867136480000e+00 3.106912040000e-02
5.652564020000e-02 1.865424630000e+00 3.077155720000e-02
5.636342610000e-02 1.864568710000e+00 3.062277850000e-02
5.612010510000e-02 1.863284590000e+00 3.057749760000e-02
5.595789100000e-02 1.862428670000e+00 3.029287420000e-02
5.571458490000e-02 1.860930680000e+00 3.016997130000e-02
5.547126380000e-02 1.860074760000e+00 3.000178560000e-02
5.522794280000e-02 1.858790870000e+00 2.989182060000e-02
5.506572870000e-02 1.857720850000e+00 2.973656920000e-02
5.490351470000e-02 1.856009010000e+00 2.949076150000e-02
5.474130060000e-02 1.855366950000e+00 2.945841290000e-02
5.449797960000e-02 1.853655100000e+00 2.930316890000e-02
5.433576550000e-02 1.853013040000e+00 2.920613810000e-02
5.409244450000e-02 1.851515050000e+00 2.892798190000e-02
5.393024530000e-02 1.850659130000e+00 2.881801870000e-02
5.376803130000e-02 1.849161150000e+00 2.873392220000e-02
5.352471020000e-02 1.848305230000e+00 2.859807760000e-02
5.336249620000e-02 1.847449300000e+00 2.868217420000e-02
5.311917510000e-02 1.845737460000e+00 2.842989190000e-02
5.295696110000e-02 1.844667430000e+00 2.828111310000e-02
5.271364000000e-02 1.843169450000e+00 2.809999510000e-02
5.255142600000e-02 1.842099430000e+00 2.791886780000e-02
5.230810490000e-02 1.840815540000e+00 2.778302320000e-02
5.214590580000e-02 1.839745520000e+00 2.769893410000e-02
5.190258470000e-02 1.838675740000e+00 2.753074840000e-02
5.182147770000e-02 1.837391610000e+00 2.727846620000e-02
5.149704960000e-02 1.836107730000e+00 2.717497010000e-02
5.133483560000e-02 1.835465910000e+00 2.705853250000e-02
5.101040750000e-02 1.833753820000e+00 2.687093990000e-02
5.092930050000e-02 1.832683800000e+00 2.671569400000e-02
5.068597940000e-02 1.831399920000e+00 2.659278360000e-02
5.052376540000e-02 1.830116030000e+00 2.650869450000e-02
5.028045920000e-02 1.828618050000e+00 2.621113140000e-02
5.011824520000e-02 1.827548030000e+00 2.621113140000e-02
4.987492410000e-02 1.825836180000e+00 2.613350940000e-02
4.971271010000e-02 1.824980260000e+00 2.613997650000e-02
4.955049600000e-02 1.824124340000e+00 2.613997650000e-02
4.930717500000e-02 1.822412250000e+00 2.571837050000e-02
4.914496090000e-02 1.821556330000e+00 2.564889750000e-02
4.890163990000e-02 1.820058350000e+00 2.548072670000e-02
4.873942580000e-02 1.819202420000e+00 2.537294100000e-02
4.849611970000e-02 1.817704440000e+00 2.519892710000e-02
4.833390560000e-02 1.816848520000e+00 2.508789490000e-02
4.809058460000e-02 1.815350530000e+00 2.491193450000e-02
4.792837050000e-02 1.814066650000e+00 2.479246070000e-02
4.768504950000e-02 1.812782760000e+00 2.462623830000e-02
4.760394250000e-02 1.811926600000e+00 2.451715620000e-02
4.727951440000e-02 1.810428860000e+00 2.434574070000e-02
4.711730030000e-02 1.809358840000e+00 2.423145990000e-02
4.687397930000e-02 1.807860850000e+00 2.404770810000e-02
4.671178010000e-02 1.807004930000e+00 2.392239120000e-02
4.646845910000e-02 1.805506940000e+00 2.376525660000e-02
4.630624500000e-02 1.804436920000e+00 2.363994350000e-02
4.606292400000e-02 1.802939180000e+00 2.346982430000e-02
4.581960290000e-02 1.802083020000e+00 2.334191280000e-02
4.581960290000e-02 1.801013230000e+00 2.322763200000e-02
4.549517480000e-02 1.799515250000e+00 2.304907330000e-02
4.533296080000e-02 1.798659320000e+00 2.293025140000e-02
4.508963970000e-02 1.797161340000e+00 2.275623750000e-02
4.492744060000e-02 1.796305420000e+00 2.264260870000e-02
4.468411950000e-02 1.794807430000e+00 2.246989310000e-02
4.452190550000e-02 1.793951510000e+00 2.236600410000e-02
4.427858440000e-02 1.792239430000e+00 2.217121050000e-02
4.411637040000e-02 1.791169400000e+00 2.206472680000e-02
4.387304930000e-02 1.789885520000e+00 2.187837470000e-02
4.371083530000e-02 1.788601640000e+00 2.178942040000e-02
4.346751420000e-02 1.787103650000e+00 2.160436850000e-02
4.330530020000e-02 1.786461590000e+00 2.148749310000e-02
4.314310100000e-02 1.784963850000e+00 2.131282910000e-02
4.289978000000e-02 1.783893820000e+00 2.119270710000e-02
4.265645890000e-02 1.782609940000e+00 2.101285010000e-02
4.249424490000e-02 1.781539920000e+00 2.090051960000e-02
4.233203080000e-02 1.780041930000e+00 2.072001430000e-02
4.216981680000e-02 1.778971910000e+00 2.061092850000e-02
4.192649570000e-02 1.777688030000e+00 2.050184640000e-02
4.168317470000e-02 1.776618000000e+00 2.033172730000e-02
4.152096060000e-02 1.775334120000e+00 2.021745030000e-02
4.135876150000e-02 1.774050240000e+00 2.003499490000e-02
4.119654740000e-02 1.772980210000e+00 1.992071790000e-02
4.095322640000e-02 1.771696330000e+00 1.974021080000e-02
4.079101230000e-02 1.770412450000e+00 1.962658020000e-02
4.054769130000e-02 1.769128320000e+00 1.945256630000e-02
4.038547720000e-02 1.767844440000e+00 1.936620850000e-02
3.997994210000e-02 1.765918490000e+00 1.920063610000e-02
3.989883510000e-02 1.765062570000e+00 1.909609700000e-02
3.965552900000e-02 1.763350730000e+00 1.892143490000e-02
3.957442190000e-02 1.762494560000e+00 1.879481970000e-02
3.924999390000e-02 1.760996580000e+00 1.863638870000e-02
3.908777980000e-02 1.759926800000e+00 1.851756680000e-02
3.892556580000e-02 1.758428810000e+00 1.834225470000e-02
3.868224470000e-02 1.757358790000e+00 1.822862400000e-02
3.852003070000e-02 1.756502870000e+00 1.811434700000e-02
3.827670960000e-02 1.754791020000e+00 1.795851250000e-02
3.811449560000e-02 1.753934860000e+00 1.783124920000e-02
3.795228150000e-02 1.752437110000e+00 1.766762320000e-02
3.770897540000e-02 1.751580950000e+00 1.753581500000e-02
3.746565430000e-02 1.749869110000e+00 1.736634600000e-02
3.730344030000e-02 1.748799090000e+00 1.724232920000e-02
3.706011920000e-02 1.747301340000e+00 1.707350840000e-02
3.689790520000e-02 1.746445180000e+00 1.695923130000e-02
3.673569110000e-02 1.744733330000e+00 1.679690550000e-02
3.657347710000e-02 1.743663310000e+00 1.667938010000e-02
3.624904900000e-02 1.742379430000e+00 1.649302990000e-02
3.616794200000e-02 1.741309400000e+00 1.637810100000e-02
3.584352880000e-02 1.739597560000e+00 1.620538720000e-02
3.568131480000e-02 1.738741640000e+00 1.608201860000e-02
3.551910070000e-02 1.737243650000e+00 1.590735470000e-02
3.535688670000e-02 1.736173630000e+00 1.578723450000e-02
3.511356560000e-02 1.734675650000e+00 1.561386790000e-02
3.487024460000e-02 1.733819720000e+00 1.549894180000e-02
3.470803050000e-02 1.732749700000e+00 1.537427400000e-02
3.454581650000e-02 1.731251960000e+00 1.520350760000e-02
3.438360240000e-02 1.730181930000e+00 1.508793140000e-02
3.405918930000e-02 1.728683950000e+00 1.493144780000e-02
3.389697520000e-02 1.727613930000e+00 1.479898950000e-02
3.373476120000e-02 1.726115940000e+00 1.461588410000e-02
3.349144010000e-02 1.724832060000e+00 1.450550370000e-02
3.324811910000e-02 1.723334070000e+00 1.431720330000e-02
3.308590500000e-02 1.722478150000e+00 1.419708320000e-02
3.268036990000e-02 1.720552210000e+00 1.402241920000e-02
3.268036990000e-02 1.719910380000e+00 1.393476310000e-02
3.243706380000e-02 1.718412400000e+00 1.374776290000e-02
3.227484970000e-02 1.717342380000e+00 1.362894010000e-02
3.203152870000e-02 1.715630530000e+00 1.345038130000e-02
3.186931460000e-02 1.714774610000e+00 1.333025940000e-02
3.170710060000e-02 1.713276620000e+00 1.316923090000e-02
3.146377950000e-02 1.712206600000e+00 1.304910980000e-02
3.122045840000e-02 1.710494760000e+00 1.287899070000e-02
3.105824440000e-02 1.709424730000e+00 1.275172640000e-02
3.089603040000e-02 1.708354710000e+00 1.262900790000e-02
3.073383120000e-02 1.706642870000e+00 1.246018890000e-02
3.057161720000e-02 1.705786940000e+00 1.235889640000e-02
3.024718910000e-02 1.704288960000e+00 1.217838940000e-02
3.008497510000e-02 1.703218940000e+00 1.205761920000e-02
2.992276100000e-02 1.701507090000e+00 1.189918910000e-02
2.967944000000e-02 1.700437070000e+00 1.177906620000e-02
2.943611890000e-02 1.698939090000e+00 1.160245480000e-02
2.927390490000e-02 1.697655200000e+00 1.148817690000e-02
2.903058380000e-02 1.696157220000e+00 1.131286470000e-02
2.894949170000e-02 1.695087430000e+00 1.120767740000e-02
2.870617060000e-02 1.693375350000e+00 1.103950760000e-02
2.846284960000e-02 1.692519430000e+00 1.092522870000e-02
2.821952850000e-02 1.690807580000e+00 1.074667000000e-02
2.813842150000e-02 1.689523460000e+00 1.063953430000e-02
2.789510040000e-02 1.688239570000e+00 1.045967550000e-02
2.765177940000e-02 1.686955690000e+00 1.033890530000e-02
2.748956530000e-02 1.685457710000e+00 1.016229390000e-02
2.732735130000e-02 1.684387680000e+00 1.006359980000e-02
2.708404510000e-02 1.683531760000e+00 9.944776070000e-03
2.684072410000e-02 1.681819920000e+00 9.759723210000e-03
2.667851000000e-02 1.680749890000e+00 9.642848740000e-03
2.651629600000e-02 1.679038050000e+00 9.473380630000e-03
2.635408190000e-02 1.678181890000e+00 9.354556910000e-03
2.602965380000e-02 1.676684140000e+00 9.189633650000e-03
2.594854680000e-02 1.675614120000e+00 9.068861600000e-03
2.570522580000e-02 1.673902270000e+00 8.894847710000e-03
2.554301170000e-02 1.672832250000e+00 8.772779260000e-03
2.521859850000e-02 1.671120170000e+00 8.605257610000e-03
2.505638450000e-02 1.669836280000e+00 8.478642440000e-03
2.489417050000e-02 1.668552400000e+00 8.319562300000e-03
2.465084940000e-02 1.667482380000e+00 8.195545520000e-03
2.448863540000e-02 1.665770530000e+00 8.019583300000e-03
2.432642130000e-02 1.664914610000e+00 7.896863860000e-03
2.416420730000e-02 1.662988660000e+00 7.720252500000e-03
2.383977920000e-02 1.661918640000e+00 7.611169010000e-03
2.367756520000e-02 1.660634760000e+00 7.423520090000e-03
2.343425900000e-02 1.659136770000e+00 7.302100300000e-03
2.335315200000e-02 1.658280850000e+00 7.204054390000e-03
2.310983090000e-02 1.656568770000e+00 7.034584880000e-03
2.294761690000e-02 1.655498980000e+00 6.904074460000e-03
2.262318880000e-02 1.653786900000e+00 6.715126800000e-03
2.254208180000e-02 1.652716880000e+00 6.609939970000e-03
2.221765370000e-02 1.651432990000e+00 6.430081090000e-03
2.213654670000e-02 1.650362970000e+00 6.328789520000e-03
2.189322560000e-02 1.648651120000e+00 6.145684980000e-03
2.173102650000e-02 1.647581100000e+00 6.025563460000e-03
2.140659840000e-02 1.645869260000e+00 5.849602170000e-03
2.124438430000e-02 1.644585370000e+00 5.739219490000e-03
2.108217030000e-02 1.642873290000e+00 5.572997500000e-03
2.083884920000e-02 1.641803500000e+00 5.453525580000e-03
2.067663520000e-02 1.640305520000e+00 5.302236420000e-03
2.051442120000e-02 1.639021640000e+00 5.171076860000e-03
2.018999310000e-02 1.637523650000e+00 4.990569780000e-03
2.010888610000e-02 1.636453630000e+00 4.886680750000e-03
1.978447290000e-02 1.634741780000e+00 4.713965580000e-03
1.970336590000e-02 1.633885620000e+00 4.608777820000e-03
1.946004480000e-02 1.632601740000e+00 4.481513980000e-03
1.929783080000e-02 1.630675790000e+00 4.310745750000e-03
1.913561670000e-02 1.629819870000e+00 4.183481910000e-03
1.889229570000e-02 1.627893920000e+00 3.999728710000e-03
1.864898200000e-02 1.627038000000e+00 3.882853310000e-03
1.848676800000e-02 1.625326160000e+00 3.717929360000e-03
1.832455400000e-02 1.624042030000e+00 3.607547840000e-03
1.800012590000e-02 1.622544050000e+00 3.436779600000e-03
1.791901890000e-02 1.621260170000e+00 3.322502130000e-03
1.767570530000e-02 1.619334220000e+00 3.133554240000e-03
1.751349120000e-02 1.618906260000e+00 3.034210070000e-03
1.727017020000e-02 1.617194410000e+00 2.857599170000e-03
1.710795610000e-02 1.615910530000e+00 2.729036380000e-03
1.686464250000e-02 1.613984580000e+00 2.560216470000e-03
1.670242850000e-02 1.613128420000e+00 2.442692640000e-03
1.637800040000e-02 1.611202720000e+00 2.268677810000e-03
1.629689340000e-02 1.610132690000e+00 2.268677810000e-03
1.605357230000e-02 1.608634710000e+00 1.972487890000e-03
1.589136570000e-02 1.607778790000e+00 1.858033240000e-03
1.572915170000e-02 1.606280800000e+00 1.741560410000e-03
1.540472360000e-02 1.604782820000e+00 1.568966890000e-03
1.532361660000e-02 1.603498940000e+00 1.451517340000e-03
1.499919590000e-02 1.602000950000e+00 1.272348220000e-03
1.491808890000e-02 1.600930930000e+00 1.158609520000e-03
1.459366080000e-02 1.599219080000e+00 9.851045910000e-04
1.451255380000e-02 1.598149060000e+00 8.673945560000e-04
1.426923270000e-02 1.596437220000e+00 6.896578120000e-04
1.410702620000e-02 1.595153330000e+00 5.720780460000e-04
1.386370510000e-02 1.593655350000e+00 3.970756370000e-04
1.362038400000e-02 1.592371230000e+00 2.871783510000e-04
1.345817000000e-02 1.590445520000e+00 1.659527330000e-04
1.329596340000e-02 1.588947530000e+00 1.285823960000e-04
1.305264230000e-02 1.586165670000e+00 1.025404200000e-04
1.289042830000e-02 1.584667680000e+00 1.025404200000e-04
1.264710720000e-02 1.581457850000e+00 8.200759480000e-05
1.248489320000e-02 1.579531910000e+00 7.701972940000e-05
1.224157960000e-02 1.576963900000e+00 7.146033020000e-05
1.216047260000e-02 1.575037960000e+00 6.827796460000e-05
1.191715150000e-02 1.573112010000e+00 6.540084720000e-05
1.167383040000e-02 1.570116280000e+00 6.154303990000e-05
1.151162390000e-02 1.568190340000e+00 5.943229190000e-05
1.126830280000e-02 1.565194370000e+00 5.636032440000e-05
1.110608880000e-02 1.563054560000e+00 5.435349160000e-05
1.086276770000e-02 1.560272690000e+00 5.193099790000e-05
1.070055370000e-02 1.558346750000e+00 5.030734250000e-05
1.045724000000e-02 1.555136680000e+00 4.804071800000e-05
1.029502600000e-02 1.552996870000e+00 4.656643800000e-05
1.005170490000e-02 1.550000910000e+00 4.448815530000e-05
9.808383880000e-03 1.547861100000e+00 4.328015350000e-05
9.646177290000e-03 1.544437170000e+00 4.121486560000e-05
9.483963250000e-03 1.542297360000e+00 3.999387630000e-05
9.240642190000e-03 1.539087530000e+00 3.814940280000e-05
9.078428150000e-03 1.536947490000e+00 3.715572890000e-05
8.835114540000e-03 1.533309700000e+00 3.541516710000e-05
8.591793480000e-03 1.531169650000e+00 3.451891100000e-05
8.429579440000e-03 1.527745960000e+00 3.271340390000e-05
8.267365400000e-03 1.525392060000e+00 3.199250200000e-05
8.105151360000e-03 1.522824050000e+00 3.086893050000e-05
7.861837740000e-03 1.519400120000e+00 2.946609310000e-05
7.699623700000e-03 1.517046210000e+00 2.835550910000e-05
7.456302640000e-03 1.513194320000e+00 2.701761700000e-05
7.294088600000e-03 1.510840420000e+00 2.595250040000e-05
7.050774990000e-03 1.507202630000e+00 2.482892890000e-05
6.888560950000e-03 1.504420760000e+00 2.404307820000e-05
6.645239890000e-03 1.500355010000e+00 2.404307820000e-05
6.483025850000e-03 1.498001100000e+00 2.176193270000e-05
6.239704790000e-03 1.493721250000e+00 2.053749270000e-05
6.077498200000e-03 1.490939380000e+00 1.973462170000e-05
5.915284160000e-03 1.486873390000e+00 1.857578720000e-05
5.671963100000e-03 1.484305620000e+00 1.782033540000e-05
5.428642030000e-03 1.480239630000e+00 1.670567140000e-05
5.266435440000e-03 1.476815940000e+00 1.598724520000e-05
4.942007360000e-03 1.472321990000e+00 1.489531680000e-05
4.860900340000e-03 1.469326260000e+00 1.419572890000e-05
4.617579280000e-03 1.464190240000e+00 1.317395340000e-05
4.455365240000e-03 1.460766550000e+00 1.249645080000e-05
4.374265670000e-03 1.457556490000e+00 1.184103440000e-05
4.049837590000e-03 1.452206850000e+00 1.084848920000e-05
3.887623550000e-03 1.448782920000e+00 1.023659300000e-05
3.644302490000e-03 1.443433050000e+00 9.325893190000e-06
3.482095900000e-03 1.439367290000e+00 8.714647270000e-06
3.238774840000e-03 1.433375600000e+00 7.838376400000e-06
3.076560800000e-03 1.429095750000e+00 7.281043510000e-06
2.833239730000e-03 1.422889950000e+00 6.480122470000e-06
2.752132710000e-03 1.418396230000e+00 5.928636710000e-06
2.508819100000e-03 1.411120410000e+00 5.177732870000e-06
2.265498040000e-03 1.405984640000e+00 4.678862300000e-06
2.022176980000e-03 1.397639040000e+00 3.987068790000e-06
1.859962940000e-03 1.392075060000e+00 3.508334660000e-06
1.616649330000e-03 1.382017610000e+00 2.867208200000e-06
1.535542310000e-03 1.374741790000e+00 2.457978550000e-06
1.292221250000e-03 1.362544300000e+00 1.873364570000e-06
1.048900190000e-03 1.353128670000e+00 1.497262820000e-06
9.677931670000e-04 1.341787100000e+00 1.497262820000e-06
6.433725360000e-04 1.321029900000e+00 7.094756710000e-07
4.811584950000e-04 1.301342730000e+00 4.425346560000e-07
3.189444540000e-04 1.249984740000e+00 1.268533370000e-07
7.562339310000e-05 1.152404550000e+00 1.052256500000e-08
7.562339310000e-05 4.318946600000e-01 -5.811676700000e-10
7.562339310000e-05 1.033109430000e-02 -1.614050450000e-09
7.562339310000e-05 2.199411390000e-03 -2.259642700000e-09
