#  J [A] 	 V 	 L [w] 
7.939762620000e-02 2.008371110000e+00 4.708559070000e-02
7.923541220000e-02 2.007301090000e+00 4.700149970000e-02
7.899210600000e-02 2.005803110000e+00 4.686565700000e-02
7.882989200000e-02 2.005161290000e+00 4.666512830000e-02
7.858657090000e-02 2.003663300000e+00 4.669747130000e-02
7.834324990000e-02 2.002807140000e+00 4.643872380000e-02
7.818103580000e-02 2.001309390000e+00 4.632875320000e-02
7.793771480000e-02 2.000453230000e+00 4.621879010000e-02
7.777550070000e-02 1.998741390000e+00 4.605060440000e-02
7.761328670000e-02 1.998099330000e+00 4.591475800000e-02
7.728885860000e-02 1.996387480000e+00 4.568835720000e-02
7.728885860000e-02 1.995531560000e+00 4.577244820000e-02
7.704555240000e-02 1.994033580000e+00 4.544901480000e-02
7.680223140000e-02 1.992963550000e+00 4.538432880000e-02
7.655891030000e-02 1.991893770000e+00 4.524848240000e-02
7.639669630000e-02 1.990823750000e+00 4.508029670000e-02
7.615337520000e-02 1.989753720000e+00 4.495739190000e-02
7.599116120000e-02 1.988255740000e+00 4.481508210000e-02
7.582894710000e-02 1.987185960000e+00 4.473745820000e-02
7.550451900000e-02 1.985901830000e+00 4.448517780000e-02
7.542342690000e-02 1.985045910000e+00 4.440108690000e-02
7.518010590000e-02 1.983547930000e+00 4.426524420000e-02
7.493678480000e-02 1.982692000000e+00 4.417467860000e-02
7.469346370000e-02 1.981194020000e+00 4.389652980000e-02
7.461235670000e-02 1.980338100000e+00 4.387712480000e-02
7.436903570000e-02 1.979054210000e+00 4.366365450000e-02
7.420682160000e-02 1.977984190000e+00 4.365718740000e-02
7.396350060000e-02 1.976700310000e+00 4.341784860000e-02
7.380128650000e-02 1.975630280000e+00 4.332081600000e-02
7.347687330000e-02 1.974346400000e+00 4.312028360000e-02
7.331465930000e-02 1.973276380000e+00 4.304913060000e-02
7.315244530000e-02 1.971564530000e+00 4.282919320000e-02
7.299023120000e-02 1.970922470000e+00 4.276450720000e-02
7.266580310000e-02 1.969424490000e+00 4.266100750000e-02
7.258469610000e-02 1.968568560000e+00 4.249928890000e-02
7.242248210000e-02 1.967498540000e+00 4.239579290000e-02
7.217916100000e-02 1.966000800000e+00 4.220173510000e-02
7.193584000000e-02 1.964930770000e+00 4.227288810000e-02
7.177364080000e-02 1.963432790000e+00 4.198180140000e-02
7.169253380000e-02 1.962576870000e+00 4.182007910000e-02
7.136810570000e-02 1.961078880000e+00 4.166482760000e-02
7.120589170000e-02 1.960222960000e+00 4.170364510000e-02
7.096257060000e-02 1.959152940000e+00 4.141902180000e-02
7.071924950000e-02 1.957869050000e+00 4.118614640000e-02
7.047592850000e-02 1.956585170000e+00 4.112146420000e-02
7.039482150000e-02 1.955729010000e+00 4.092093180000e-02
7.015150040000e-02 1.954017160000e+00 4.079802710000e-02
6.998930130000e-02 1.953161240000e+00 4.068805650000e-02
6.974598020000e-02 1.951235290000e+00 4.063630850000e-02
6.958376620000e-02 1.950379370000e+00 4.044224690000e-02
6.934044510000e-02 1.948881390000e+00 4.029347000000e-02
6.909712400000e-02 1.948025470000e+00 4.026112710000e-02
6.885380300000e-02 1.946527480000e+00 4.002178830000e-02
6.869158890000e-02 1.945671560000e+00 3.998297450000e-02
6.861048190000e-02 1.944601540000e+00 3.971128910000e-02
6.836716090000e-02 1.943103550000e+00 3.970481830000e-02
6.828606870000e-02 1.942461730000e+00 3.952369840000e-02
6.796164070000e-02 1.940963750000e+00 3.938138480000e-02
6.779942660000e-02 1.940107820000e+00 3.923907500000e-02
6.755610560000e-02 1.938395740000e+00 3.907088940000e-02
6.739389150000e-02 1.937325720000e+00 3.889622910000e-02
6.715057050000e-02 1.936041830000e+00 3.874098510000e-02
6.690724940000e-02 1.934971810000e+00 3.857279940000e-02
6.674503540000e-02 1.933687930000e+00 3.850810970000e-02
6.650172920000e-02 1.932832000000e+00 3.831405190000e-02
6.633951510000e-02 1.931548120000e+00 3.820408140000e-02
6.625840810000e-02 1.930264000000e+00 3.794533760000e-02
6.593398000000e-02 1.928980110000e+00 3.783536700000e-02
6.577176600000e-02 1.928124190000e+00 3.770599510000e-02
6.560955200000e-02 1.926412340000e+00 3.754427660000e-02
6.528512390000e-02 1.925770280000e+00 3.753780950000e-02
6.504180280000e-02 1.924486400000e+00 3.723378110000e-02
6.496069580000e-02 1.923416380000e+00 3.718850020000e-02
6.479848180000e-02 1.922346350000e+00 3.705912080000e-02
6.455517560000e-02 1.921062470000e+00 3.692974900000e-02
6.439296160000e-02 1.919992450000e+00 3.681978210000e-02
6.406853350000e-02 1.918708560000e+00 3.659984470000e-02
6.398742650000e-02 1.917638540000e+00 3.648988160000e-02
6.366299840000e-02 1.916354660000e+00 3.633463010000e-02
6.358189140000e-02 1.915498730000e+00 3.625053910000e-02
6.333857030000e-02 1.914000750000e+00 3.603707250000e-02
6.317635630000e-02 1.912930730000e+00 3.588828820000e-02
6.293305010000e-02 1.911432740000e+00 3.581066800000e-02
6.277083610000e-02 1.910576820000e+00 3.563601520000e-02
6.252751500000e-02 1.909078840000e+00 3.553251550000e-02
6.236530100000e-02 1.908222910000e+00 3.539020570000e-02
6.212197990000e-02 1.906724930000e+00 3.519614410000e-02
6.195976590000e-02 1.905869010000e+00 3.504735980000e-02
6.171644480000e-02 1.904371020000e+00 3.489858280000e-02
6.155423070000e-02 1.903515100000e+00 3.500855340000e-02
6.131090970000e-02 1.902017120000e+00 3.458808360000e-02
6.122980270000e-02 1.901161190000e+00 3.463336830000e-02
6.098649650000e-02 1.900305270000e+00 3.441989790000e-02
6.074317540000e-02 1.898593430000e+00 3.431640190000e-02
6.058096140000e-02 1.897737260000e+00 3.408352660000e-02
6.033764030000e-02 1.896239520000e+00 3.396709260000e-02
6.017542630000e-02 1.895169500000e+00 3.379890700000e-02
5.993210520000e-02 1.893885610000e+00 3.364365920000e-02
5.976989120000e-02 1.892815590000e+00 3.355956450000e-02
5.952657010000e-02 1.891317610000e+00 3.332668920000e-02
5.944546310000e-02 1.890675540000e+00 3.316497800000e-02
5.912104990000e-02 1.889177800000e+00 3.302913160000e-02
5.895883590000e-02 1.888107780000e+00 3.290623050000e-02
5.871551480000e-02 1.886609790000e+00 3.293856980000e-02
5.855330080000e-02 1.885967730000e+00 3.269922730000e-02
5.830997970000e-02 1.884469990000e+00 3.253104170000e-02
5.814776570000e-02 1.882972000000e+00 3.233051670000e-02
5.790444460000e-02 1.881474020000e+00 3.223995490000e-02
5.774223060000e-02 1.880618100000e+00 3.220113740000e-02
5.749892440000e-02 1.879120110000e+00 3.218173240000e-02
5.733671040000e-02 1.878264190000e+00 3.185829890000e-02
5.717449640000e-02 1.877622130000e+00 3.175479550000e-02
5.693117530000e-02 1.875910280000e+00 3.156073760000e-02
5.668785420000e-02 1.874626160000e+00 3.144430000000e-02
5.652564020000e-02 1.873342280000e+00 3.132139520000e-02
5.636342610000e-02 1.872272250000e+00 3.124377320000e-02
5.612010510000e-02 1.870560410000e+00 3.093974290000e-02
5.595789100000e-02 1.869704480000e+00 3.084271400000e-02
5.571458490000e-02 1.868206500000e+00 3.079743120000e-02
5.555237080000e-02 1.867136480000e+00 3.053868930000e-02
5.530904980000e-02 1.865852590000e+00 3.047400150000e-02
5.514683570000e-02 1.864996670000e+00 3.030581590000e-02
5.490351470000e-02 1.863498690000e+00 3.011822140000e-02
5.474130060000e-02 1.862428670000e+00 3.007294050000e-02
5.457908660000e-02 1.860930680000e+00 2.991122190000e-02
5.433576550000e-02 1.860074760000e+00 2.976891030000e-02
5.417355150000e-02 1.858576770000e+00 2.954897660000e-02
5.393024530000e-02 1.857720850000e+00 2.945841290000e-02
5.368692430000e-02 1.856009010000e+00 2.916732430000e-02
5.352471020000e-02 1.855153080000e+00 2.916085720000e-02
5.336249620000e-02 1.854297160000e+00 2.916732430000e-02
5.311917510000e-02 1.852799180000e+00 2.889564070000e-02
5.295696110000e-02 1.851943250000e+00 2.877273600000e-02
5.271364000000e-02 1.850445270000e+00 2.857867630000e-02
5.255142600000e-02 1.849375250000e+00 2.845576590000e-02
5.230810490000e-02 1.848091360000e+00 2.828758020000e-02
5.214590580000e-02 1.847021340000e+00 2.820349110000e-02
5.190258470000e-02 1.845737460000e+00 2.810646030000e-02
5.174037070000e-02 1.844667430000e+00 2.786711980000e-02
5.157815670000e-02 1.842955590000e+00 2.769246140000e-02
5.125372860000e-02 1.842099430000e+00 2.762777920000e-02
5.117262150000e-02 1.840601680000e+00 2.744665180000e-02
5.101040750000e-02 1.839745520000e+00 2.738196400000e-02
5.068597940000e-02 1.838033680000e+00 2.707793940000e-02
5.052376540000e-02 1.837177750000e+00 2.700678450000e-02
5.028045920000e-02 1.835679770000e+00 2.684506590000e-02
5.011824520000e-02 1.834823850000e+00 2.679978500000e-02
4.987492410000e-02 1.833112000000e+00 2.656690960000e-02
4.971271010000e-02 1.832255840000e+00 2.630169500000e-02
4.955049600000e-02 1.831186060000e+00 2.635344300000e-02
4.930717500000e-02 1.829901930000e+00 2.612704220000e-02
4.906385390000e-02 1.829046010000e+00 2.593944970000e-02
4.890163990000e-02 1.827334170000e+00 2.593944970000e-02
4.865831880000e-02 1.826478240000e+00 2.572941040000e-02
4.849611970000e-02 1.824766160000e+00 2.562357300000e-02
4.841501270000e-02 1.824124340000e+00 2.549695780000e-02
4.817169160000e-02 1.822626350000e+00 2.533203360000e-02
4.792837050000e-02 1.821556330000e+00 2.521645650000e-02
4.776615650000e-02 1.819844480000e+00 2.505023590000e-02
4.760394250000e-02 1.819202420000e+00 2.494829330000e-02
4.727951440000e-02 1.817704440000e+00 2.475934850000e-02
4.711730030000e-02 1.816634420000e+00 2.463467980000e-02
4.695508630000e-02 1.815136670000e+00 2.447949350000e-02
4.679288720000e-02 1.814280510000e+00 2.437365800000e-02
4.654956610000e-02 1.812568660000e+00 2.419834580000e-02
4.630624500000e-02 1.811498640000e+00 2.409186210000e-02
4.606292400000e-02 1.810000900000e+00 2.391979470000e-02
4.590070990000e-02 1.808930870000e+00 2.381395730000e-02
4.573849590000e-02 1.807860850000e+00 2.369967660000e-02
4.549517480000e-02 1.806576970000e+00 2.348865380000e-02
4.533296080000e-02 1.805506940000e+00 2.339969950000e-02
4.508963970000e-02 1.804223060000e+00 2.322568560000e-02
4.492744060000e-02 1.803153040000e+00 2.310166690000e-02
4.468411950000e-02 1.801441190000e+00 2.294129130000e-02
4.452190550000e-02 1.800371170000e+00 2.282311580000e-02
4.435969140000e-02 1.799301150000e+00 2.265364680000e-02
4.411637040000e-02 1.798017260000e+00 2.254131620000e-02
4.387304930000e-02 1.796519280000e+00 2.236600410000e-02
4.371083530000e-02 1.795449260000e+00 2.225107510000e-02
4.362972830000e-02 1.793951510000e+00 2.207316830000e-02
4.338640720000e-02 1.792881490000e+00 2.196083780000e-02
4.314310100000e-02 1.791383500000e+00 2.178552370000e-02
4.289978000000e-02 1.790313480000e+00 2.167708990000e-02
4.273756590000e-02 1.788815500000e+00 2.149723280000e-02
4.249424490000e-02 1.787959580000e+00 2.137970740000e-02
4.225092380000e-02 1.786247730000e+00 2.120959010000e-02
4.208870980000e-02 1.785391810000e+00 2.109790970000e-02
4.192649570000e-02 1.784321780000e+00 2.097583930000e-02
4.176428170000e-02 1.783037900000e+00 2.080117720000e-02
4.152096060000e-02 1.781967880000e+00 2.068884670000e-02
4.135876150000e-02 1.780256030000e+00 2.052002770000e-02
4.119654740000e-02 1.779399870000e+00 2.038951590000e-02
4.095322640000e-02 1.777902130000e+00 2.021290550000e-02
4.079101230000e-02 1.777045970000e+00 2.010187320000e-02
4.046658430000e-02 1.774906160000e+00 1.992331450000e-02
4.038547720000e-02 1.774264100000e+00 1.980384250000e-02
4.006104920000e-02 1.772766350000e+00 1.964346320000e-02
3.989883510000e-02 1.771696330000e+00 1.951425150000e-02
3.973662110000e-02 1.769984250000e+00 1.933309620000e-02
3.949331490000e-02 1.769128320000e+00 1.921362240000e-02
3.924999390000e-02 1.767630340000e+00 1.905129480000e-02
3.908777980000e-02 1.766560550000e+00 1.892597970000e-02
3.884445880000e-02 1.765062570000e+00 1.875651070000e-02
3.868224470000e-02 1.763992550000e+00 1.864223370000e-02
3.852003070000e-02 1.762922530000e+00 1.853769460000e-02
3.827670960000e-02 1.761424780000e+00 1.834290290000e-02
3.811449560000e-02 1.760140660000e+00 1.823836380000e-02
3.795228150000e-02 1.758642670000e+00 1.806759650000e-02
3.770897540000e-02 1.758000850000e+00 1.792345010000e-02
3.746565430000e-02 1.756074910000e+00 1.777151410000e-02
3.730344030000e-02 1.755432840000e+00 1.765074210000e-02
3.714122620000e-02 1.753506900000e+00 1.747153330000e-02
3.697901220000e-02 1.752650980000e+00 1.736374940000e-02
3.665458410000e-02 1.750939130000e+00 1.719363030000e-02
3.649237010000e-02 1.750083210000e+00 1.707610670000e-02
3.633015600000e-02 1.748585220000e+00 1.692676540000e-02
3.608684990000e-02 1.747515200000e+00 1.677677590000e-02
3.584352880000e-02 1.746017220000e+00 1.660925520000e-02
3.568131480000e-02 1.744947430000e+00 1.649108160000e-02
3.551910070000e-02 1.743449450000e+00 1.632226260000e-02
3.535688670000e-02 1.742379430000e+00 1.620603540000e-02
3.503245860000e-02 1.740881440000e+00 1.602942500000e-02
3.495135160000e-02 1.739811420000e+00 1.590995300000e-02
3.470803050000e-02 1.738741640000e+00 1.579632420000e-02
3.446470950000e-02 1.737029550000e+00 1.562490690000e-02
3.430251030000e-02 1.735959770000e+00 1.549699340000e-02
3.414029630000e-02 1.734461780000e+00 1.532297950000e-02
3.389697520000e-02 1.733391760000e+00 1.520675330000e-02
3.365365420000e-02 1.731679920000e+00 1.504118090000e-02
3.349144010000e-02 1.730609890000e+00 1.491391750000e-02
3.324811910000e-02 1.729539870000e+00 1.474444850000e-02
3.316701200000e-02 1.728041890000e+00 1.463731290000e-02
3.284258400000e-02 1.726544140000e+00 1.444836330000e-02
3.268036990000e-02 1.725474120000e+00 1.434122860000e-02
3.243706380000e-02 1.723976140000e+00 1.416007240000e-02
3.227484970000e-02 1.722906110000e+00 1.404449620000e-02
3.203152870000e-02 1.721194270000e+00 1.385684680000e-02
3.186931460000e-02 1.720124240000e+00 1.374516540000e-02
3.170710060000e-02 1.718626260000e+00 1.358024220000e-02
3.146377950000e-02 1.717770340000e+00 1.346401680000e-02
3.122045840000e-02 1.716058490000e+00 1.329649520000e-02
3.113935140000e-02 1.714988470000e+00 1.315884290000e-02
3.089603040000e-02 1.713918690000e+00 1.304456410000e-02
3.065272420000e-02 1.712420700000e+00 1.286990010000e-02
3.049051020000e-02 1.711136820000e+00 1.275497400000e-02
3.024718910000e-02 1.709852700000e+00 1.258160920000e-02
3.016608210000e-02 1.708782910000e+00 1.246603300000e-02
2.992276100000e-02 1.706856970000e+00 1.227903180000e-02
2.976054700000e-02 1.705786940000e+00 1.217124700000e-02
2.943611890000e-02 1.704075100000e+00 1.198294850000e-02
2.927390490000e-02 1.703433040000e+00 1.186867150000e-02
2.903058380000e-02 1.701720950000e+00 1.170114990000e-02
2.886838470000e-02 1.700437070000e+00 1.158687100000e-02
2.870617060000e-02 1.699153180000e+00 1.140636390000e-02
2.846284960000e-02 1.697869300000e+00 1.129208690000e-02
2.830063550000e-02 1.696371320000e+00 1.113495510000e-02
2.805731450000e-02 1.695301290000e+00 1.099795010000e-02
2.781399340000e-02 1.693803310000e+00 1.083302780000e-02
2.765177940000e-02 1.692305330000e+00 1.069797200000e-02
2.748956530000e-02 1.690807580000e+00 1.053889100000e-02
2.732735130000e-02 1.689737560000e+00 1.042266560000e-02
2.708404510000e-02 1.688667540000e+00 1.029475220000e-02
2.692183110000e-02 1.687169550000e+00 1.012138840000e-02
2.675961700000e-02 1.685885670000e+00 1.001555010000e-02
2.651629600000e-02 1.684387680000e+00 9.836342190000e-03
2.635408190000e-02 1.683317900000e+00 9.727259170000e-03
2.611076090000e-02 1.681605820000e+00 9.564282370000e-03
2.586743980000e-02 1.680749890000e+00 9.436369870000e-03
2.570522580000e-02 1.678823950000e+00 9.255213660000e-03
2.546190470000e-02 1.677753930000e+00 9.138988330000e-03
2.529970560000e-02 1.676256180000e+00 8.961077780000e-03
2.505638450000e-02 1.675186160000e+00 8.848099040000e-03
2.489417050000e-02 1.673474070000e+00 8.669538420000e-03
2.473195640000e-02 1.672404290000e+00 8.552013900000e-03
2.448863540000e-02 1.670906310000e+00 8.373456080000e-03
2.424531430000e-02 1.669836280000e+00 8.258529010000e-03
2.400199320000e-02 1.667910340000e+00 8.078670130000e-03
2.383977920000e-02 1.666840310000e+00 7.965042260000e-03
2.359647300000e-02 1.665342570000e+00 7.794923150000e-03
2.351536600000e-02 1.664058450000e+00 7.669606710000e-03
2.327204500000e-02 1.662988660000e+00 7.548836530000e-03
2.302872390000e-02 1.661490680000e+00 7.373523900000e-03
2.286650990000e-02 1.660420660000e+00 7.264440410000e-03
2.270429580000e-02 1.658708810000e+00 7.108606400000e-03
2.254208180000e-02 1.657638790000e+00 6.970304060000e-03
2.221765370000e-02 1.655926940000e+00 6.796290170000e-03
2.213654670000e-02 1.655070780000e+00 6.667078470000e-03
2.181213350000e-02 1.653145070000e+00 6.496310230000e-03
2.173102650000e-02 1.652075050000e+00 6.380734030000e-03
2.148770540000e-02 1.650577070000e+00 6.208668000000e-03
2.132549140000e-02 1.649293180000e+00 6.091793070000e-03
2.100106330000e-02 1.647795200000e+00 5.918428300000e-03
2.091995630000e-02 1.646511320000e+00 5.798306780000e-03
2.067663520000e-02 1.645013330000e+00 5.629486870000e-03
2.051442120000e-02 1.643515350000e+00 5.484691820000e-03
2.018999310000e-02 1.641803500000e+00 5.343792490000e-03
2.010888610000e-02 1.641161440000e+00 5.210684150000e-03
1.978447290000e-02 1.639449600000e+00 5.048357880000e-03
1.962225880000e-02 1.637951610000e+00 4.923041440000e-03
1.954115180000e-02 1.637095690000e+00 4.793180620000e-03
1.929783080000e-02 1.635383610000e+00 4.623062440000e-03
1.913561670000e-02 1.634099720000e+00 4.504888780000e-03
1.881118860000e-02 1.632387880000e+00 4.321784250000e-03
1.873008160000e-02 1.631531720000e+00 4.213349890000e-03
1.848676800000e-02 1.629819870000e+00 4.039336000000e-03
1.824344690000e-02 1.628321890000e+00 3.921811470000e-03
1.808123290000e-02 1.626823900000e+00 3.745200580000e-03
1.783791180000e-02 1.625754120000e+00 3.636766690000e-03
1.767570530000e-02 1.623828170000e+00 3.441974290000e-03
1.751349120000e-02 1.622758150000e+00 3.351071620000e-03
1.727017020000e-02 1.621046300000e+00 3.170564770000e-03
1.702684910000e-02 1.619976280000e+00 3.050443020000e-03
1.686464250000e-02 1.618264440000e+00 2.868637440000e-03
1.662132140000e-02 1.616980310000e+00 2.755008640000e-03
1.637800040000e-02 1.615482330000e+00 2.580345380000e-03
1.629689340000e-02 1.614412550000e+00 2.472559920000e-03
1.605357230000e-02 1.612700460000e+00 2.292053310000e-03
1.581025870000e-02 1.611630680000e+00 2.292053310000e-03
1.564804460000e-02 1.610346560000e+00 2.044494260000e-03
1.548583060000e-02 1.608848810000e+00 1.874960610000e-03
1.532361660000e-02 1.607350830000e+00 1.759138660000e-03
1.499919590000e-02 1.605638740000e+00 1.581466870000e-03
1.491808890000e-02 1.604568960000e+00 1.472806670000e-03
1.467476790000e-02 1.602856870000e+00 1.297869370000e-03
1.451255380000e-02 1.602000950000e+00 1.179964170000e-03
1.426923270000e-02 1.600075010000e+00 1.006263770000e-03
1.418813320000e-02 1.599004980000e+00 8.879027450000e-04
1.386370510000e-02 1.597293140000e+00 7.121191010000e-04
1.370149110000e-02 1.595795150000e+00 5.947998140000e-04
1.345817000000e-02 1.594083310000e+00 4.199927210000e-04
1.329596340000e-02 1.593227390000e+00 3.075561840000e-04
1.297153530000e-02 1.591087340000e+00 1.718122080000e-04
1.289042830000e-02 1.589803460000e+00 1.285173350000e-04
1.256600020000e-02 1.586807490000e+00 1.005872470000e-04
1.248489320000e-02 1.585309510000e+00 1.005872470000e-04
1.224157960000e-02 1.582313780000e+00 7.972148890000e-05
1.207936560000e-02 1.580173730000e+00 7.497391930000e-05
1.191715150000e-02 1.578461890000e+00 7.084334360000e-05
1.167383040000e-02 1.575680020000e+00 6.603082150000e-05
1.151162390000e-02 1.573539970000e+00 6.317968650000e-05
1.126830280000e-02 1.570544240000e+00 5.946475360000e-05
1.110608880000e-02 1.568618300000e+00 5.730854900000e-05
1.086276770000e-02 1.565408470000e+00 5.446390060000e-05
1.070055370000e-02 1.563268420000e+00 5.269736360000e-05
1.037613300000e-02 1.560272690000e+00 5.000209420000e-05
1.029502600000e-02 1.558132650000e+00 4.850832920000e-05
1.005170490000e-02 1.554922820000e+00 4.598841410000e-05
9.808383880000e-03 1.552568910000e+00 4.455310410000e-05
9.646177290000e-03 1.549572940000e+00 4.263718800000e-05
9.565070270000e-03 1.547433140000e+00 4.131228710000e-05
9.240642190000e-03 1.544223310000e+00 3.933792320000e-05
9.078428150000e-03 1.541655300000e+00 3.811043280000e-05
8.835114540000e-03 1.538445470000e+00 3.643481980000e-05
8.672900500000e-03 1.536091570000e+00 3.520733660000e-05
8.429579440000e-03 1.532667640000e+00 3.346028830000e-05
8.267365400000e-03 1.530313730000e+00 3.262247990000e-05
8.105151360000e-03 1.527959820000e+00 3.155735980000e-05
7.861837740000e-03 1.524322030000e+00 2.995318750000e-05
7.699623700000e-03 1.521968130000e+00 2.896600740000e-05
7.375195620000e-03 1.518330340000e+00 2.761512040000e-05
7.294088600000e-03 1.515548230000e+00 2.652402330000e-05
7.050774990000e-03 1.511910440000e+00 2.527706060000e-05
6.888560950000e-03 1.509342670000e+00 2.427688740000e-05
6.645239890000e-03 1.505062820000e+00 2.299094920000e-05
6.483025850000e-03 1.502708910000e+00 2.299094920000e-05
6.239704790000e-03 1.498642920000e+00 2.087851680000e-05
6.077498200000e-03 1.495861050000e+00 2.004706580000e-05
5.753070120000e-03 1.491795300000e+00 1.888303450000e-05
5.671963100000e-03 1.488799330000e+00 1.808211350000e-05
5.428642030000e-03 1.484519480000e+00 1.696030270000e-05
5.266435440000e-03 1.481523750000e+00 1.622239140000e-05
5.023114380000e-03 1.476815940000e+00 1.511292250000e-05
4.860900340000e-03 1.473819970000e+00 1.439579590000e-05
4.617579280000e-03 1.468898060000e+00 1.336037990000e-05
4.455365240000e-03 1.465474370000e+00 1.266403980000e-05
4.293158650000e-03 1.462050440000e+00 1.200277620000e-05
4.049837590000e-03 1.456914660000e+00 1.100113880000e-05
3.887623550000e-03 1.453490730000e+00 1.036715640000e-05
3.644302490000e-03 1.447712900000e+00 9.436320400000e-06
3.482095900000e-03 1.443647150000e+00 8.808185160000e-06
3.319881860000e-03 1.438083410000e+00 7.937111150000e-06
3.076560800000e-03 1.434017420000e+00 7.365488270000e-06
2.914346750000e-03 1.427169800000e+00 6.558721000000e-06
2.671025690000e-03 1.422889950000e+00 6.014380690000e-06
2.427712080000e-03 1.415614130000e+00 5.232946020000e-06
2.265498040000e-03 1.410478350000e+00 4.744469150000e-06
2.103284000000e-03 1.402560710000e+00 4.025393540000e-06
1.859962940000e-03 1.396782880000e+00 3.568745110000e-06
1.616649330000e-03 1.387153390000e+00 2.909430580000e-06
1.454435290000e-03 1.379449610000e+00 2.485910270000e-06
1.211114230000e-03 1.367466210000e+00 1.908441160000e-06
1.048900190000e-03 1.358050580000e+00 1.547929170000e-06
8.866861460000e-04 1.346922870000e+00 1.547929170000e-06
6.433725360000e-04 1.326379780000e+00 7.291008610000e-07
5.622655150000e-04 1.307120560000e+00 4.564142840000e-07
2.378374340000e-04 1.257260320000e+00 1.358912700000e-07
7.562339310000e-05 1.163746120000e+00 1.213647670000e-08
-5.483627320000e-06 5.487340690000e-01 -1.162196120000e-09
-5.483627320000e-06 6.168907880000e-02 -2.195078790000e-09
-5.483627320000e-06 2.413392070000e-03 -1.033068410000e-09
