#  J [A] 	 V 	 L [w] 
7.562339310000e-05 1.129448410000e-03 -1.678614250000e-09
-5.483627320000e-06 9.154677390000e-04 -3.229586040000e-10
-5.483627320000e-06 1.129448410000e-03 -2.065951190000e-09
7.562339310000e-05 1.129448410000e-03 -1.162196120000e-09
7.562339310000e-05 1.129448410000e-03 -1.549532950000e-09
7.562339310000e-05 1.129448410000e-03 -2.646979520000e-09
7.562339310000e-05 1.129448410000e-03 -1.549532950000e-09
8.866861460000e-04 1.325309750000e+00 1.060275850000e-06
1.130007210000e-03 1.337935210000e+00 1.407073230000e-06
1.211114230000e-03 1.347992900000e+00 1.759874290000e-06
1.535542310000e-03 1.360404490000e+00 2.317448890000e-06
1.697756350000e-03 1.368322130000e+00 2.730804000000e-06
1.859962940000e-03 1.378165720000e+00 2.730804000000e-06
2.022176980000e-03 1.384157420000e+00 3.808436760000e-06
2.265498040000e-03 1.392717120000e+00 4.498930590000e-06
2.427712080000e-03 1.397852900000e+00 4.951032680000e-06
2.752132710000e-03 1.405342580000e+00 5.705184780000e-06
2.833239730000e-03 1.409836530000e+00 6.226789990000e-06
3.076560800000e-03 1.416470290000e+00 6.966651200000e-06
3.238774840000e-03 1.420536040000e+00 7.514240220000e-06
3.482095900000e-03 1.426527740000e+00 8.346989490000e-06
3.644302490000e-03 1.430593730000e+00 8.939399780000e-06
3.887623550000e-03 1.435943370000e+00 9.815670640000e-06
4.049837590000e-03 1.439795260000e+00 1.040158350000e-05
4.374265670000e-03 1.444931030000e+00 1.134606010000e-05
4.455365240000e-03 1.448354960000e+00 1.198004160000e-05
4.617579280000e-03 1.451564790000e+00 1.259843340000e-05
4.860900340000e-03 1.456272600000e+00 1.358643110000e-05
5.023114380000e-03 1.459482430000e+00 1.423730190000e-05
5.266435440000e-03 1.464190240000e+00 1.525582870000e-05
5.509749050000e-03 1.466972350000e+00 1.594437340000e-05
5.590856080000e-03 1.471251960000e+00 1.697394330000e-05
5.834177140000e-03 1.474247930000e+00 1.769691700000e-05
6.077498200000e-03 1.478313680000e+00 1.877065920000e-05
6.239704790000e-03 1.481309650000e+00 1.951506600000e-05
6.483025850000e-03 1.485161540000e+00 2.065766240000e-05
6.645239890000e-03 1.487943410000e+00 2.140337160000e-05
6.969667970000e-03 1.491795300000e+00 2.262845920000e-05
7.050774990000e-03 1.494149210000e+00 2.339690400000e-05
7.294088600000e-03 1.497787000000e+00 2.456937910000e-05
7.456302640000e-03 1.500568870000e+00 2.542356560000e-05
7.780730720000e-03 1.504206900000e+00 2.671751280000e-05
7.861837740000e-03 1.506560800000e+00 2.755091190000e-05
8.105151360000e-03 1.510198590000e+00 2.755091190000e-05
8.267365400000e-03 1.512338400000e+00 2.999864960000e-05
8.429579440000e-03 1.514264350000e+00 3.074553390000e-05
8.591793480000e-03 1.517902140000e+00 3.208342600000e-05
8.835114540000e-03 1.520042180000e+00 3.301215470000e-05
9.078428150000e-03 1.523679970000e+00 3.445396210000e-05
9.159535170000e-03 1.525605920000e+00 3.544763970000e-05
9.483963250000e-03 1.529029850000e+00 3.703232870000e-05
9.646177290000e-03 1.531169650000e+00 3.805847880000e-05
9.889490900000e-03 1.534165620000e+00 3.964966160000e-05
1.005170490000e-02 1.536519530000e+00 4.070179060000e-05
1.029502600000e-02 1.539515500000e+00 4.241637360000e-05
1.053834710000e-02 1.541655300000e+00 4.361138050000e-05
1.070055370000e-02 1.544865130000e+00 4.529998840000e-05
1.086276770000e-02 1.546791080000e+00 4.659241310000e-05
1.110608880000e-02 1.549572940000e+00 4.865770820000e-05
1.126830280000e-02 1.551498890000e+00 4.989168520000e-05
1.151162390000e-02 1.554494860000e+00 5.187255010000e-05
1.167383040000e-02 1.556634660000e+00 5.353516460000e-05
1.191715150000e-02 1.559416530000e+00 5.573684390000e-05
1.207936560000e-02 1.561342480000e+00 5.735400920000e-05
1.224157960000e-02 1.563268420000e+00 5.922445780000e-05
1.248489320000e-02 1.566050290000e+00 6.175087040000e-05
1.264710720000e-02 1.567762370000e+00 6.387460600000e-05
1.289042830000e-02 1.570544240000e+00 6.726480930000e-05
1.305264230000e-02 1.572470190000e+00 6.975874570000e-05
1.329596340000e-02 1.575252060000e+00 7.387633380000e-05
1.345817000000e-02 1.576750040000e+00 7.688983170000e-05
1.362038400000e-02 1.579531910000e+00 8.257912850000e-05
1.378259810000e-02 1.581243750000e+00 8.711887490000e-05
1.410702620000e-02 1.584025620000e+00 9.634772870000e-05
1.426923270000e-02 1.585523610000e+00 1.050050710000e-04
1.451255380000e-02 1.588305470000e+00 1.258268310000e-04
1.467476790000e-02 1.589803460000e+00 1.519871730000e-04
1.491808890000e-02 1.591729400000e+00 2.352093000000e-04
1.499919590000e-02 1.593013290000e+00 2.352093000000e-04
1.532361660000e-02 1.594725130000e+00 4.971421440000e-04
1.548583060000e-02 1.595581290000e+00 6.106853250000e-04
1.564804460000e-02 1.597293140000e+00 7.801538450000e-04
1.581025870000e-02 1.598149060000e+00 8.971476350000e-04
1.605357230000e-02 1.599219080000e+00 1.011146700000e-03
1.621578630000e-02 1.600930930000e+00 1.185042320000e-03
1.645910740000e-02 1.601787090000e+00 1.298259830000e-03
1.662132140000e-02 1.603498940000e+00 1.473262440000e-03
1.686464250000e-02 1.604782820000e+00 1.592600020000e-03
1.702684910000e-02 1.606494900000e+00 1.766690870000e-03
1.718906310000e-02 1.607350830000e+00 1.883359040000e-03
1.743238420000e-02 1.609062670000e+00 2.056343250000e-03
1.767570530000e-02 1.609918590000e+00 2.166761550000e-03
1.791901890000e-02 1.611630680000e+00 2.345995740000e-03
1.800012590000e-02 1.612486600000e+00 2.460059710000e-03
1.816233990000e-02 1.613984580000e+00 2.629463100000e-03
1.840566100000e-02 1.615054370000e+00 2.746652350000e-03
1.864898200000e-02 1.616980310000e+00 2.746652350000e-03
1.881118860000e-02 1.617836240000e+00 3.062129950000e-03
1.905450970000e-02 1.619334220000e+00 3.224456920000e-03
1.921672370000e-02 1.620404240000e+00 3.334838430000e-03
1.954115180000e-02 1.622116090000e+00 3.514047250000e-03
1.962225880000e-02 1.623186110000e+00 3.632221370000e-03
1.978447290000e-02 1.624256130000e+00 3.741304620000e-03
2.010888610000e-02 1.625754120000e+00 3.922461070000e-03
2.027110010000e-02 1.626823900000e+00 4.026999230000e-03
2.051442120000e-02 1.628321890000e+00 4.213349890000e-03
2.059552820000e-02 1.629605770000e+00 4.320485980000e-03
2.091995630000e-02 1.630889890000e+00 4.493201150000e-03
2.108217030000e-02 1.632173780000e+00 4.620464980000e-03
2.132549140000e-02 1.633457660000e+00 4.788635300000e-03
2.148770540000e-02 1.634955640000e+00 4.894472190000e-03
2.173102650000e-02 1.636239530000e+00 5.071084020000e-03
2.189322560000e-02 1.637309550000e+00 5.188608080000e-03
2.205543970000e-02 1.638807540000e+00 5.352233070000e-03
2.229876070000e-02 1.640091420000e+00 5.471705920000e-03
2.246097480000e-02 1.641375540000e+00 5.640524910000e-03
2.270429580000e-02 1.642445330000e+00 5.771684930000e-03
2.286650990000e-02 1.644157410000e+00 5.936609120000e-03
2.310983090000e-02 1.645013330000e+00 6.037900690000e-03
2.327204500000e-02 1.646725180000e+00 6.213862910000e-03
2.343425900000e-02 1.647581100000e+00 6.322946400000e-03
2.367756520000e-02 1.648865220000e+00 6.433328150000e-03
2.383977920000e-02 1.650362970000e+00 6.602797660000e-03
2.408310030000e-02 1.651647090000e+00 6.720322180000e-03
2.432642130000e-02 1.653145070000e+00 6.899530070000e-03
2.448863540000e-02 1.654214860000e+00 6.998873320000e-03
2.465084940000e-02 1.655712840000e+00 7.193666420000e-03
2.481306340000e-02 1.656568770000e+00 7.304047230000e-03
2.505638450000e-02 1.658066750000e+00 7.481308190000e-03
2.529970560000e-02 1.659136770000e+00 7.587793750000e-03
2.546190470000e-02 1.660848620000e+00 7.761809510000e-03
2.562411870000e-02 1.661918640000e+00 7.872191260000e-03
2.586743980000e-02 1.663416620000e+00 8.055294860000e-03
2.611076090000e-02 1.664486410000e+00 8.170222860000e-03
2.635408190000e-02 1.665984390000e+00 8.340340110000e-03
2.651629600000e-02 1.667054410000e+00 8.455916310000e-03
2.675961700000e-02 1.668552400000e+00 8.625386280000e-03
2.684072410000e-02 1.669408320000e+00 8.733820170000e-03
2.708404510000e-02 1.671120170000e+00 8.909132330000e-03
2.732735130000e-02 1.672190190000e+00 9.029255250000e-03
2.740845830000e-02 1.673046110000e+00 9.161713530000e-03
2.773288640000e-02 1.674758200000e+00 9.310403840000e-03
2.789510040000e-02 1.675614120000e+00 9.428578430000e-03
2.813842150000e-02 1.677112100000e+00 9.595450010000e-03
2.830063550000e-02 1.678181890000e+00 9.711026210000e-03
2.854395660000e-02 1.679679870000e+00 9.885040110000e-03
2.862506360000e-02 1.680535790000e+00 1.001425180000e-02
2.886838470000e-02 1.682033780000e+00 1.017722770000e-02
2.903058380000e-02 1.682889700000e+00 1.028436330000e-02
2.927390490000e-02 1.684601780000e+00 1.045902630000e-02
2.951722590000e-02 1.685885670000e+00 1.056746020000e-02
2.967944000000e-02 1.687169550000e+00 1.074277330000e-02
2.984165400000e-02 1.688239570000e+00 1.084990990000e-02
3.016608210000e-02 1.689737560000e+00 1.103236530000e-02
3.032829610000e-02 1.690807580000e+00 1.112326700000e-02
3.057161720000e-02 1.692305330000e+00 1.131221470000e-02
3.073383120000e-02 1.693375350000e+00 1.144792140000e-02
3.089603040000e-02 1.694659230000e+00 1.160505230000e-02
3.113935140000e-02 1.695943360000e+00 1.172387600000e-02
3.122045840000e-02 1.697013140000e+00 1.182841320000e-02
3.154488650000e-02 1.698511120000e+00 1.200372630000e-02
3.170710060000e-02 1.699367050000e+00 1.212190000000e-02
3.186931460000e-02 1.700865030000e+00 1.228487680000e-02
3.211263570000e-02 1.701720950000e+00 1.240369860000e-02
3.235595670000e-02 1.703646900000e+00 1.258940060000e-02
3.243706380000e-02 1.704503060000e+00 1.269393790000e-02
3.276147690000e-02 1.706000800000e+00 1.286795360000e-02
3.284258400000e-02 1.707284930000e+00 1.297768480000e-02
3.308590500000e-02 1.708568810000e+00 1.315884290000e-02
3.332922610000e-02 1.709638830000e+00 1.325753700000e-02
3.357254710000e-02 1.710922720000e+00 1.343544760000e-02
3.365365420000e-02 1.711992740000e+00 1.355102380000e-02
3.389697520000e-02 1.713490720000e+00 1.371724530000e-02
3.414029630000e-02 1.714560510000e+00 1.383152320000e-02
3.430251030000e-02 1.716058490000e+00 1.399514920000e-02
3.446470950000e-02 1.716914420000e+00 1.411462020000e-02
3.478913750000e-02 1.718198300000e+00 1.426655800000e-02
3.487024460000e-02 1.719482420000e+00 1.440226380000e-02
3.503245860000e-02 1.720338340000e+00 1.451524250000e-02
3.535688670000e-02 1.722050190000e+00 1.468211410000e-02
3.543799370000e-02 1.723120210000e+00 1.480093780000e-02
3.576242180000e-02 1.724404100000e+00 1.496845860000e-02
3.584352880000e-02 1.725687980000e+00 1.507559330000e-02
3.608684990000e-02 1.726758000000e+00 1.524636150000e-02
3.633015600000e-02 1.727828030000e+00 1.535739380000e-02
3.649237010000e-02 1.729326010000e+00 1.553140770000e-02
3.665458410000e-02 1.730395790000e+00 1.565477620000e-02
3.689790520000e-02 1.731893780000e+00 1.581904850000e-02
3.706011920000e-02 1.732749700000e+00 1.592878250000e-02
3.738454730000e-02 1.734247680000e+00 1.610214640000e-02
3.746565430000e-02 1.735317710000e+00 1.621707530000e-02
3.770897540000e-02 1.736387730000e+00 1.638329770000e-02
3.787118940000e-02 1.737457510000e+00 1.649887300000e-02
3.819560260000e-02 1.738955500000e+00 1.668327670000e-02
3.827670960000e-02 1.740025520000e+00 1.679106060000e-02
3.852003070000e-02 1.741523500000e+00 1.694364850000e-02
3.876335170000e-02 1.742379430000e+00 1.707026180000e-02
3.884445880000e-02 1.743235350000e+00 1.716895770000e-02
3.916888680000e-02 1.744947430000e+00 1.734621640000e-02
3.924999390000e-02 1.745803360000e+00 1.746634020000e-02
3.949331490000e-02 1.747301340000e+00 1.762412120000e-02
3.973662110000e-02 1.748157260000e+00 1.773580160000e-02
3.997994210000e-02 1.749655250000e+00 1.791111380000e-02
4.006104920000e-02 1.750939130000e+00 1.802539270000e-02
4.038547720000e-02 1.752223010000e+00 1.820005480000e-02
4.054769130000e-02 1.753078940000e+00 1.832407340000e-02
4.079101230000e-02 1.754576920000e+00 1.847600940000e-02
4.095322640000e-02 1.755646940000e+00 1.859613320000e-02
4.119654740000e-02 1.757144930000e+00 1.876040550000e-02
4.127765450000e-02 1.758000850000e+00 1.887338610000e-02
4.160206760000e-02 1.759498830000e+00 1.904415340000e-02
4.168317470000e-02 1.760354760000e+00 1.915128900000e-02
4.200760280000e-02 1.761852740000e+00 1.932205630000e-02
4.216981680000e-02 1.762708660000e+00 1.943698340000e-02
4.233203080000e-02 1.763992550000e+00 1.954801570000e-02
4.249424490000e-02 1.765490530000e+00 1.972202960000e-02
4.265645890000e-02 1.766346450000e+00 1.983111170000e-02
4.298088700000e-02 1.767844440000e+00 2.000188080000e-02
4.314310100000e-02 1.768914460000e+00 2.010317150000e-02
4.330530020000e-02 1.770198350000e+00 2.028367850000e-02
4.354862120000e-02 1.771054270000e+00 2.038886770000e-02
4.371083530000e-02 1.772552250000e+00 2.054924520000e-02
4.387304930000e-02 1.773194310000e+00 2.066871900000e-02
4.419747740000e-02 1.774906160000e+00 2.083234120000e-02
4.427858440000e-02 1.775976180000e+00 2.095051670000e-02
4.452190550000e-02 1.777260070000e+00 2.111673910000e-02
4.476522650000e-02 1.778330090000e+00 2.122582120000e-02
4.492744060000e-02 1.779613970000e+00 2.139204550000e-02
4.508963970000e-02 1.780469890000e+00 2.149593460000e-02
4.533296080000e-02 1.781967880000e+00 2.167254690000e-02
4.557628180000e-02 1.782823800000e+00 2.177773040000e-02
4.581960290000e-02 1.784321780000e+00 2.195304450000e-02
4.598181690000e-02 1.785177710000e+00 2.207706120000e-02
4.614403100000e-02 1.786247730000e+00 2.217575910000e-02
4.630624500000e-02 1.787531610000e+00 2.234262970000e-02
4.654956610000e-02 1.788601640000e+00 2.245625670000e-02
4.679288720000e-02 1.789885520000e+00 2.262248100000e-02
4.695508630000e-02 1.790955540000e+00 2.273221310000e-02
4.711730030000e-02 1.792239430000e+00 2.292051170000e-02
4.727951440000e-02 1.793095350000e+00 2.302440070000e-02
4.752283540000e-02 1.794379470000e+00 2.316660060000e-02
4.768504950000e-02 1.795449260000e+00 2.328152580000e-02
4.800947760000e-02 1.796947240000e+00 2.344449980000e-02
4.817169160000e-02 1.798017260000e+00 2.355423380000e-02
4.833390560000e-02 1.799301150000e+00 2.373474090000e-02
4.857722670000e-02 1.800157070000e+00 2.383993010000e-02
4.873942580000e-02 1.801441190000e+00 2.400485430000e-02
4.890163990000e-02 1.802725080000e+00 2.410809320000e-02
4.914496090000e-02 1.804008960000e+00 2.426976900000e-02
4.930717500000e-02 1.805078980000e+00 2.438599620000e-02
4.955049600000e-02 1.806576970000e+00 2.454247880000e-02
4.971271010000e-02 1.807218790000e+00 2.464506960000e-02
4.987492410000e-02 1.808288810000e+00 2.478596750000e-02
5.003713820000e-02 1.809572700000e+00 2.492037600000e-02
5.028045920000e-02 1.810642720000e+00 2.502945810000e-02
5.052376540000e-02 1.811926600000e+00 2.522035320000e-02
5.076708640000e-02 1.812996630000e+00 2.531904730000e-02
5.092930050000e-02 1.814280510000e+00 2.549046650000e-02
5.109151450000e-02 1.815564630000e+00 2.560019680000e-02
5.141594260000e-02 1.816634420000e+00 2.576771940000e-02
5.149704960000e-02 1.817490580000e+00 2.587550510000e-02
5.174037070000e-02 1.818988320000e+00 2.604302580000e-02
5.190258470000e-02 1.819630380000e+00 2.613587490000e-02
5.214590580000e-02 1.821128370000e+00 2.632677180000e-02
5.238921200000e-02 1.822198390000e+00 2.642286760000e-02
5.255142600000e-02 1.823482280000e+00 2.657935210000e-02
5.271364000000e-02 1.824124340000e+00 2.670077050000e-02
5.295696110000e-02 1.825836180000e+00 2.686894130000e-02
5.311917510000e-02 1.826692100000e+00 2.697283030000e-02
5.336249620000e-02 1.827975990000e+00 2.712801470000e-02
5.352471020000e-02 1.828832150000e+00 2.724294360000e-02
5.368692430000e-02 1.829901930000e+00 2.736760860000e-02
5.393024530000e-02 1.831186060000e+00 2.750396540000e-02
5.409244450000e-02 1.832255840000e+00 2.760590430000e-02
5.433576550000e-02 1.833539960000e+00 2.776953020000e-02
5.449797960000e-02 1.834609750000e+00 2.788835210000e-02
5.474130060000e-02 1.835679770000e+00 2.804743310000e-02
5.490351470000e-02 1.836749790000e+00 2.815846540000e-02
5.514683570000e-02 1.838247780000e+00 2.832273950000e-02
5.522794280000e-02 1.839103700000e+00 2.843376990000e-02
5.555237080000e-02 1.840387580000e+00 2.859479930000e-02
5.571458490000e-02 1.841243510000e+00 2.870712990000e-02
5.595789100000e-02 1.842527630000e+00 2.870712990000e-02
5.612010510000e-02 1.843597410000e+00 2.900560570000e-02
5.636342610000e-02 1.844881530000e+00 2.918673120000e-02
5.652564020000e-02 1.845951320000e+00 2.935491690000e-02
5.676896130000e-02 1.847449300000e+00 2.945194580000e-02
5.693117530000e-02 1.848305230000e+00 2.934197710000e-02
5.717449640000e-02 1.849589350000e+00 2.962659860000e-02
5.733671040000e-02 1.850445270000e+00 2.974303630000e-02
5.749892440000e-02 1.851087090000e+00 2.984006700000e-02
5.774223060000e-02 1.852799180000e+00 3.014409730000e-02
5.790444460000e-02 1.853441000000e+00 3.012468850000e-02
5.814776570000e-02 1.855153080000e+00 3.028640710000e-02
5.830997970000e-02 1.855794910000e+00 3.023465910000e-02
5.855330080000e-02 1.857292890000e+00 3.053868930000e-02
5.871551480000e-02 1.857934950000e+00 3.062277850000e-02
5.895883590000e-02 1.859218840000e+00 3.080390580000e-02
5.912104990000e-02 1.860288860000e+00 3.085565380000e-02
5.936435610000e-02 1.861572740000e+00 3.108852730000e-02
5.952657010000e-02 1.862428670000e+00 3.116615120000e-02
5.976989120000e-02 1.863712790000e+00 3.133433680000e-02
5.993210520000e-02 1.864568710000e+00 3.140549360000e-02
6.009431930000e-02 1.865852590000e+00 3.156721220000e-02
6.033764030000e-02 1.866708520000e+00 3.169658040000e-02
6.058096140000e-02 1.867992640000e+00 3.185183180000e-02
6.082428250000e-02 1.868848560000e+00 3.193592280000e-02
6.098649650000e-02 1.870560410000e+00 3.203295170000e-02
6.114871050000e-02 1.871416330000e+00 3.229817000000e-02
6.122980270000e-02 1.872272250000e+00 3.233051670000e-02
6.155423070000e-02 1.873556380000e+00 3.244047980000e-02
6.171644480000e-02 1.874626160000e+00 3.260219840000e-02
6.187865880000e-02 1.875910280000e+00 3.273157030000e-02
6.212197990000e-02 1.876766200000e+00 3.278332580000e-02
6.236530100000e-02 1.877836230000e+00 3.297738360000e-02
6.252751500000e-02 1.878906010000e+00 3.324260190000e-02
6.268972900000e-02 1.879976030000e+00 3.328140830000e-02
6.293305010000e-02 1.881046060000e+00 3.337197010000e-02
6.317635630000e-02 1.882329940000e+00 3.351428360000e-02
6.333857030000e-02 1.883399960000e+00 3.367600220000e-02
6.350078430000e-02 1.884897950000e+00 3.388946880000e-02
6.374410540000e-02 1.885753870000e+00 3.389593590000e-02
6.398742650000e-02 1.887037750000e+00 3.406412150000e-02
6.414964050000e-02 1.887465720000e+00 3.415468340000e-02
6.439296160000e-02 1.889177800000e+00 3.432933610000e-02
6.447406860000e-02 1.889819620000e+00 3.443283960000e-02
6.479848180000e-02 1.891317610000e+00 3.458808360000e-02
6.496069580000e-02 1.891959670000e+00 3.474333510000e-02
6.512290980000e-02 1.893243550000e+00 3.471745550000e-02
6.536623090000e-02 1.894099470000e+00 3.487917410000e-02
6.552844490000e-02 1.894955400000e+00 3.507323560000e-02
6.577176600000e-02 1.896239520000e+00 3.533198310000e-02
6.593398000000e-02 1.897095440000e+00 3.529964390000e-02
6.617730110000e-02 1.898379330000e+00 3.544842080000e-02
6.633951510000e-02 1.899235250000e+00 3.556485850000e-02
6.658282130000e-02 1.900519370000e+00 3.570716830000e-02
6.674503540000e-02 1.901589160000e+00 3.577185790000e-02
6.690724940000e-02 1.902659180000e+00 3.600472580000e-02
6.715057050000e-02 1.903515100000e+00 3.606941550000e-02
6.739389150000e-02 1.905013080000e+00 3.622466700000e-02
6.755610560000e-02 1.905655150000e+00 3.638637810000e-02
6.779942660000e-02 1.907366990000e+00 3.657397260000e-02
6.796164070000e-02 1.908222910000e+00 3.659984470000e-02
6.812385470000e-02 1.909506800000e+00 3.681978210000e-02
6.836716090000e-02 1.910362960000e+00 3.686506300000e-02
6.861048190000e-02 1.911860700000e+00 3.707206250000e-02
6.877269600000e-02 1.912288900000e+00 3.711734340000e-02
6.893491000000e-02 1.913572790000e+00 3.708500040000e-02
6.917823110000e-02 1.914642810000e+00 3.736315300000e-02
6.934044510000e-02 1.915498730000e+00 3.749899570000e-02
6.950265910000e-02 1.916782620000e+00 3.758955750000e-02
6.974598020000e-02 1.917638540000e+00 3.773833810000e-02
6.998930130000e-02 1.918922420000e+00 3.811999040000e-02
7.007040830000e-02 1.919564490000e+00 3.805530070000e-02
7.039482150000e-02 1.921062470000e+00 3.820408140000e-02
7.055703550000e-02 1.921704530000e+00 3.824936230000e-02
7.080035660000e-02 1.922988410000e+00 3.847577050000e-02
7.088146360000e-02 1.924058440000e+00 3.854045640000e-02
7.120589170000e-02 1.925128220000e+00 3.870217130000e-02
7.128699870000e-02 1.926198240000e+00 3.877332430000e-02
7.161142680000e-02 1.927268270000e+00 3.894151000000e-02
7.177364080000e-02 1.928338050000e+00 3.900619970000e-02
7.201694700000e-02 1.929408070000e+00 3.910969570000e-02
7.217916100000e-02 1.930264000000e+00 3.942019490000e-02
7.242248210000e-02 1.931548120000e+00 3.942666580000e-02
7.258469610000e-02 1.932404040000e+00 3.964013610000e-02
7.274691020000e-02 1.933259960000e+00 3.959485140000e-02
7.299023120000e-02 1.934543850000e+00 3.976303710000e-02
7.315244530000e-02 1.935400010000e+00 3.991828490000e-02
7.339576630000e-02 1.936897750000e+00 4.008647050000e-02
7.363908740000e-02 1.937967780000e+00 4.004766050000e-02
7.380128650000e-02 1.939037800000e+00 4.039049890000e-02
7.396350060000e-02 1.939893720000e+00 4.031287880000e-02
7.420682160000e-02 1.941177610000e+00 4.049399500000e-02
7.445014270000e-02 1.942033530000e+00 4.056515170000e-02
7.461235670000e-02 1.943317650000e+00 4.083684090000e-02
7.477457080000e-02 1.943959470000e+00 4.079802710000e-02
7.509899880000e-02 1.945243600000e+00 4.098562150000e-02
7.518010590000e-02 1.946313380000e+00 4.110205550000e-02
7.542342690000e-02 1.947383400000e+00 4.121202230000e-02
7.566673310000e-02 1.948239330000e+00 4.133492340000e-02
7.582894710000e-02 1.949523450000e+00 4.150311650000e-02
7.599116120000e-02 1.950165270000e+00 4.158720750000e-02
7.623448220000e-02 1.951663260000e+00 4.179420690000e-02
7.647780330000e-02 1.952305320000e+00 4.185242210000e-02
7.664001730000e-02 1.953161240000e+00 4.195591810000e-02
7.680223140000e-02 1.954231260000e+00 4.209176450000e-02
7.696444540000e-02 1.955301050000e+00 4.232463610000e-02
7.720776650000e-02 1.956371070000e+00 4.231816900000e-02
7.728885860000e-02 1.957226990000e+00 4.246694970000e-02
7.761328670000e-02 1.958510880000e+00 4.267394920000e-02
7.777550070000e-02 1.959152940000e+00 4.283566030000e-02
7.801882180000e-02 1.960436820000e+00 4.291329160000e-02
7.826214280000e-02 1.961078880000e+00 4.294563080000e-02
7.842435690000e-02 1.962576870000e+00 4.310087860000e-02
7.858657090000e-02 1.963432790000e+00 4.313969240000e-02
7.882989200000e-02 1.964716670000e+00 4.330141100000e-02
7.899210600000e-02 1.965572600000e+00 4.348253090000e-02
7.923541220000e-02 1.966642620000e+00 4.357955980000e-02
7.939762620000e-02 1.967712640000e+00 4.348253090000e-02
