#  J [A] 	 V 	 L [w] 
7.939762620000e-02 1.975416420000e+00 4.452399160000e-02
7.923541220000e-02 1.974132300000e+00 4.438168180000e-02
7.899210600000e-02 1.973062520000e+00 4.418115320000e-02
7.882989200000e-02 1.971992490000e+00 4.410352560000e-02
7.858657090000e-02 1.970708610000e+00 4.384478180000e-02
7.842435690000e-02 1.969852450000e+00 4.387712480000e-02
7.818103580000e-02 1.968568560000e+00 4.365718740000e-02
7.801882180000e-02 1.967498540000e+00 4.352134470000e-02
7.785660770000e-02 1.966000800000e+00 4.339197280000e-02
7.761328670000e-02 1.965144630000e+00 4.332728310000e-02
7.736996560000e-02 1.963860750000e+00 4.306853560000e-02
7.728885860000e-02 1.962790730000e+00 4.318497330000e-02
7.696444540000e-02 1.961506840000e+00 4.286801070000e-02
7.688333840000e-02 1.960650920000e+00 4.280332100000e-02
7.655891030000e-02 1.959367040000e+00 4.270629210000e-02
7.639669630000e-02 1.958297010000e+00 4.255104060000e-02
7.623448220000e-02 1.957441090000e+00 4.255104060000e-02
7.607226820000e-02 1.955943110000e+00 4.223407430000e-02
7.582894710000e-02 1.955087180000e+00 4.214998710000e-02
7.558562610000e-02 1.953803060000e+00 4.202060770000e-02
7.542342690000e-02 1.952947140000e+00 4.191711170000e-02
7.518010590000e-02 1.951021190000e+00 4.168423640000e-02
7.501789180000e-02 1.950165270000e+00 4.160661250000e-02
7.477457080000e-02 1.948881390000e+00 4.141255470000e-02
7.453124970000e-02 1.947811370000e+00 4.133492340000e-02
7.436903570000e-02 1.946527480000e+00 4.116673770000e-02
7.412571460000e-02 1.945457460000e+00 4.103090240000e-02
7.396350060000e-02 1.944173570000e+00 4.101796080000e-02
7.380128650000e-02 1.943317650000e+00 4.072040320000e-02
7.355798040000e-02 1.942033530000e+00 4.061043260000e-02
7.339576630000e-02 1.941177610000e+00 4.051340370000e-02
7.323355230000e-02 1.939679620000e+00 4.047458990000e-02
7.299023120000e-02 1.938823700000e+00 4.028700290000e-02
7.274691020000e-02 1.937325720000e+00 4.010587560000e-02
7.258469610000e-02 1.936469790000e+00 3.996356580000e-02
7.242248210000e-02 1.935613870000e+00 3.978243840000e-02
7.226026800000e-02 1.934115890000e+00 3.970481830000e-02
7.201694700000e-02 1.933259960000e+00 3.962072730000e-02
7.177364080000e-02 1.931976080000e+00 3.943313290000e-02
7.161142680000e-02 1.931120160000e+00 3.937491400000e-02
7.144921270000e-02 1.929622170000e+00 3.908382360000e-02
7.120589170000e-02 1.928766250000e+00 3.923260050000e-02
7.096257060000e-02 1.927482130000e+00 3.896091880000e-02
7.080035660000e-02 1.926412340000e+00 3.877979890000e-02
7.047592850000e-02 1.924914360000e+00 3.860513870000e-02
7.039482150000e-02 1.924272300000e+00 3.850810970000e-02
7.007040830000e-02 1.922774310000e+00 3.837873790000e-02
6.990819420000e-02 1.921918390000e+00 3.819761430000e-02
6.966487320000e-02 1.920206550000e+00 3.817173840000e-02
6.958376620000e-02 1.919564490000e+00 3.793239590000e-02
6.925933810000e-02 1.918280600000e+00 3.776421030000e-02
6.917823110000e-02 1.917210580000e+00 3.774480520000e-02
6.893491000000e-02 1.915926690000e+00 3.758955750000e-02
6.885380300000e-02 1.915070770000e+00 3.758308660000e-02
6.861048190000e-02 1.914214610000e+00 3.734374420000e-02
6.836716090000e-02 1.912716870000e+00 3.713675220000e-02
6.812385470000e-02 1.911646840000e+00 3.704618660000e-02
6.796164070000e-02 1.910576820000e+00 3.684566170000e-02
6.779942660000e-02 1.909506800000e+00 3.676156330000e-02
6.755610560000e-02 1.908009050000e+00 3.660631920000e-02
6.731278450000e-02 1.907366990000e+00 3.649634870000e-02
6.715057050000e-02 1.905869010000e+00 3.632169590000e-02
6.698835640000e-02 1.904798980000e+00 3.623760120000e-02
6.674503540000e-02 1.903515100000e+00 3.603707250000e-02
6.658282130000e-02 1.902659180000e+00 3.590769690000e-02
6.625840810000e-02 1.901375290000e+00 3.577185790000e-02
6.617730110000e-02 1.900091170000e+00 3.567482900000e-02
6.593398000000e-02 1.898807290000e+00 3.551957760000e-02
6.569065900000e-02 1.897951360000e+00 3.540960700000e-02
6.552844490000e-02 1.896453380000e+00 3.539667280000e-02
6.536623090000e-02 1.895597460000e+00 3.510558230000e-02
6.512290980000e-02 1.894099470000e+00 3.496327250000e-02
6.496069580000e-02 1.893243550000e+00 3.482742610000e-02
6.479848180000e-02 1.892601490000e+00 3.485976900000e-02
6.455517560000e-02 1.891103510000e+00 3.457514940000e-02
6.439296160000e-02 1.890033720000e+00 3.449752180000e-02
6.414964050000e-02 1.888535740000e+00 3.430346400000e-02
6.398742650000e-02 1.887679820000e+00 3.421289850000e-02
6.374410540000e-02 1.886395690000e+00 3.401237350000e-02
6.358189140000e-02 1.885539770000e+00 3.383772080000e-02
6.333857030000e-02 1.884041790000e+00 3.369540720000e-02
6.309524920000e-02 1.883185860000e+00 3.359837830000e-02
6.293305010000e-02 1.881901980000e+00 3.333963080000e-02
6.277083610000e-02 1.881046060000e+00 3.332022200000e-02
6.260862200000e-02 1.879548070000e+00 3.317144510000e-02
6.228419390000e-02 1.878478050000e+00 3.305500750000e-02
6.220308690000e-02 1.877194170000e+00 3.291916100000e-02
6.204087290000e-02 1.876338240000e+00 3.279626000000e-02
6.171644480000e-02 1.874840260000e+00 3.260219840000e-02
6.147312370000e-02 1.873984340000e+00 3.253104170000e-02
6.131090970000e-02 1.872272250000e+00 3.240167350000e-02
6.122980270000e-02 1.871416330000e+00 3.227229420000e-02
6.098649650000e-02 1.870560410000e+00 3.211057560000e-02
6.074317540000e-02 1.869062420000e+00 3.195533160000e-02
6.058096140000e-02 1.867992640000e+00 3.183889390000e-02
6.033764030000e-02 1.866708520000e+00 3.167717530000e-02
6.017542630000e-02 1.866066690000e+00 3.161249310000e-02
5.985099820000e-02 1.864782570000e+00 3.141842780000e-02
5.976989120000e-02 1.863712790000e+00 3.130199390000e-02
5.952657010000e-02 1.862214800000e+00 3.121789920000e-02
5.936435610000e-02 1.861358880000e+00 3.101737240000e-02
5.912104990000e-02 1.860074760000e+00 3.088799490000e-02
5.895883590000e-02 1.859004970000e+00 3.079743120000e-02
5.871551480000e-02 1.857720850000e+00 3.062924560000e-02
5.855330080000e-02 1.856864930000e+00 3.049987550000e-02
5.822887270000e-02 1.855366950000e+00 3.026700020000e-02
5.814776570000e-02 1.854297160000e+00 3.016350420000e-02
5.790444460000e-02 1.853013040000e+00 2.997591160000e-02
5.782333760000e-02 1.852157120000e+00 2.995650280000e-02
5.758001660000e-02 1.850873230000e+00 2.979478430000e-02
5.733671040000e-02 1.849803210000e+00 2.974303630000e-02
5.717449640000e-02 1.848947290000e+00 2.952956970000e-02
5.693117530000e-02 1.847449300000e+00 2.936138400000e-02
5.676896130000e-02 1.846593380000e+00 2.934197710000e-02
5.652564020000e-02 1.845309500000e+00 2.903795240000e-02
5.636342610000e-02 1.844453330000e+00 2.899913860000e-02
5.612010510000e-02 1.843169450000e+00 2.881154600000e-02
5.603899810000e-02 1.842099430000e+00 2.872745510000e-02
5.571458490000e-02 1.840601680000e+00 2.857867630000e-02
5.555237080000e-02 1.839531660000e+00 2.851398850000e-02
5.530904980000e-02 1.838247780000e+00 2.827464600000e-02
5.514683570000e-02 1.837391610000e+00 2.815821020000e-02
5.490351470000e-02 1.836107730000e+00 2.787358690000e-02
5.474130060000e-02 1.835251810000e+00 2.790592800000e-02
5.449797960000e-02 1.833753820000e+00 2.774421500000e-02
5.433576550000e-02 1.832683800000e+00 2.768599430000e-02
5.409244450000e-02 1.831186060000e+00 2.749840170000e-02
5.393024530000e-02 1.830116030000e+00 2.731728180000e-02
5.368692430000e-02 1.828832150000e+00 2.731080910000e-02
5.360581730000e-02 1.827975990000e+00 2.703265850000e-02
5.344360320000e-02 1.826906200000e+00 2.690328100000e-02
5.320028220000e-02 1.825408220000e+00 2.686447280000e-02
5.295696110000e-02 1.824552300000e+00 2.666394040000e-02
5.271364000000e-02 1.823054310000e+00 2.657338230000e-02
5.263253300000e-02 1.822198390000e+00 2.649575470000e-02
5.230810490000e-02 1.820700410000e+00 2.617879030000e-02
5.222699790000e-02 1.819844480000e+00 2.599767040000e-02
5.198369180000e-02 1.818346500000e+00 2.611410060000e-02
5.174037070000e-02 1.817490580000e+00 2.611410060000e-02
5.149704960000e-02 1.816206460000e+00 2.565279040000e-02
5.133483560000e-02 1.815136670000e+00 2.558851060000e-02
5.109151450000e-02 1.813852550000e+00 2.543007950000e-02
5.101040750000e-02 1.812782760000e+00 2.532684060000e-02
5.068597940000e-02 1.811284780000e+00 2.515347490000e-02
5.052376540000e-02 1.810642720000e+00 2.505023590000e-02
5.028045920000e-02 1.808716770000e+00 2.488985660000e-02
5.003713820000e-02 1.807860850000e+00 2.477557960000e-02
4.987492410000e-02 1.806362870000e+00 2.460870710000e-02
4.963160310000e-02 1.805721040000e+00 2.449378000000e-02
4.955049600000e-02 1.804651020000e+00 2.440092900000e-02
4.930717500000e-02 1.803367140000e+00 2.421328050000e-02
4.914496090000e-02 1.802297120000e+00 2.411328810000e-02
4.890163990000e-02 1.801013230000e+00 2.394901220000e-02
4.873942580000e-02 1.799943210000e+00 2.382369530000e-02
4.857722670000e-02 1.798659320000e+00 2.366071940000e-02
4.841501270000e-02 1.797589300000e+00 2.355163920000e-02
4.809058460000e-02 1.796091320000e+00 2.338411660000e-02
4.800947760000e-02 1.795235400000e+00 2.327048590000e-02
4.776615650000e-02 1.793951510000e+00 2.309777030000e-02
4.760394250000e-02 1.792881490000e+00 2.298609170000e-02
4.736062140000e-02 1.791383500000e+00 2.283090730000e-02
4.719840740000e-02 1.790741440000e+00 2.271143350000e-02
4.695508630000e-02 1.789029600000e+00 2.254715930000e-02
4.679288720000e-02 1.788387540000e+00 2.243158410000e-02
4.654956610000e-02 1.786889790000e+00 2.226601170000e-02
4.638735200000e-02 1.785819770000e+00 2.216342090000e-02
4.614403100000e-02 1.784321780000e+00 2.198875510000e-02
4.598181690000e-02 1.783465860000e+00 2.187772650000e-02
4.573849590000e-02 1.782609940000e+00 2.177383750000e-02
4.549517480000e-02 1.781111960000e+00 2.159008380000e-02
4.541406780000e-02 1.780256030000e+00 2.147320840000e-02
4.508963970000e-02 1.778971910000e+00 2.130763610000e-02
4.492744060000e-02 1.777688030000e+00 2.118036900000e-02
4.468411950000e-02 1.776190040000e+00 2.101674680000e-02
4.460301250000e-02 1.775334120000e+00 2.091934900000e-02
4.427858440000e-02 1.773836140000e+00 2.074533510000e-02
4.411637040000e-02 1.772766350000e+00 2.063949780000e-02
4.387304930000e-02 1.771482230000e+00 2.046808230000e-02
4.371083530000e-02 1.770626310000e+00 2.036094670000e-02
4.354862120000e-02 1.768914460000e+00 2.019407410000e-02
4.330530020000e-02 1.768058540000e+00 2.007265390000e-02
4.306199400000e-02 1.766560550000e+00 1.990448310000e-02
4.298088700000e-02 1.765490530000e+00 1.978955790000e-02
4.273756590000e-02 1.764206650000e+00 1.961878870000e-02
4.257535190000e-02 1.763136630000e+00 1.950256340000e-02
4.225092380000e-02 1.761424780000e+00 1.935776880000e-02
4.208870980000e-02 1.760782720000e+00 1.923050550000e-02
4.192649570000e-02 1.759712700000e+00 1.911687480000e-02
4.176428170000e-02 1.758214710000e+00 1.895000410000e-02
4.160206760000e-02 1.757572890000e+00 1.885390650000e-02
4.127765450000e-02 1.755860810000e+00 1.866041310000e-02
4.119654740000e-02 1.754791020000e+00 1.854873260000e-02
4.095322640000e-02 1.753721000000e+00 1.837666710000e-02
4.079101230000e-02 1.752437110000e+00 1.828251780000e-02
4.046658430000e-02 1.751152990000e+00 1.809941230000e-02
4.030437020000e-02 1.749869110000e+00 1.798773180000e-02
4.006104920000e-02 1.748585220000e+00 1.781436800000e-02
3.989883510000e-02 1.747729300000e+00 1.770203750000e-02
3.965552900000e-02 1.746231320000e+00 1.753581500000e-02
3.957442190000e-02 1.744947430000e+00 1.741764140000e-02
3.924999390000e-02 1.743663310000e+00 1.724687400000e-02
3.908777980000e-02 1.743021490000e+00 1.713389530000e-02
3.884445880000e-02 1.741309400000e+00 1.695988140000e-02
3.868224470000e-02 1.740453480000e+00 1.684560250000e-02
3.852003070000e-02 1.739383460000e+00 1.672937720000e-02
3.835781660000e-02 1.738313670000e+00 1.656250470000e-02
3.811449560000e-02 1.737029550000e+00 1.645277250000e-02
3.787118940000e-02 1.735317710000e+00 1.628200520000e-02
3.779008240000e-02 1.734461780000e+00 1.616448160000e-02
3.746565430000e-02 1.733177900000e+00 1.600280400000e-02
3.730344030000e-02 1.732107880000e+00 1.588203390000e-02
3.706011920000e-02 1.730609890000e+00 1.570801810000e-02
3.689790520000e-02 1.729753970000e+00 1.560867390000e-02
3.673569110000e-02 1.728255990000e+00 1.543011610000e-02
3.649237010000e-02 1.727185960000e+00 1.532947180000e-02
3.624904900000e-02 1.725687980000e+00 1.516519860000e-02
3.608684990000e-02 1.724618200000e+00 1.504053080000e-02
3.592463580000e-02 1.723548170000e+00 1.487690680000e-02
3.568131480000e-02 1.722478150000e+00 1.475938220000e-02
3.551910070000e-02 1.720980170000e+00 1.458536830000e-02
3.535688670000e-02 1.719696280000e+00 1.447368690000e-02
3.511356560000e-02 1.718412400000e+00 1.430291870000e-02
3.495135160000e-02 1.717128520000e+00 1.419903150000e-02
3.478913750000e-02 1.716272590000e+00 1.407825950000e-02
3.446470950000e-02 1.714560510000e+00 1.389970070000e-02
3.430251030000e-02 1.713704590000e+00 1.380620060000e-02
3.405918930000e-02 1.712206600000e+00 1.361595370000e-02
3.389697520000e-02 1.711350680000e+00 1.351206470000e-02
3.365365420000e-02 1.709638830000e+00 1.332896020000e-02
3.349144010000e-02 1.708782910000e+00 1.321922710000e-02
3.324811910000e-02 1.707284930000e+00 1.305430380000e-02
3.316701200000e-02 1.706429000000e+00 1.294457070000e-02
3.292369100000e-02 1.704716920000e+00 1.275302560000e-02
3.276147690000e-02 1.703861000000e+00 1.265822630000e-02
3.243706380000e-02 1.702149150000e+00 1.247447450000e-02
3.227484970000e-02 1.701292990000e+00 1.238162260000e-02
3.203152870000e-02 1.699795250000e+00 1.220825780000e-02
3.195042160000e-02 1.698939090000e+00 1.207385210000e-02
3.162599350000e-02 1.697227240000e+00 1.190827790000e-02
3.146377950000e-02 1.696371320000e+00 1.180438980000e-02
3.130156550000e-02 1.694659230000e+00 1.162063610000e-02
3.113935140000e-02 1.693803310000e+00 1.152583770000e-02
3.089603040000e-02 1.692733530000e+00 1.141091060000e-02
3.065272420000e-02 1.691235540000e+00 1.123429830000e-02
3.057161720000e-02 1.690165520000e+00 1.111612470000e-02
3.032829610000e-02 1.688881640000e+00 1.094211080000e-02
3.016608210000e-02 1.687597510000e+00 1.082913210000e-02
2.992276100000e-02 1.686099770000e+00 1.066096220000e-02
2.967944000000e-02 1.685243610000e+00 1.055252740000e-02
2.943611890000e-02 1.683745860000e+00 1.039149980000e-02
2.927390490000e-02 1.682675840000e+00 1.025060010000e-02
2.911169080000e-02 1.681177850000e+00 1.008437760000e-02
2.886838470000e-02 1.680107830000e+00 9.969450530000e-03
2.862506360000e-02 1.678823950000e+00 9.805824610000e-03
2.846284960000e-02 1.677753930000e+00 9.688300080000e-03
2.830063550000e-02 1.676256180000e+00 9.522727690000e-03
2.805731450000e-02 1.675400020000e+00 9.400009180000e-03
2.781399340000e-02 1.673688170000e+00 9.225995280000e-03
2.773288640000e-02 1.672618150000e+00 9.111066350000e-03
2.740845830000e-02 1.671120170000e+00 8.943545630000e-03
2.732735130000e-02 1.670050380000e+00 8.838358340000e-03
2.716515210000e-02 1.669194460000e+00 8.711094040000e-03
2.684072410000e-02 1.667696480000e+00 8.537080140000e-03
2.667851000000e-02 1.666626450000e+00 8.413711560000e-03
2.643518890000e-02 1.665128470000e+00 8.257879880000e-03
2.635408190000e-02 1.664272550000e+00 8.139705290000e-03
2.602965380000e-02 1.662560700000e+00 7.979326880000e-03
2.594854680000e-02 1.661704540000e+00 7.850764320000e-03
2.570522580000e-02 1.660206790000e+00 7.680645680000e-03
2.546190470000e-02 1.659136770000e+00 7.569613870000e-03
2.521859850000e-02 1.657424690000e+00 7.422221360000e-03
2.513749150000e-02 1.656354900000e+00 7.285217750000e-03
2.489417050000e-02 1.654856920000e+00 7.111203860000e-03
2.473195640000e-02 1.653786900000e+00 7.001471240000e-03
2.440752830000e-02 1.652075050000e+00 6.830053400000e-03
2.424531430000e-02 1.651432990000e+00 6.729411430000e-03
2.400199320000e-02 1.649721150000e+00 6.549553950000e-03
2.383977920000e-02 1.648651120000e+00 6.441769190000e-03
2.367756520000e-02 1.647153140000e+00 6.258015520000e-03
2.351536600000e-02 1.646297220000e+00 6.147633310000e-03
2.335315200000e-02 1.645013330000e+00 6.034654100000e-03
2.310983090000e-02 1.643515350000e+00 5.872327830000e-03
2.286650990000e-02 1.642445330000e+00 5.754153710000e-03
2.270429580000e-02 1.640947340000e+00 5.574945360000e-03
2.254208180000e-02 1.639877560000e+00 5.467160600000e-03
2.221765370000e-02 1.638379570000e+00 5.300937690000e-03
2.205543970000e-02 1.637309550000e+00 5.183413620000e-03
2.189322560000e-02 1.635811570000e+00 5.006802270000e-03
2.164991950000e-02 1.634741780000e+00 4.885382480000e-03
2.148770540000e-02 1.633243800000e+00 4.713965580000e-03
2.124438430000e-02 1.631959680000e+00 4.595791460000e-03
2.100106330000e-02 1.630675790000e+00 4.440607500000e-03
2.083884920000e-02 1.629605770000e+00 4.321784250000e-03
2.067663520000e-02 1.628108020000e+00 4.150367340000e-03
2.043331410000e-02 1.627038000000e+00 4.047777500000e-03
2.027110010000e-02 1.625326160000e+00 3.850388110000e-03
2.002779390000e-02 1.624256130000e+00 3.743252250000e-03
1.978447290000e-02 1.622972250000e+00 3.562745410000e-03
1.962225880000e-02 1.621688130000e+00 3.462103200000e-03
1.946004480000e-02 1.620832200000e+00 3.336137390000e-03
1.913561670000e-02 1.619334220000e+00 3.163422460000e-03
1.913561670000e-02 1.618050340000e+00 3.046547300000e-03
1.881118860000e-02 1.616552350000e+00 2.868637440000e-03
1.873008160000e-02 1.615696430000e+00 2.754359270000e-03
1.848676800000e-02 1.613984580000e+00 2.583591730000e-03
1.832455400000e-02 1.612914560000e+00 2.462171250000e-03
1.800012590000e-02 1.611202720000e+00 2.297896660000e-03
1.783791180000e-02 1.610346560000e+00 2.297896660000e-03
1.767570530000e-02 1.608420610000e+00 1.997423130000e-03
1.751349120000e-02 1.607564690000e+00 1.890650830000e-03
1.727017020000e-02 1.606066700000e+00 1.723135470000e-03
1.710795610000e-02 1.604782820000e+00 1.609006430000e-03
1.686464250000e-02 1.603498940000e+00 1.437975440000e-03
1.662132140000e-02 1.602428910000e+00 1.321242070000e-03
1.645910740000e-02 1.600717070000e+00 1.150015860000e-03
1.629689340000e-02 1.599647050000e+00 1.040118400000e-03
1.605357230000e-02 1.598149060000e+00 8.674598070000e-04
1.589136570000e-02 1.597079040000e+00 7.563905670000e-04
1.581025870000e-02 1.596009250000e+00 6.401780410000e-04
1.556693760000e-02 1.594511270000e+00 4.707095210000e-04
1.532361660000e-02 1.593441250000e+00 3.602262000000e-04
1.508030300000e-02 1.591515300000e+00 2.149768410000e-04
1.491808890000e-02 1.590231420000e+00 1.627625610000e-04
1.467476790000e-02 1.587877510000e+00 1.233089130000e-04
1.451255380000e-02 1.586379530000e+00 1.233089130000e-04
1.418813320000e-02 1.583597660000e+00 9.614639570000e-05
1.402591910000e-02 1.581671710000e+00 9.001547010000e-05
1.386370510000e-02 1.579317810000e+00 8.278695900000e-05
1.362038400000e-02 1.577819820000e+00 7.916944740000e-05
1.345817000000e-02 1.575037960000e+00 7.425952210000e-05
1.329596340000e-02 1.573326110000e+00 7.177856610000e-05
1.305264230000e-02 1.570758100000e+00 6.790777120000e-05
1.289042830000e-02 1.568832160000e+00 6.568011300000e-05
1.264710720000e-02 1.566050290000e+00 6.258867510000e-05
1.248489320000e-02 1.563910480000e+00 6.065977500000e-05
1.224157960000e-02 1.561556580000e+00 5.814635010000e-05
1.207936560000e-02 1.559416530000e+00 5.647073340000e-05
1.183604450000e-02 1.557704690000e+00 5.488604440000e-05
1.167383040000e-02 1.554922820000e+00 5.269736360000e-05
1.151162390000e-02 1.552996870000e+00 5.127503390000e-05
1.134940980000e-02 1.550215010000e+00 4.924221870000e-05
1.110608880000e-02 1.548289060000e+00 4.794330020000e-05
1.086276770000e-02 1.545079230000e+00 4.611830810000e-05
1.070055370000e-02 1.543153290000e+00 4.490381250000e-05
1.045724000000e-02 1.540157320000e+00 4.316974810000e-05
1.029502600000e-02 1.538231370000e+00 4.209164040000e-05
1.005170490000e-02 1.535235640000e+00 4.037056350000e-05
9.889490900000e-03 1.532881740000e+00 3.937039220000e-05
9.646177290000e-03 1.529671670000e+00 3.775972440000e-05
9.402856230000e-03 1.527745960000e+00 3.675305920000e-05
9.240642190000e-03 1.524322030000e+00 3.519434900000e-05
9.078428150000e-03 1.522181990000e+00 3.430458670000e-05
8.835114540000e-03 1.518758300000e+00 3.293421830000e-05
8.672900500000e-03 1.516404390000e+00 3.190807180000e-05
8.429579440000e-03 1.513408420000e+00 3.045327320000e-05
8.267365400000e-03 1.511268620000e+00 2.962196050000e-05
8.105151360000e-03 1.508914710000e+00 2.878415400000e-05
7.780730720000e-03 1.505276680000e+00 2.747224060000e-05
7.699623700000e-03 1.502922770000e+00 2.660845350000e-05
7.456302640000e-03 1.499284980000e+00 2.534849590000e-05
7.212981580000e-03 1.496716980000e+00 2.463408780000e-05
7.050774990000e-03 1.493293290000e+00 2.336763650000e-05
6.888560950000e-03 1.490511420000e+00 2.336763650000e-05
6.645239890000e-03 1.486445430000e+00 2.132152260000e-05
6.564132870000e-03 1.484305620000e+00 2.058036440000e-05
6.239704790000e-03 1.480025770000e+00 1.946504930000e-05
6.077498200000e-03 1.477243900000e+00 1.873817930000e-05
5.834177140000e-03 1.473392010000e+00 1.765599340000e-05
5.671963100000e-03 1.470610140000e+00 1.695510760000e-05
5.428642030000e-03 1.466116190000e+00 1.591579350000e-05
5.347535010000e-03 1.463120460000e+00 1.523504220000e-05
5.023114380000e-03 1.458412650000e+00 1.420807170000e-05
4.860900340000e-03 1.455416680000e+00 1.355655150000e-05
4.617579280000e-03 1.450922970000e+00 1.258739120000e-05
4.455365240000e-03 1.447499040000e+00 1.195925600000e-05
4.293158650000e-03 1.444075110000e+00 1.135710320000e-05
4.049837590000e-03 1.438939330000e+00 1.041522500000e-05
3.887623550000e-03 1.435515400000e+00 9.812422830000e-06
3.644302490000e-03 1.429951670000e+00 8.943945430000e-06
3.482095900000e-03 1.426099780000e+00 8.354135390000e-06
3.238774840000e-03 1.419893980000e+00 7.530479250000e-06
3.076560800000e-03 1.415614130000e+00 6.986788780000e-06
2.833239730000e-03 1.409194470000e+00 6.220294380000e-06
2.671025690000e-03 1.404700760000e+00 5.707782290000e-06
2.427712080000e-03 1.397211070000e+00 4.956878910000e-06
2.265498040000e-03 1.392075060000e+00 4.483340940000e-06
2.022176980000e-03 1.383515600000e+00 3.799342950000e-06
1.859962940000e-03 1.377737760000e+00 3.373223990000e-06
1.616649330000e-03 1.367894170000e+00 2.747037570000e-06
1.535542310000e-03 1.360190390000e+00 2.333910290000e-06
1.211114230000e-03 1.347564940000e+00 1.787620700000e-06
1.048900190000e-03 1.337721350000e+00 1.439450780000e-06
8.866861460000e-04 1.325523850000e+00 1.439450780000e-06
6.433725360000e-04 1.303268670000e+00 6.516976900000e-07
5.622655150000e-04 1.281655550000e+00 3.956020580000e-07
2.378374340000e-04 1.225161790000e+00 1.031611420000e-07
7.562339310000e-05 1.112174030000e+00 6.068168630000e-09
1.567304130000e-04 4.008658530000e-01 -9.039406450000e-10
7.562339310000e-05 2.199411390000e-03 -1.420405240000e-09
-5.483627320000e-06 1.771420240000e-03 -1.743178160000e-09
