#  J [A] 	 V 	 L [w] 
7.947873320000e-02 2.026560310000e+00 4.829523710000e-02
7.923541220000e-02 2.025490280000e+00 4.828877000000e-02
7.899210600000e-02 2.023992540000e+00 4.816586150000e-02
7.882989200000e-02 2.022922520000e+00 4.795886580000e-02
7.866767790000e-02 2.021852490000e+00 4.782949020000e-02
7.842435690000e-02 2.020782470000e+00 4.757073890000e-02
7.818103580000e-02 2.019284730000e+00 4.756427560000e-02
7.801882180000e-02 2.018428560000e+00 4.754486680000e-02
7.777550070000e-02 2.016930820000e+00 4.733140020000e-02
7.761328670000e-02 2.015860800000e+00 4.716321450000e-02
7.736996560000e-02 2.014576910000e+00 4.698209460000e-02
7.720776650000e-02 2.013292790000e+00 4.689799990000e-02
7.696444540000e-02 2.012008910000e+00 4.674921930000e-02
7.680223140000e-02 2.011152980000e+00 4.650987680000e-02
7.655891030000e-02 2.009655000000e+00 4.648400470000e-02
7.639669630000e-02 2.008584980000e+00 4.636756700000e-02
7.615337520000e-02 2.007729050000e+00 4.619938140000e-02
7.599116120000e-02 2.006017210000e+00 4.599238190000e-02
7.582894710000e-02 2.005161290000e+00 4.594710470000e-02
7.558562610000e-02 2.003877160000e+00 4.580479490000e-02
7.542342690000e-02 2.002807140000e+00 4.555251450000e-02
7.518010590000e-02 2.001309390000e+00 4.552017150000e-02
7.501789180000e-02 2.000239370000e+00 4.530023040000e-02
7.477457080000e-02 1.998955490000e+00 4.521614310000e-02
7.461235670000e-02 1.998099330000e+00 4.506736250000e-02
7.436903570000e-02 1.996601580000e+00 4.493151980000e-02
7.420682160000e-02 1.995531560000e+00 4.479567330000e-02
7.396350060000e-02 1.994247670000e+00 4.460808260000e-02
7.372017950000e-02 1.992963550000e+00 4.449811580000e-02
7.355798040000e-02 1.991679670000e+00 4.442696270000e-02
7.339576630000e-02 1.990609650000e+00 4.429111630000e-02
7.315244530000e-02 1.989325760000e+00 4.408412430000e-02
7.299023120000e-02 1.988469840000e+00 4.392240570000e-02
7.274691020000e-02 1.986971860000e+00 4.375422000000e-02
7.266580310000e-02 1.985901830000e+00 4.358603430000e-02
7.242248210000e-02 1.985045910000e+00 4.360543940000e-02
7.209805400000e-02 1.983762030000e+00 4.328846930000e-02
7.201694700000e-02 1.982692000000e+00 4.328846930000e-02
7.177364080000e-02 1.981194020000e+00 4.307500270000e-02
7.161142680000e-02 1.980124240000e+00 4.296503960000e-02
7.144921270000e-02 1.978840110000e+00 4.284213480000e-02
7.120589170000e-02 1.977770330000e+00 4.270629210000e-02
7.088146360000e-02 1.976058240000e+00 4.254457350000e-02
7.080035660000e-02 1.975202320000e+00 4.242166880000e-02
7.055703550000e-02 1.973918440000e+00 4.233110320000e-02
7.039482150000e-02 1.973062520000e+00 4.214351250000e-02
7.015150040000e-02 1.971350430000e+00 4.200767350000e-02
6.998930130000e-02 1.970494510000e+00 4.183301330000e-02
6.974598020000e-02 1.968996520000e+00 4.165189710000e-02
6.958376620000e-02 1.967926500000e+00 4.151605070000e-02
6.934044510000e-02 1.966642620000e+00 4.139314590000e-02
6.917823110000e-02 1.965786700000e+00 4.128964990000e-02
6.893491000000e-02 1.964288710000e+00 4.100502650000e-02
6.877269600000e-02 1.963432790000e+00 4.099855200000e-02
6.861048190000e-02 1.962148900000e+00 4.088858890000e-02
6.828606870000e-02 1.960864780000e+00 4.072687030000e-02
6.820496170000e-02 1.959795000000e+00 4.054574670000e-02
6.796164070000e-02 1.958510880000e+00 4.044224690000e-02
6.779942660000e-02 1.957654950000e+00 4.024818910000e-02
6.755610560000e-02 1.955943110000e+00 4.009293760000e-02
6.739389150000e-02 1.955087180000e+00 4.000884670000e-02
6.715057050000e-02 1.953589200000e+00 3.982771930000e-02
6.698835640000e-02 1.952519180000e+00 3.972422330000e-02
6.666392830000e-02 1.951021190000e+00 3.950428960000e-02
6.658282130000e-02 1.950165270000e+00 3.943313290000e-02
6.633951510000e-02 1.948667290000e+00 3.917438540000e-02
6.617730110000e-02 1.947597500000e+00 3.924554210000e-02
6.585287300000e-02 1.946313380000e+00 3.893504290000e-02
6.569065900000e-02 1.945243600000e+00 3.885094820000e-02
6.552844490000e-02 1.943959470000e+00 3.872157630000e-02
6.536623090000e-02 1.942889690000e+00 3.850164260000e-02
6.512290980000e-02 1.941391710000e+00 3.836579990000e-02
6.487958880000e-02 1.940535780000e+00 3.838520500000e-02
6.479848180000e-02 1.939679620000e+00 3.812645750000e-02
6.447406860000e-02 1.937753920000e+00 3.795827180000e-02
6.439296160000e-02 1.937111850000e+00 3.786124290000e-02
6.406853350000e-02 1.935400010000e+00 3.777715190000e-02
6.398742650000e-02 1.934329990000e+00 3.745371480000e-02
6.374410540000e-02 1.933045860000e+00 3.742137180000e-02
6.358189140000e-02 1.932189940000e+00 3.735021870000e-02
6.333857030000e-02 1.930906060000e+00 3.715615720000e-02
6.317635630000e-02 1.929836030000e+00 3.693621610000e-02
6.293305010000e-02 1.928338050000e+00 3.681331500000e-02
6.277083610000e-02 1.927268270000e+00 3.672922400000e-02
6.252751500000e-02 1.925770280000e+00 3.661925350000e-02
6.236530100000e-02 1.924700260000e+00 3.638637810000e-02
6.212197990000e-02 1.923416380000e+00 3.637344390000e-02
6.195976590000e-02 1.922346350000e+00 3.591416780000e-02
6.171644480000e-02 1.920848370000e+00 3.594004360000e-02
6.155423070000e-02 1.919992450000e+00 3.572657700000e-02
6.131090970000e-02 1.918494460000e+00 3.583654020000e-02
6.114871050000e-02 1.917424680000e+00 3.554544970000e-02
6.098649650000e-02 1.916568520000e+00 3.546782960000e-02
6.074317540000e-02 1.914856670000e+00 3.526730090000e-02
6.058096140000e-02 1.914000750000e+00 3.514439240000e-02
6.025653330000e-02 1.912502770000e+00 3.489858280000e-02
6.017542630000e-02 1.911646840000e+00 3.483389320000e-02
5.993210520000e-02 1.909935000000e+00 3.471098840000e-02
5.976989120000e-02 1.908864970000e+00 3.461395950000e-02
5.952657010000e-02 1.907794950000e+00 3.438108410000e-02
5.936435610000e-02 1.906511070000e+00 3.429699690000e-02
5.912104990000e-02 1.905227180000e+00 3.401237350000e-02
5.895883590000e-02 1.904371020000e+00 3.395415840000e-02
5.863440780000e-02 1.902873280000e+00 3.372128310000e-02
5.855330080000e-02 1.901803260000e+00 3.369540720000e-02
5.830997970000e-02 1.900305270000e+00 3.356603160000e-02
5.814776570000e-02 1.899235250000e+00 3.349487480000e-02
5.790444460000e-02 1.898165230000e+00 3.324906530000e-02
5.782333760000e-02 1.896881340000e+00 3.311969710000e-02
5.758001660000e-02 1.895383360000e+00 3.297738360000e-02
5.733671040000e-02 1.894313570000e+00 3.274451200000e-02
5.717449640000e-02 1.893457410000e+00 3.277038410000e-02
5.701228230000e-02 1.891959670000e+00 3.251163660000e-02
5.668785420000e-02 1.890889640000e+00 3.236932310000e-02
5.644453320000e-02 1.889391660000e+00 3.222701330000e-02
5.636342610000e-02 1.888321640000e+00 3.216233100000e-02
5.620121210000e-02 1.887037750000e+00 3.202648460000e-02
5.595789100000e-02 1.885967730000e+00 3.181948510000e-02
5.579567700000e-02 1.884469990000e+00 3.169011320000e-02
5.555237080000e-02 1.883399960000e+00 3.147664670000e-02
5.522794280000e-02 1.881901980000e+00 3.139255200000e-02
5.514683570000e-02 1.881046060000e+00 3.134727110000e-02
5.490351470000e-02 1.879333970000e+00 3.107558750000e-02
5.474130060000e-02 1.878478050000e+00 3.099149840000e-02
5.449797960000e-02 1.876766200000e+00 3.075862300000e-02
5.433576550000e-02 1.876124140000e+00 3.073921610000e-02
5.417355150000e-02 1.874626160000e+00 3.049340840000e-02
5.393024530000e-02 1.873556380000e+00 3.037050370000e-02
5.368692430000e-02 1.872058390000e+00 3.020878510000e-02
5.352471020000e-02 1.871202470000e+00 3.007294050000e-02
5.336249620000e-02 1.870132450000e+00 2.998885140000e-02
5.311917510000e-02 1.868634460000e+00 2.979478430000e-02
5.303806810000e-02 1.867564440000e+00 2.966541420000e-02
5.279474710000e-02 1.866066690000e+00 2.947135460000e-02
5.255142600000e-02 1.865210530000e+00 2.936785670000e-02
5.230810490000e-02 1.863712790000e+00 2.919319830000e-02
5.214590580000e-02 1.862642770000e+00 2.909616750000e-02
5.190258470000e-02 1.861144780000e+00 2.897326460000e-02
5.174037070000e-02 1.860074760000e+00 2.884389270000e-02
5.149704960000e-02 1.858576770000e+00 2.859807760000e-02
5.133483560000e-02 1.857506990000e+00 2.853339540000e-02
5.109151450000e-02 1.856222870000e+00 2.836520970000e-02
5.092930050000e-02 1.854938980000e+00 2.822936510000e-02
5.068597940000e-02 1.853655100000e+00 2.804177250000e-02
5.052376540000e-02 1.852585080000e+00 2.790592800000e-02
5.028045920000e-02 1.851087090000e+00 2.767306010000e-02
5.011824520000e-02 1.850231170000e+00 2.760837040000e-02
4.987492410000e-02 1.848305230000e+00 2.749193460000e-02
4.971271010000e-02 1.847663400000e+00 2.729787490000e-02
4.955049600000e-02 1.846593380000e+00 2.727200090000e-02
4.930717500000e-02 1.845095400000e+00 2.702619140000e-02
4.914496090000e-02 1.844025370000e+00 2.691622080000e-02
4.890163990000e-02 1.842527630000e+00 2.680625210000e-02
4.873942580000e-02 1.841671470000e+00 2.671569400000e-02
4.849611970000e-02 1.839959620000e+00 2.643753960000e-02
4.833390560000e-02 1.839103700000e+00 2.621113140000e-02
4.809058460000e-02 1.837605710000e+00 2.623701100000e-02
4.792837050000e-02 1.836535690000e+00 2.600413750000e-02
4.776615650000e-02 1.835037710000e+00 2.588769980000e-02
4.752283540000e-02 1.833967920000e+00 2.588769980000e-02
4.736062140000e-02 1.832469940000e+00 2.563266270000e-02
4.719840740000e-02 1.831399920000e+00 2.552747540000e-02
4.687397930000e-02 1.830116030000e+00 2.535281330000e-02
4.679288720000e-02 1.829046010000e+00 2.523399140000e-02
4.654956610000e-02 1.827548030000e+00 2.505802740000e-02
4.630624500000e-02 1.826478240000e+00 2.494440040000e-02
4.614403100000e-02 1.824980260000e+00 2.476583980000e-02
4.590070990000e-02 1.823910240000e+00 2.466130260000e-02
4.573849590000e-02 1.822840210000e+00 2.452040090000e-02
4.549517480000e-02 1.821342230000e+00 2.435028370000e-02
4.533296080000e-02 1.820486310000e+00 2.423795310000e-02
4.508963970000e-02 1.818560360000e+00 2.406978420000e-02
4.500854760000e-02 1.817918540000e+00 2.394771200000e-02
4.468411950000e-02 1.816206460000e+00 2.376590860000e-02
4.460301250000e-02 1.815350530000e+00 2.366916090000e-02
4.427858440000e-02 1.813638690000e+00 2.347436920000e-02
4.411637040000e-02 1.812782760000e+00 2.335944210000e-02
4.395415630000e-02 1.810856820000e+00 2.318672840000e-02
4.371083530000e-02 1.810000900000e+00 2.306465800000e-02
4.354862120000e-02 1.808502910000e+00 2.288220260000e-02
4.330530020000e-02 1.807432890000e+00 2.277376880000e-02
4.314310100000e-02 1.806149010000e+00 2.259585820000e-02
4.289978000000e-02 1.804864880000e+00 2.247119140000e-02
4.265645890000e-02 1.803367140000e+00 2.231406050000e-02
4.241313790000e-02 1.802297120000e+00 2.219653500000e-02
4.225092380000e-02 1.800799130000e+00 2.200303970000e-02
4.208870980000e-02 1.799515250000e+00 2.189655600000e-02
4.200760280000e-02 1.798659320000e+00 2.176669610000e-02
4.176428170000e-02 1.797161340000e+00 2.160047180000e-02
4.152096060000e-02 1.795877220000e+00 2.147191020000e-02
4.135876150000e-02 1.794807430000e+00 2.130503770000e-02
4.119654740000e-02 1.793523310000e+00 2.117387760000e-02
4.095322640000e-02 1.792025570000e+00 2.100700700000e-02
4.079101230000e-02 1.790955540000e+00 2.088428850000e-02
4.054769130000e-02 1.789243700000e+00 2.071481940000e-02
4.038547720000e-02 1.788173680000e+00 2.059339920000e-02
4.006104920000e-02 1.786675690000e+00 2.040834540000e-02
3.997994210000e-02 1.785605670000e+00 2.028173020000e-02
3.965552900000e-02 1.784107690000e+00 2.010511980000e-02
3.949331490000e-02 1.783037900000e+00 1.999473760000e-02
3.924999390000e-02 1.781539920000e+00 1.981098390000e-02
3.908777980000e-02 1.780469890000e+00 1.969800520000e-02
3.884445880000e-02 1.778971910000e+00 1.952334310000e-02
3.876335170000e-02 1.777902130000e+00 1.939802620000e-02
3.852003070000e-02 1.776832100000e+00 1.927790420000e-02
3.827670960000e-02 1.775334120000e+00 1.909739710000e-02
3.819560260000e-02 1.774264100000e+00 1.898701490000e-02
3.787118940000e-02 1.772552250000e+00 1.880585770000e-02
3.779008240000e-02 1.771482230000e+00 1.868898240000e-02
3.746565430000e-02 1.769770380000e+00 1.852990310000e-02
3.730344030000e-02 1.768914460000e+00 1.840718460000e-02
3.706011920000e-02 1.767202380000e+00 1.821174290000e-02
3.689790520000e-02 1.766346450000e+00 1.811045220000e-02
3.673569110000e-02 1.764634610000e+00 1.794422790000e-02
3.649237010000e-02 1.763564590000e+00 1.781306790000e-02
3.624904900000e-02 1.762066600000e+00 1.763191260000e-02
3.616794200000e-02 1.760996580000e+00 1.750464920000e-02
3.584352880000e-02 1.759498830000e+00 1.734751650000e-02
3.568131480000e-02 1.758214710000e+00 1.723388770000e-02
3.551910070000e-02 1.756716970000e+00 1.705597710000e-02
3.527577970000e-02 1.755646940000e+00 1.693131030000e-02
3.511356560000e-02 1.754148960000e+00 1.675534990000e-02
3.487024460000e-02 1.753078940000e+00 1.662938300000e-02
3.470803050000e-02 1.752009150000e+00 1.651056110000e-02
3.446470950000e-02 1.750297070000e+00 1.633070220000e-02
3.438360240000e-02 1.749441150000e+00 1.621058020000e-02
3.405918930000e-02 1.747515200000e+00 1.605539770000e-02
3.389697520000e-02 1.746659280000e+00 1.592618600000e-02
3.381586820000e-02 1.745161290000e+00 1.575282030000e-02
3.357254710000e-02 1.743877410000e+00 1.561516710000e-02
3.332922610000e-02 1.742379430000e+00 1.545024380000e-02
3.316701200000e-02 1.741309400000e+00 1.532297950000e-02
3.292369100000e-02 1.739383460000e+00 1.515805630000e-02
3.268036990000e-02 1.738313670000e+00 1.503144020000e-02
3.243706380000e-02 1.736815690000e+00 1.486067380000e-02
3.227484970000e-02 1.735959770000e+00 1.474639680000e-02
3.203152870000e-02 1.734033820000e+00 1.455744730000e-02
3.186931460000e-02 1.732963800000e+00 1.443537790000e-02
3.170710060000e-02 1.731679920000e+00 1.426915550000e-02
3.154488650000e-02 1.730181930000e+00 1.415552760000e-02
3.122045840000e-02 1.728898050000e+00 1.395359260000e-02
3.113935140000e-02 1.727613930000e+00 1.384191220000e-02
3.097713740000e-02 1.726544140000e+00 1.373477560000e-02
3.065272420000e-02 1.724832060000e+00 1.354647710000e-02
3.049051020000e-02 1.723762040000e+00 1.344064160000e-02
3.024718910000e-02 1.722050190000e+00 1.327247080000e-02
3.016608210000e-02 1.720766310000e+00 1.313611680000e-02
2.992276100000e-02 1.719268320000e+00 1.296664770000e-02
2.976054700000e-02 1.718412400000e+00 1.284068170000e-02
2.943611890000e-02 1.716700550000e+00 1.266407130000e-02
2.927390490000e-02 1.715416430000e+00 1.253940440000e-02
2.903058380000e-02 1.713918690000e+00 1.237253290000e-02
2.894949170000e-02 1.712634560000e+00 1.225435920000e-02
2.862506360000e-02 1.711350680000e+00 1.207774690000e-02
2.846284960000e-02 1.710066800000e+00 1.196152160000e-02
2.821952850000e-02 1.708782910000e+00 1.177841700000e-02
2.797620740000e-02 1.707284930000e+00 1.166803480000e-02
2.781399340000e-02 1.705572840000e+00 1.148363300000e-02
2.765177940000e-02 1.704503060000e+00 1.136675760000e-02
2.740845830000e-02 1.702790980000e+00 1.117910720000e-02
2.724624430000e-02 1.701720950000e+00 1.108171140000e-02
2.708404510000e-02 1.700437070000e+00 1.094925310000e-02
2.684072410000e-02 1.698939090000e+00 1.077459010000e-02
2.675961700000e-02 1.697869300000e+00 1.066485700000e-02
2.651629600000e-02 1.695943360000e+00 1.047590840000e-02
2.635408190000e-02 1.694873330000e+00 1.036552620000e-02
2.602965380000e-02 1.693375350000e+00 1.019021400000e-02
2.594854680000e-02 1.692305330000e+00 1.008178010000e-02
2.570522580000e-02 1.690593480000e+00 9.887637570000e-03
2.546190470000e-02 1.689523460000e+00 9.772061370000e-03
2.529970560000e-02 1.687811610000e+00 9.598696600000e-03
2.505638450000e-02 1.686527730000e+00 9.484417740000e-03
2.489417050000e-02 1.684815650000e+00 9.302612390000e-03
2.473195640000e-02 1.683745860000e+00 9.177945550000e-03
2.440752830000e-02 1.682033780000e+00 9.005229920000e-03
2.432642130000e-02 1.680963990000e+00 8.891602050000e-03
2.408310030000e-02 1.679038050000e+00 8.698108610000e-03
2.383977920000e-02 1.678181890000e+00 8.587726390000e-03
2.367756520000e-02 1.676256180000e+00 8.411765100000e-03
2.351536600000e-02 1.675186160000e+00 8.298785430000e-03
2.335315200000e-02 1.674116130000e+00 8.179312570000e-03
2.302872390000e-02 1.672404290000e+00 8.007896130000e-03
2.286650990000e-02 1.671120170000e+00 7.889072410000e-03
2.270429580000e-02 1.669622420000e+00 7.707916200000e-03
2.254208180000e-02 1.668338300000e+00 7.581301030000e-03
2.229876070000e-02 1.666626450000e+00 7.405338810000e-03
2.205543970000e-02 1.665342570000e+00 7.285867350000e-03
2.181213350000e-02 1.663630490000e+00 7.091725250000e-03
2.173102650000e-02 1.662774560000e+00 7.004716900000e-03
2.140659840000e-02 1.660848620000e+00 6.819015830000e-03
2.124438430000e-02 1.659564730000e+00 6.698245650000e-03
2.108217030000e-02 1.657852890000e+00 6.528776140000e-03
2.091995630000e-02 1.656782870000e+00 6.404109300000e-03
2.067663520000e-02 1.655070780000e+00 6.229445800000e-03
2.051442120000e-02 1.654001000000e+00 6.106077690000e-03
2.018999310000e-02 1.652075050000e+00 5.943101830000e-03
2.002779390000e-02 1.651005030000e+00 5.798956380000e-03
1.986557990000e-02 1.649293180000e+00 5.647018090000e-03
1.970336590000e-02 1.648223160000e+00 5.517156790000e-03
1.954115180000e-02 1.646939280000e+00 5.398334000000e-03
1.929783080000e-02 1.645013330000e+00 5.228215360000e-03
1.905450970000e-02 1.643943310000e+00 5.106146450000e-03
1.881118860000e-02 1.642017360000e+00 4.917198330000e-03
1.873008160000e-02 1.640947340000e+00 4.801622130000e-03
1.848676800000e-02 1.639235500000e+00 4.626958630000e-03
1.824344690000e-02 1.638165470000e+00 4.503589590000e-03
1.808123290000e-02 1.636453630000e+00 4.332173620000e-03
1.791901890000e-02 1.635169740000e+00 4.206857180000e-03
1.767570530000e-02 1.633457660000e+00 4.034141540000e-03
1.751349120000e-02 1.632173780000e+00 3.919214480000e-03
1.727017020000e-02 1.630461930000e+00 3.746498610000e-03
1.702684910000e-02 1.629391910000e+00 3.621832470000e-03
1.686464250000e-02 1.627465960000e+00 3.443273250000e-03
1.662132140000e-02 1.626182080000e+00 3.330294040000e-03
1.654021440000e-02 1.624684100000e+00 3.149786500000e-03
1.629689340000e-02 1.623400210000e+00 3.029664750000e-03
1.597247270000e-02 1.621688130000e+00 2.856300210000e-03
1.589136570000e-02 1.620618340000e+00 2.742671640000e-03
1.572915170000e-02 1.619120360000e+00 2.620602260000e-03
1.548583060000e-02 1.617194410000e+00 2.440744310000e-03
1.532361660000e-02 1.616338490000e+00 2.327115510000e-03
1.499919590000e-02 1.614412550000e+00 2.327115510000e-03
1.491808890000e-02 1.613128420000e+00 2.017996270000e-03
1.467476790000e-02 1.611630680000e+00 1.842212630000e-03
1.451255380000e-02 1.610346560000e+00 1.723916850000e-03
1.426923270000e-02 1.608420610000e+00 1.546831100000e-03
1.410702620000e-02 1.607136730000e+00 1.427753940000e-03
1.386370510000e-02 1.605424880000e+00 1.250928620000e-03
1.362038400000e-02 1.604141000000e+00 1.133218520000e-03
1.337706300000e-02 1.602428910000e+00 9.599740730000e-04
1.329596340000e-02 1.601145030000e+00 8.432407050000e-04
1.313374940000e-02 1.599861150000e+00 6.683033430000e-04
1.289042830000e-02 1.598363160000e+00 5.520256820000e-04
1.256600020000e-02 1.596651080000e+00 3.755910150000e-04
1.248489320000e-02 1.595367190000e+00 2.629592490000e-04
1.224157960000e-02 1.593441250000e+00 1.496764740000e-04
1.207936560000e-02 1.591515300000e+00 1.139337910000e-04
1.191715150000e-02 1.589589360000e+00 1.139337910000e-04
1.159272340000e-02 1.587021590000e+00 8.133215310000e-05
1.151162390000e-02 1.584667680000e+00 7.525968980000e-05
1.126830280000e-02 1.581671710000e+00 6.832992950000e-05
1.110608880000e-02 1.579531910000e+00 6.493323600000e-05
1.086276770000e-02 1.576535940000e+00 6.043895340000e-05
1.070055370000e-02 1.574609990000e+00 5.793202580000e-05
1.045724000000e-02 1.571186070000e+00 5.452234840000e-05
1.037613300000e-02 1.569260360000e+00 5.242459160000e-05
1.005170490000e-02 1.566050290000e+00 4.967736090000e-05
9.889490900000e-03 1.563696380000e+00 4.767701470000e-05
9.646177290000e-03 1.560486560000e+00 4.535194240000e-05
9.483963250000e-03 1.558132650000e+00 4.391013140000e-05
9.240642190000e-03 1.554708720000e+00 4.179937970000e-05
9.078428150000e-03 1.552354810000e+00 4.031211570000e-05
8.835114540000e-03 1.548931120000e+00 3.822084550000e-05
8.672900500000e-03 1.546577220000e+00 3.710376770000e-05
8.429579440000e-03 1.542939190000e+00 3.516837020000e-05
8.267365400000e-03 1.540585280000e+00 3.403181110000e-05
8.186258380000e-03 1.538445470000e+00 3.292123070000e-05
7.861837740000e-03 1.534593580000e+00 3.136252420000e-05
7.699623700000e-03 1.532239680000e+00 3.037533680000e-05
7.456302640000e-03 1.528173920000e+00 2.866725480000e-05
7.294088600000e-03 1.525605920000e+00 2.762811350000e-05
7.050774990000e-03 1.522181990000e+00 2.627723370000e-05
6.888560950000e-03 1.519400120000e+00 2.524458610000e-05
6.726346910000e-03 1.515120270000e+00 2.385473640000e-05
6.483025850000e-03 1.512552500000e+00 2.385473640000e-05
6.239704790000e-03 1.508272650000e+00 2.156641310000e-05
6.077498200000e-03 1.505490780000e+00 2.068429600000e-05
5.834177140000e-03 1.501424790000e+00 1.947544300000e-05
5.671963100000e-03 1.498214960000e+00 1.863294890000e-05
5.428642030000e-03 1.493935110000e+00 1.744553450000e-05
5.266435440000e-03 1.490939380000e+00 1.668488580000e-05
5.023114380000e-03 1.486231570000e+00 1.552604950000e-05
4.942007360000e-03 1.483021500000e+00 1.477904330000e-05
4.698686300000e-03 1.478313680000e+00 1.370985050000e-05
4.455365240000e-03 1.475103860000e+00 1.299791890000e-05
4.374265670000e-03 1.471466060000e+00 1.232041720000e-05
4.130944610000e-03 1.466330290000e+00 1.126226560000e-05
3.968730570000e-03 1.462906360000e+00 1.062114010000e-05
3.644302490000e-03 1.457128520000e+00 9.659774150000e-06
3.482095900000e-03 1.453276870000e+00 9.029039570000e-06
3.238774840000e-03 1.447284940000e+00 8.118342520000e-06
3.076560800000e-03 1.443219180000e+00 7.544770600000e-06
2.833239730000e-03 1.436799530000e+00 6.697079240000e-06
2.752132710000e-03 1.432305570000e+00 6.142995060000e-06
2.508819100000e-03 1.424815890000e+00 5.358962430000e-06
2.265498040000e-03 1.419893980000e+00 4.855545280000e-06
2.022176980000e-03 1.411762480000e+00 4.127376090000e-06
1.778855920000e-03 1.405984640000e+00 3.675924060000e-06
1.697756350000e-03 1.396569010000e+00 2.988677810000e-06
1.454435290000e-03 1.389079330000e+00 2.553465040000e-06
1.292221250000e-03 1.377523660000e+00 1.970150830000e-06
1.130007210000e-03 1.367894170000e+00 1.597946490000e-06
8.866861460000e-04 1.356980560000e+00 1.597946490000e-06
6.433725360000e-04 1.337079290000e+00 7.617665010000e-07
4.811584950000e-04 1.318675990000e+00 4.824304940000e-07
2.378374340000e-04 1.270527840000e+00 1.477051090000e-07
1.567304130000e-04 1.183861260000e+00 1.484783410000e-08
7.562339310000e-05 5.027258990000e-01 -8.393767900000e-10
7.562339310000e-05 6.682488320000e-02 -9.685044990000e-10
7.562339310000e-05 2.841383220000e-03 3.871975800000e-10
