#  J [A] 	 V 	 L [w] 
-5.483627320000e-06 1.343458890000e-03 -1.420405240000e-09
7.562339310000e-05 1.557439570000e-03 1.935059610000e-10
-5.483627320000e-06 1.557439570000e-03 -1.226713620000e-09
-5.483627320000e-06 1.557439570000e-03 -2.130514880000e-09
1.567304130000e-04 1.557439570000e-03 -1.420405240000e-09
7.562339310000e-05 1.557439570000e-03 -1.936869780000e-09
2.378374340000e-04 1.184075360000e+00 6.429179960000e-07
8.866861460000e-04 1.358264450000e+00 1.217083540000e-06
1.048900190000e-03 1.369178060000e+00 1.578147930000e-06
1.292221250000e-03 1.378593680000e+00 1.952059160000e-06
1.454435290000e-03 1.390363220000e+00 2.542299170000e-06
1.616649330000e-03 1.397639040000e+00 2.542299170000e-06
1.859962940000e-03 1.407268520000e+00 3.681121140000e-06
2.022176980000e-03 1.413260220000e+00 4.124777660000e-06
2.265498040000e-03 1.421391960000e+00 4.856195120000e-06
2.427712080000e-03 1.426313880000e+00 5.361561310000e-06
2.752132710000e-03 1.433589460000e+00 6.146892700000e-06
2.833239730000e-03 1.438297270000e+00 6.697079240000e-06
3.076560800000e-03 1.444503070000e+00 7.540222670000e-06
3.238774840000e-03 1.448782920000e+00 8.126136890000e-06
3.482095900000e-03 1.454560760000e+00 9.034236430000e-06
3.644302490000e-03 1.458840610000e+00 9.669517570000e-06
3.806516530000e-03 1.464190240000e+00 1.064127630000e-05
4.049837590000e-03 1.468042140000e+00 1.128694930000e-05
4.293158650000e-03 1.473177910000e+00 1.233210970000e-05
4.455365240000e-03 1.476601840000e+00 1.302130480000e-05
4.617579280000e-03 1.479811670000e+00 1.372868700000e-05
4.860900340000e-03 1.484947440000e+00 1.483036070000e-05
5.023114380000e-03 1.487943410000e+00 1.557931500000e-05
5.266435440000e-03 1.492865320000e+00 1.672775580000e-05
5.428642030000e-03 1.495861050000e+00 1.753582360000e-05
5.671963100000e-03 1.500568870000e+00 1.871479440000e-05
5.915284160000e-03 1.503136870000e+00 1.953975150000e-05
6.077498200000e-03 1.507416730000e+00 2.078627590000e-05
6.239704790000e-03 1.510412450000e+00 2.168008720000e-05
6.483025850000e-03 1.514264350000e+00 2.301625500000e-05
6.645239890000e-03 1.517046210000e+00 2.394319380000e-05
6.969667970000e-03 1.521540160000e+00 2.535860770000e-05
7.050774990000e-03 1.524107930000e+00 2.630113700000e-05
7.294088600000e-03 1.527745960000e+00 2.775032950000e-05
7.456302640000e-03 1.530741690000e+00 2.775032950000e-05
7.618516680000e-03 1.534593580000e+00 3.068708250000e-05
7.861837740000e-03 1.536947490000e+00 3.164828010000e-05
8.105151360000e-03 1.540585280000e+00 3.333039420000e-05
8.186258380000e-03 1.542939190000e+00 3.444746840000e-05
8.429579440000e-03 1.545507190000e+00 3.557753370000e-05
8.672900500000e-03 1.548931120000e+00 3.736355570000e-05
8.835114540000e-03 1.551285030000e+00 3.867546910000e-05
9.078428150000e-03 1.554922820000e+00 4.077323320000e-05
9.240642190000e-03 1.557062630000e+00 4.213060670000e-05
9.483963250000e-03 1.560486560000e+00 4.455959790000e-05
9.646177290000e-03 1.562626600000e+00 4.605985670000e-05
9.889490900000e-03 1.566264390000e+00 4.852131680000e-05
1.005170490000e-02 1.568618300000e+00 5.037228400000e-05
1.029502600000e-02 1.571828130000e+00 5.346372930000e-05
1.045724000000e-02 1.573754070000e+00 5.566540860000e-05
1.061945410000e-02 1.576963900000e+00 5.942579450000e-05
1.086276770000e-02 1.579317810000e+00 6.243929970000e-05
1.110608880000e-02 1.582313780000e+00 6.735572970000e-05
1.118719580000e-02 1.584453580000e+00 7.146682040000e-05
1.151162390000e-02 1.587449550000e+00 8.002024700000e-05
1.167383040000e-02 1.589375500000e+00 8.853470350000e-05
1.191715150000e-02 1.592371230000e+00 1.115906130000e-04
1.207936560000e-02 1.594297170000e+00 1.474279560000e-04
1.224157960000e-02 1.595795150000e+00 2.186934580000e-04
1.248489320000e-02 1.597293140000e+00 2.186934580000e-04
1.256600020000e-02 1.598791120000e+00 4.940170910000e-04
1.289042830000e-02 1.600289110000e+00 6.692800090000e-04
1.305264230000e-02 1.601787090000e+00 7.872503480000e-04
1.321485640000e-02 1.603498940000e+00 9.618621550000e-04
1.337706300000e-02 1.604568960000e+00 1.078074570000e-03
1.370149110000e-02 1.606494900000e+00 1.255420850000e-03
1.386370510000e-02 1.607564690000e+00 1.375149000000e-03
1.410702620000e-02 1.609490630000e+00 1.552625440000e-03
1.426923270000e-02 1.610560660000e+00 1.675999490000e-03
1.451255380000e-02 1.612486600000e+00 1.855949990000e-03
1.459366080000e-02 1.613984580000e+00 1.977305630000e-03
1.491808890000e-02 1.615482330000e+00 2.154456450000e-03
1.499919590000e-02 1.616766450000e+00 2.267739500000e-03
1.540472360000e-02 1.618692400000e+00 2.450424250000e-03
1.548583060000e-02 1.619976280000e+00 2.567743650000e-03
1.572915170000e-02 1.621688130000e+00 2.739881170000e-03
1.581025870000e-02 1.622972250000e+00 2.863190370000e-03
1.605357230000e-02 1.624256130000e+00 2.863190370000e-03
1.629689340000e-02 1.625754120000e+00 3.179654710000e-03
1.645910740000e-02 1.627038000000e+00 3.291334960000e-03
1.662132140000e-02 1.628963950000e+00 3.471193140000e-03
1.686464250000e-02 1.630247830000e+00 3.575082640000e-03
1.702684910000e-02 1.631745820000e+00 3.767277110000e-03
1.735127720000e-02 1.633243800000e+00 3.879606960000e-03
1.751349120000e-02 1.635169740000e+00 4.055568950000e-03
1.767570530000e-02 1.636239530000e+00 4.173093010000e-03
1.791901890000e-02 1.637737510000e+00 4.354898820000e-03
1.808123290000e-02 1.639235500000e+00 4.463982300000e-03
1.832455400000e-02 1.641161440000e+00 4.642541520000e-03
1.848676800000e-02 1.642017360000e+00 4.763312640000e-03
1.864898200000e-02 1.643943310000e+00 4.947714970000e-03
1.881118860000e-02 1.645227190000e+00 5.058746780000e-03
1.905450970000e-02 1.646725180000e+00 5.243799180000e-03
1.921672370000e-02 1.648223160000e+00 5.370413420000e-03
1.946004480000e-02 1.649935010000e+00 5.545726510000e-03
1.970336590000e-02 1.651219130000e+00 5.666497630000e-03
1.986557990000e-02 1.652288910000e+00 5.782073830000e-03
2.002779390000e-02 1.654001000000e+00 5.961931780000e-03
2.027110010000e-02 1.655070780000e+00 6.057380230000e-03
2.051442120000e-02 1.657210830000e+00 6.251521870000e-03
2.067663520000e-02 1.658280850000e+00 6.372942590000e-03
2.091995630000e-02 1.659992690000e+00 6.551502270000e-03
2.108217030000e-02 1.661062720000e+00 6.672922060000e-03
2.124438430000e-02 1.662774560000e+00 6.853428670000e-03
2.148770540000e-02 1.664058450000e+00 6.969005340000e-03
2.173102650000e-02 1.665770530000e+00 7.144967560000e-03
2.189322560000e-02 1.667054410000e+00 7.272231860000e-03
2.213654670000e-02 1.668766260000e+00 7.453388530000e-03
2.229876070000e-02 1.670050380000e+00 7.563121150000e-03
2.246097480000e-02 1.671762230000e+00 7.739732970000e-03
2.262318880000e-02 1.673046110000e+00 7.862451490000e-03
2.286650990000e-02 1.674544100000e+00 8.035166190000e-03
2.310983090000e-02 1.675827980000e+00 8.157885630000e-03
2.327204500000e-02 1.677540060000e+00 8.337094450000e-03
2.351536600000e-02 1.678823950000e+00 8.451372390000e-03
2.367756520000e-02 1.679893970000e+00 8.568246850000e-03
2.392088620000e-02 1.681605820000e+00 8.747454730000e-03
2.400199320000e-02 1.682675840000e+00 8.870175110000e-03
2.432642130000e-02 1.684173820000e+00 9.048084730000e-03
2.448863540000e-02 1.685671810000e+00 9.162361730000e-03
2.465084940000e-02 1.687169550000e+00 9.350662120000e-03
2.489417050000e-02 1.688453670000e+00 9.465589190000e-03
2.513749150000e-02 1.690165520000e+00 9.643497880000e-03
2.521859850000e-02 1.691235540000e+00 9.762321600000e-03
2.554301170000e-02 1.693161490000e+00 9.938283820000e-03
2.562411870000e-02 1.694017410000e+00 1.005321090000e-02
2.594854680000e-02 1.695729260000e+00 1.023891290000e-02
2.602965380000e-02 1.697013140000e+00 1.035189160000e-02
2.635408190000e-02 1.698725220000e+00 1.052525550000e-02
2.651629600000e-02 1.700009110000e+00 1.064472830000e-02
2.667851000000e-02 1.701507090000e+00 1.082134060000e-02
2.684072410000e-02 1.702790980000e+00 1.094081160000e-02
2.708404510000e-02 1.704503060000e+00 1.112781190000e-02
2.732735130000e-02 1.705786940000e+00 1.124079150000e-02
2.748956530000e-02 1.706642870000e+00 1.133688910000e-02
2.765177940000e-02 1.708354710000e+00 1.152778600000e-02
2.781399340000e-02 1.709424730000e+00 1.165375020000e-02
2.805731450000e-02 1.711136820000e+00 1.182711400000e-02
2.821952850000e-02 1.712420700000e+00 1.194269210000e-02
2.846284960000e-02 1.713918690000e+00 1.212644480000e-02
2.862506360000e-02 1.714988470000e+00 1.225695480000e-02
2.886838470000e-02 1.716700550000e+00 1.242317910000e-02
2.911169080000e-02 1.717770340000e+00 1.255368910000e-02
2.927390490000e-02 1.719268320000e+00 1.271147000000e-02
2.943611890000e-02 1.720552210000e+00 1.282704620000e-02
2.967944000000e-02 1.722264290000e+00 1.301989150000e-02
2.984165400000e-02 1.723334070000e+00 1.313027180000e-02
3.016608210000e-02 1.725046160000e+00 1.331922130000e-02
3.032829610000e-02 1.726115940000e+00 1.343220010000e-02
3.057161720000e-02 1.728041890000e+00 1.360037080000e-02
3.073383120000e-02 1.728898050000e+00 1.372828330000e-02
3.097713740000e-02 1.730395790000e+00 1.390749220000e-02
3.113935140000e-02 1.731679920000e+00 1.401722520000e-02
3.122045840000e-02 1.732749700000e+00 1.414059380000e-02
3.154488650000e-02 1.734461780000e+00 1.432369840000e-02
3.162599350000e-02 1.735317710000e+00 1.445810400000e-02
3.186931460000e-02 1.737029550000e+00 1.461588410000e-02
3.203152870000e-02 1.737885710000e+00 1.473925450000e-02
3.227484970000e-02 1.740025520000e+00 1.492041070000e-02
3.251817080000e-02 1.740881440000e+00 1.505351720000e-02
3.276147690000e-02 1.742807390000e+00 1.520935070000e-02
3.284258400000e-02 1.743877410000e+00 1.534051080000e-02
3.316701200000e-02 1.745161290000e+00 1.551517470000e-02
3.324811910000e-02 1.746017220000e+00 1.563594490000e-02
3.341033310000e-02 1.747943160000e+00 1.580931060000e-02
3.373476120000e-02 1.749013190000e+00 1.593008080000e-02
3.397808220000e-02 1.750725030000e+00 1.610604300000e-02
3.405918930000e-02 1.751795050000e+00 1.623070990000e-02
3.430251030000e-02 1.753293040000e+00 1.639953070000e-02
3.446470950000e-02 1.754363060000e+00 1.651056110000e-02
3.478913750000e-02 1.756074910000e+00 1.671704090000e-02
3.495135160000e-02 1.757144930000e+00 1.681508500000e-02
3.503245860000e-02 1.758000850000e+00 1.694105010000e-02
3.527577970000e-02 1.759712700000e+00 1.710272770000e-02
3.543799370000e-02 1.760996580000e+00 1.722739450000e-02
3.568131480000e-02 1.762494560000e+00 1.740400680000e-02
3.592463580000e-02 1.763564590000e+00 1.752867180000e-02
3.608684990000e-02 1.765276430000e+00 1.771307550000e-02
3.633015600000e-02 1.766132590000e+00 1.783384760000e-02
3.649237010000e-02 1.767844440000e+00 1.799292680000e-02
3.673569110000e-02 1.768914460000e+00 1.810915210000e-02
3.697901220000e-02 1.770626310000e+00 1.828706260000e-02
3.706011920000e-02 1.771696330000e+00 1.838575680000e-02
3.730344030000e-02 1.772980210000e+00 1.859223660000e-02
3.746565430000e-02 1.774264100000e+00 1.870131870000e-02
3.770897540000e-02 1.775762080000e+00 1.887338610000e-02
3.795228150000e-02 1.776832100000e+00 1.899675470000e-02
3.819560260000e-02 1.778543950000e+00 1.916882020000e-02
3.827670960000e-02 1.779613970000e+00 1.928764400000e-02
3.860113770000e-02 1.780897860000e+00 1.946165790000e-02
3.868224470000e-02 1.782181980000e+00 1.958048160000e-02
3.892556580000e-02 1.783037900000e+00 1.969865340000e-02
3.908777980000e-02 1.784749750000e+00 1.987396550000e-02
3.924999390000e-02 1.785605670000e+00 1.998694610000e-02
3.949331490000e-02 1.787317750000e+00 2.015187030000e-02
3.965552900000e-02 1.788173680000e+00 2.029212010000e-02
3.989883510000e-02 1.789671660000e+00 2.047132890000e-02
4.006104920000e-02 1.790955540000e+00 2.058171110000e-02
4.030437020000e-02 1.792239430000e+00 2.077195790000e-02
4.046658430000e-02 1.793523310000e+00 2.089013160000e-02
4.070990530000e-02 1.795021300000e+00 2.107128690000e-02
4.087211940000e-02 1.795877220000e+00 2.119335900000e-02
4.111544040000e-02 1.797589300000e+00 2.136607280000e-02
4.135876150000e-02 1.798659320000e+00 2.147580680000e-02
4.152096060000e-02 1.800371170000e+00 2.165566380000e-02
4.168317470000e-02 1.801227090000e+00 2.178098080000e-02
4.200760280000e-02 1.802725080000e+00 2.194395480000e-02
4.216981680000e-02 1.803795100000e+00 2.207251640000e-02
4.225092380000e-02 1.804651020000e+00 2.218679520000e-02
4.257535190000e-02 1.806362870000e+00 2.236990070000e-02
4.273756590000e-02 1.807432890000e+00 2.248677610000e-02
4.298088700000e-02 1.808930870000e+00 2.265624520000e-02
4.306199400000e-02 1.809786800000e+00 2.277701350000e-02
4.338640720000e-02 1.811498640000e+00 2.295167930000e-02
4.346751420000e-02 1.812568660000e+00 2.307569610000e-02
4.371083530000e-02 1.814066650000e+00 2.326399460000e-02
4.387304930000e-02 1.814922570000e+00 2.335749380000e-02
4.411637040000e-02 1.816420560000e+00 2.353735270000e-02
4.427858440000e-02 1.817490580000e+00 2.365292980000e-02
4.460301250000e-02 1.818988320000e+00 2.382759190000e-02
4.468411950000e-02 1.820058350000e+00 2.394252080000e-02
4.492744060000e-02 1.821556330000e+00 2.411588280000e-02
4.508963970000e-02 1.822626350000e+00 2.423145990000e-02
4.533296080000e-02 1.824124340000e+00 2.440677210000e-02
4.549517480000e-02 1.824980260000e+00 2.452754420000e-02
4.581960290000e-02 1.826692100000e+00 2.469117010000e-02
4.598181690000e-02 1.827548030000e+00 2.481453680000e-02
4.606292400000e-02 1.828403950000e+00 2.495219000000e-02
4.630624500000e-02 1.830116030000e+00 2.510932270000e-02
4.646845910000e-02 1.830971960000e+00 2.522489800000e-02
4.679288720000e-02 1.832469940000e+00 2.540216040000e-02
4.687397930000e-02 1.833753820000e+00 2.552617900000e-02
4.711730030000e-02 1.835037710000e+00 2.569499800000e-02
4.727951440000e-02 1.836107730000e+00 2.582355960000e-02
4.752283540000e-02 1.837605710000e+00 2.598913200000e-02
4.768504950000e-02 1.838461640000e+00 2.610340900000e-02
4.792837050000e-02 1.839959620000e+00 2.628521620000e-02
4.809058460000e-02 1.840815540000e+00 2.639689670000e-02
4.833390560000e-02 1.842313530000e+00 2.658324870000e-02
4.857722670000e-02 1.843383550000e+00 2.669752580000e-02
4.882053290000e-02 1.844667430000e+00 2.686049980000e-02
4.890163990000e-02 1.845523360000e+00 2.699361000000e-02
4.922606800000e-02 1.847021340000e+00 2.717541340000e-02
4.930717500000e-02 1.848519330000e+00 2.727930430000e-02
4.955049600000e-02 1.850017310000e+00 2.745656300000e-02
4.979381710000e-02 1.850659130000e+00 2.756305040000e-02
4.995603110000e-02 1.851729150000e+00 2.768252420000e-02
5.003713820000e-02 1.853227140000e+00 2.785199320000e-02
5.028045920000e-02 1.854297160000e+00 2.797341160000e-02
5.044265840000e-02 1.855581050000e+00 2.814677920000e-02
5.068597940000e-02 1.856436970000e+00 2.826494910000e-02
5.101040750000e-02 1.857934950000e+00 2.843896670000e-02
5.117262150000e-02 1.858790870000e+00 2.855584210000e-02
5.133483560000e-02 1.860502720000e+00 2.855584210000e-02
5.149704960000e-02 1.861572740000e+00 2.919319830000e-02
5.182147770000e-02 1.863070730000e+00 2.905088660000e-02
5.190258470000e-02 1.864140750000e+00 2.914145030000e-02
5.214590580000e-02 1.865424630000e+00 2.930316890000e-02
5.230810490000e-02 1.866494660000e+00 2.945841290000e-02
5.255142600000e-02 1.867992640000e+00 2.962013150000e-02
5.271364000000e-02 1.868848560000e+00 2.971716230000e-02
5.295696110000e-02 1.870132450000e+00 2.984653970000e-02
5.311917510000e-02 1.871202470000e+00 2.995650280000e-02
5.336249620000e-02 1.872700450000e+00 3.006647340000e-02
5.360581730000e-02 1.873556380000e+00 3.021525220000e-02
5.368692430000e-02 1.874626160000e+00 3.038343790000e-02
5.393024530000e-02 1.875910280000e+00 3.066159410000e-02
5.409244450000e-02 1.876766200000e+00 3.063572010000e-02
5.433576550000e-02 1.878478050000e+00 3.084271400000e-02
5.449797960000e-02 1.879548070000e+00 3.097209150000e-02
5.474130060000e-02 1.880618100000e+00 3.115968410000e-02
5.490351470000e-02 1.881687880000e+00 3.123730610000e-02
5.514683570000e-02 1.882972000000e+00 3.135374190000e-02
5.539015680000e-02 1.884041790000e+00 3.150252250000e-02
5.555237080000e-02 1.885539770000e+00 3.187770770000e-02
5.571458490000e-02 1.886395690000e+00 3.185183180000e-02
5.595789100000e-02 1.887893680000e+00 3.194238990000e-02
5.612010510000e-02 1.888749600000e+00 3.207176920000e-02
5.644453320000e-02 1.890247580000e+00 3.216879810000e-02
5.660674720000e-02 1.891103510000e+00 3.236285600000e-02
5.676896130000e-02 1.892387630000e+00 3.253104170000e-02
5.693117530000e-02 1.893671510000e+00 3.264101220000e-02
5.717449640000e-02 1.895169500000e+00 3.276391700000e-02
5.741781740000e-02 1.895811320000e+00 3.280919790000e-02
5.749892440000e-02 1.896881340000e+00 3.301619370000e-02
5.774223060000e-02 1.898165230000e+00 3.318437930000e-02
5.790444460000e-02 1.899235250000e+00 3.317791220000e-02
5.806665870000e-02 1.900519370000e+00 3.347547350000e-02
5.830997970000e-02 1.901589160000e+00 3.359837830000e-02
5.855330080000e-02 1.903087140000e+00 3.372775020000e-02
5.871551480000e-02 1.903729200000e+00 3.370187430000e-02
5.895883590000e-02 1.905227180000e+00 3.407058860000e-02
5.912104990000e-02 1.906511070000e+00 3.416115050000e-02
5.936435610000e-02 1.907794950000e+00 3.430993110000e-02
5.952657010000e-02 1.908650880000e+00 3.440049290000e-02
5.976989120000e-02 1.910148860000e+00 3.463983540000e-02
5.993210520000e-02 1.910790920000e+00 3.475626930000e-02
6.009431930000e-02 1.912288900000e+00 3.484683480000e-02
6.033764030000e-02 1.913358690000e+00 3.503442560000e-02
6.058096140000e-02 1.914856670000e+00 3.527376800000e-02
6.074317540000e-02 1.915498730000e+00 3.528670220000e-02
6.098649650000e-02 1.917210580000e+00 3.548723460000e-02
6.114871050000e-02 1.918066500000e+00 3.559073060000e-02
6.131090970000e-02 1.918922420000e+00 3.570070120000e-02
6.155423070000e-02 1.920420410000e+00 3.581713890000e-02
6.171644480000e-02 1.921062470000e+00 3.590769690000e-02
6.195976590000e-02 1.922560450000e+00 3.616644440000e-02
6.212197990000e-02 1.923416380000e+00 3.612763810000e-02
6.244640800000e-02 1.924914360000e+00 3.639285270000e-02
6.260862200000e-02 1.925984140000e+00 3.657397260000e-02
6.277083610000e-02 1.927268270000e+00 3.672274950000e-02
6.293305010000e-02 1.928124190000e+00 3.679390620000e-02
6.317635630000e-02 1.929194210000e+00 3.697503360000e-02
6.333857030000e-02 1.930264000000e+00 3.713027760000e-02
6.358189140000e-02 1.931761980000e+00 3.738902510000e-02
6.374410540000e-02 1.932617900000e+00 3.741490100000e-02
6.398742650000e-02 1.933902030000e+00 3.753780950000e-02
6.414964050000e-02 1.934757950000e+00 3.766718130000e-02
6.439296160000e-02 1.936255930000e+00 3.786124290000e-02
6.455517560000e-02 1.937325720000e+00 3.796473890000e-02
6.479848180000e-02 1.938609840000e+00 3.806824240000e-02
6.496069580000e-02 1.939465760000e+00 3.821701930000e-02
6.512290980000e-02 1.940535780000e+00 3.833992410000e-02
6.536623090000e-02 1.941819670000e+00 3.856633230000e-02
6.552844490000e-02 1.942675590000e+00 3.852105140000e-02
6.577176600000e-02 1.944173570000e+00 3.881860900000e-02
6.593398000000e-02 1.945029500000e+00 3.888329490000e-02
6.617730110000e-02 1.946313380000e+00 3.901266680000e-02
6.633951510000e-02 1.947169540000e+00 3.916144740000e-02
6.650172920000e-02 1.948453430000e+00 3.932316600000e-02
6.674503540000e-02 1.949309350000e+00 3.945254160000e-02
6.698835640000e-02 1.950807330000e+00 3.962719440000e-02
6.723167750000e-02 1.951663260000e+00 3.974363210000e-02
6.739389150000e-02 1.953161240000e+00 3.993122280000e-02
6.755610560000e-02 1.953589200000e+00 4.002178830000e-02
6.771831960000e-02 1.954873090000e+00 4.011881720000e-02
6.796164070000e-02 1.955943110000e+00 4.033227640000e-02
6.820496170000e-02 1.957226990000e+00 4.042284190000e-02
6.836716090000e-02 1.958082910000e+00 4.055221750000e-02
6.861048190000e-02 1.959580900000e+00 4.076568410000e-02
6.877269600000e-02 1.960436820000e+00 4.086918380000e-02
6.893491000000e-02 1.961292980000e+00 4.088212180000e-02
6.917823110000e-02 1.962790730000e+00 4.105030750000e-02
6.934044510000e-02 1.963860750000e+00 4.119262100000e-02
6.950265910000e-02 1.964930770000e+00 4.136727380000e-02
6.974598020000e-02 1.966000800000e+00 4.159367460000e-02
6.998930130000e-02 1.967284680000e+00 4.169070350000e-02
7.007040830000e-02 1.968140600000e+00 4.176186030000e-02
7.039482150000e-02 1.969638590000e+00 4.192357880000e-02
7.055703550000e-02 1.970280650000e+00 4.200767350000e-02
7.080035660000e-02 1.971564530000e+00 4.214998710000e-02
7.104367760000e-02 1.972420450000e+00 4.235697910000e-02
7.120589170000e-02 1.973704340000e+00 4.246048260000e-02
7.144921270000e-02 1.974560260000e+00 4.253810640000e-02
7.161142680000e-02 1.976058240000e+00 4.268688340000e-02
7.177364080000e-02 1.976914170000e+00 4.285506900000e-02
7.201694700000e-02 1.978198290000e+00 4.296503960000e-02
7.217916100000e-02 1.979268070000e+00 4.309441150000e-02
7.250358910000e-02 1.980338100000e+00 4.317850620000e-02
7.258469610000e-02 1.980980160000e+00 4.349546880000e-02
7.266580310000e-02 1.982050180000e+00 4.346312960000e-02
7.299023120000e-02 1.983334060000e+00 4.364424940000e-02
7.307133820000e-02 1.984189990000e+00 4.367012160000e-02
7.339576630000e-02 1.985473870000e+00 4.396121200000e-02
7.355798040000e-02 1.986329790000e+00 4.407118260000e-02
7.380128650000e-02 1.987613920000e+00 4.416821150000e-02
7.396350060000e-02 1.988683700000e+00 4.431052510000e-02
7.420682160000e-02 1.989753720000e+00 4.456927250000e-02
7.436903570000e-02 1.990823750000e+00 4.453045870000e-02
7.469346370000e-02 1.992321730000e+00 4.471805320000e-02
7.477457080000e-02 1.993177650000e+00 4.471805320000e-02
7.501789180000e-02 1.994675640000e+00 4.489270600000e-02
7.526121290000e-02 1.995317460000e+00 4.502854870000e-02
7.542342690000e-02 1.996601580000e+00 4.520320150000e-02
7.550451900000e-02 1.997457500000e+00 4.539726300000e-02
7.582894710000e-02 1.998955490000e+00 4.544901480000e-02
7.599116120000e-02 1.999597310000e+00 4.549429570000e-02
7.623448220000e-02 2.000881430000e+00 4.570775850000e-02
7.639669630000e-02 2.001737360000e+00 4.604413730000e-02
7.655891030000e-02 2.002593280000e+00 4.592769970000e-02
7.688333840000e-02 2.003877160000e+00 4.608941080000e-02
7.696444540000e-02 2.004733090000e+00 4.610235240000e-02
7.728885860000e-02 2.006017210000e+00 4.634815830000e-02
7.736996560000e-02 2.006873130000e+00 4.640638080000e-02
7.761328670000e-02 2.008157010000e+00 4.666512830000e-02
7.777550070000e-02 2.008799080000e+00 4.667806250000e-02
7.801882180000e-02 2.010082960000e+00 4.684624820000e-02
7.818103580000e-02 2.010725020000e+00 4.696915300000e-02
7.842435690000e-02 2.012223010000e+00 4.714381320000e-02
7.866767790000e-02 2.013078930000e+00 4.723437130000e-02
7.882989200000e-02 2.014148710000e+00 4.738315570000e-02
7.899210600000e-02 2.015004870000e+00 4.749311880000e-02
7.915430520000e-02 2.016502620000e+00 4.771305250000e-02
7.939762620000e-02 2.017358780000e+00 4.769365120000e-02
