#  J [A] 	 V 	 L [w] 
7.939762620000e-02 1.967712640000e+00 4.351487760000e-02
7.923541220000e-02 1.966642620000e+00 4.342431580000e-02
7.899210600000e-02 1.965144630000e+00 4.330141100000e-02
7.882989200000e-02 1.964502810000e+00 4.312675070000e-02
7.858657090000e-02 1.963218690000e+00 4.299737890000e-02
7.842435690000e-02 1.962148900000e+00 4.289388280000e-02
7.826214280000e-02 1.960436820000e+00 4.281625520000e-02
7.801882180000e-02 1.959795000000e+00 4.270629210000e-02
7.777550070000e-02 1.958297010000e+00 4.258985440000e-02
7.761328670000e-02 1.957441090000e+00 4.244754090000e-02
7.728885860000e-02 1.956156970000e+00 4.222114010000e-02
7.720776650000e-02 1.955087180000e+00 4.228582230000e-02
7.696444540000e-02 1.954017160000e+00 4.206588860000e-02
7.680223140000e-02 1.952733280000e+00 4.194945100000e-02
7.664001730000e-02 1.951663260000e+00 4.185242210000e-02
7.639669630000e-02 1.950593230000e+00 4.169717800000e-02
7.615337520000e-02 1.949737310000e+00 4.158074040000e-02
7.599116120000e-02 1.948025470000e+00 4.148371150000e-02
7.582894710000e-02 1.947383400000e+00 4.132845630000e-02
7.558562610000e-02 1.946099520000e+00 4.127670820000e-02
7.542342690000e-02 1.945029500000e+00 4.108911750000e-02
7.518010590000e-02 1.943745610000e+00 4.093386980000e-02
7.509899880000e-02 1.942889690000e+00 4.079802710000e-02
7.477457080000e-02 1.941177610000e+00 4.062337430000e-02
7.461235670000e-02 1.940535780000e+00 4.050693660000e-02
7.445014270000e-02 1.939037800000e+00 4.040990770000e-02
7.420682160000e-02 1.938181880000e+00 4.035815970000e-02
7.388239350000e-02 1.936897750000e+00 4.009293760000e-02
7.380128650000e-02 1.935827970000e+00 4.001531380000e-02
7.355798040000e-02 1.934757950000e+00 3.981478880000e-02
7.339576630000e-02 1.933474060000e+00 3.974363210000e-02
7.315244530000e-02 1.932404040000e+00 3.955603760000e-02
7.307133820000e-02 1.931334020000e+00 3.940726070000e-02
7.274691020000e-02 1.930050130000e+00 3.929729010000e-02
7.258469610000e-02 1.929194210000e+00 3.927141430000e-02
7.242248210000e-02 1.928124190000e+00 3.907735650000e-02
7.226026800000e-02 1.926840310000e+00 3.899973260000e-02
7.201694700000e-02 1.926198240000e+00 3.873451800000e-02
7.185474780000e-02 1.924700260000e+00 3.864395620000e-02
7.153031980000e-02 1.923844340000e+00 3.855985780000e-02
7.136810570000e-02 1.922560450000e+00 3.831405190000e-02
7.120589170000e-02 1.921490430000e+00 3.826876730000e-02
7.088146360000e-02 1.919992450000e+00 3.804883360000e-02
7.080035660000e-02 1.919136520000e+00 3.797121350000e-02
7.055703550000e-02 1.917852640000e+00 3.777067740000e-02
7.039482150000e-02 1.916782620000e+00 3.769952430000e-02
7.015150040000e-02 1.915712590000e+00 3.745371480000e-02
6.990819420000e-02 1.914642810000e+00 3.738902510000e-02
6.974598020000e-02 1.913358690000e+00 3.735668580000e-02
6.958376620000e-02 1.912288900000e+00 3.710440170000e-02
6.934044510000e-02 1.911004780000e+00 3.695562480000e-02
6.909712400000e-02 1.910362960000e+00 3.684566170000e-02
6.893491000000e-02 1.908864970000e+00 3.676156330000e-02
6.877269600000e-02 1.908009050000e+00 3.651575740000e-02
6.861048190000e-02 1.907152890000e+00 3.647694360000e-02
6.836716090000e-02 1.905869010000e+00 3.630875800000e-02
6.820496170000e-02 1.904798980000e+00 3.622466700000e-02
6.796164070000e-02 1.903515100000e+00 3.606294840000e-02
6.779942660000e-02 1.902445080000e+00 3.592710200000e-02
6.755610560000e-02 1.900947330000e+00 3.575891630000e-02
6.739389150000e-02 1.900305270000e+00 3.564248230000e-02
6.706946340000e-02 1.898807290000e+00 3.547429670000e-02
6.698835640000e-02 1.897951360000e+00 3.539667280000e-02
6.674503540000e-02 1.896667480000e+00 3.529964390000e-02
6.650172920000e-02 1.895597460000e+00 3.515086320000e-02
6.633951510000e-02 1.894313570000e+00 3.493739660000e-02
6.617730110000e-02 1.893457410000e+00 3.492445500000e-02
6.593398000000e-02 1.891959670000e+00 3.469805420000e-02
6.569065900000e-02 1.891103510000e+00 3.465924040000e-02
6.552844490000e-02 1.889819620000e+00 3.441989790000e-02
6.536623090000e-02 1.888963700000e+00 3.433581070000e-02
6.512290980000e-02 1.887679820000e+00 3.407058860000e-02
6.496069580000e-02 1.886823890000e+00 3.401237350000e-02
6.479848180000e-02 1.885539770000e+00 3.394121680000e-02
6.447406860000e-02 1.884255890000e+00 3.374069180000e-02
6.439296160000e-02 1.883399960000e+00 3.361131250000e-02
6.406853350000e-02 1.882116080000e+00 3.345606850000e-02
6.398742650000e-02 1.881046060000e+00 3.333963080000e-02
6.374410540000e-02 1.879976030000e+00 3.325553240000e-02
6.350078430000e-02 1.878906010000e+00 3.307441620000e-02
6.333857030000e-02 1.877408270000e+00 3.311969710000e-02
6.317635630000e-02 1.876338240000e+00 3.286741300000e-02
6.285194310000e-02 1.875054360000e+00 3.266041350000e-02
6.277083610000e-02 1.873984340000e+00 3.261513260000e-02
6.252751500000e-02 1.872700450000e+00 3.235638890000e-02
6.236530100000e-02 1.871630430000e+00 3.231757510000e-02
6.212197990000e-02 1.870346550000e+00 3.218173240000e-02
6.195976590000e-02 1.869490390000e+00 3.210410850000e-02
6.171644480000e-02 1.867992640000e+00 3.194886450000e-02
6.155423070000e-02 1.867136480000e+00 3.191651780000e-02
6.131090970000e-02 1.865852590000e+00 3.166424110000e-02
6.114871050000e-02 1.864996670000e+00 3.152192760000e-02
6.098649650000e-02 1.864140750000e+00 3.138608490000e-02
6.074317540000e-02 1.862642770000e+00 3.123730610000e-02
6.066206840000e-02 1.861786840000e+00 3.128258880000e-02
6.033764030000e-02 1.860288860000e+00 3.099796550000e-02
6.025653330000e-02 1.859004970000e+00 3.094621560000e-02
5.993210520000e-02 1.857934950000e+00 3.075215590000e-02
5.976989120000e-02 1.856864930000e+00 3.055162360000e-02
5.952657010000e-02 1.855794910000e+00 3.033168990000e-02
5.936435610000e-02 1.854725120000e+00 3.034462410000e-02
5.912104990000e-02 1.853441000000e+00 3.011822140000e-02
5.895883590000e-02 1.852585080000e+00 3.006000630000e-02
5.871551480000e-02 1.851301190000e+00 2.987241370000e-02
5.855330080000e-02 1.850017310000e+00 2.974303630000e-02
5.830997970000e-02 1.848733190000e+00 2.959425750000e-02
5.814776570000e-02 1.847877260000e+00 2.945841290000e-02
5.790444460000e-02 1.846593380000e+00 2.937432380000e-02
5.774223060000e-02 1.845737460000e+00 2.920613810000e-02
5.749892440000e-02 1.844239470000e+00 2.905088660000e-02
5.733671040000e-02 1.843383550000e+00 2.893444900000e-02
5.717449640000e-02 1.842313530000e+00 2.879861180000e-02
5.685006830000e-02 1.841029640000e+00 2.867570710000e-02
5.676896130000e-02 1.840173720000e+00 2.850752140000e-02
5.652564020000e-02 1.838675740000e+00 2.842342480000e-02
5.636342610000e-02 1.838033680000e+00 2.836520970000e-02
5.612010510000e-02 1.836321830000e+00 2.810646030000e-02
5.595789100000e-02 1.835679770000e+00 2.804177250000e-02
5.571458490000e-02 1.834395890000e+00 2.790592800000e-02
5.555237080000e-02 1.833112000000e+00 2.770540120000e-02
5.530904980000e-02 1.832041980000e+00 2.757602930000e-02
5.514683570000e-02 1.830757860000e+00 2.736902980000e-02
5.498462170000e-02 1.829688070000e+00 2.729787490000e-02
5.474130060000e-02 1.828832150000e+00 2.719437700000e-02
5.449797960000e-02 1.827548030000e+00 2.709087360000e-02
5.433576550000e-02 1.826478240000e+00 2.685153300000e-02
5.409244450000e-02 1.824980260000e+00 2.674803510000e-02
5.393024530000e-02 1.824124340000e+00 2.656690960000e-02
5.368692430000e-02 1.822840210000e+00 2.646341360000e-02
5.352471020000e-02 1.821770430000e+00 2.630169500000e-02
5.344360320000e-02 1.820914270000e+00 2.621760410000e-02
5.311917510000e-02 1.819416520000e+00 2.605588550000e-02
5.303806810000e-02 1.818560360000e+00 2.593944970000e-02
5.271364000000e-02 1.817062620000e+00 2.593944970000e-02
5.255142600000e-02 1.815992590000e+00 2.571577580000e-02
5.230810490000e-02 1.814708710000e+00 2.557682250000e-02
5.214590580000e-02 1.814066650000e+00 2.547877650000e-02
5.190258470000e-02 1.812354800000e+00 2.531125770000e-02
5.174037070000e-02 1.811498640000e+00 2.519762890000e-02
5.149704960000e-02 1.810000900000e+00 2.504893760000e-02
5.133483560000e-02 1.808930870000e+00 2.493400870000e-02
5.117262150000e-02 1.807646990000e+00 2.477298120000e-02
5.092930050000e-02 1.806790830000e+00 2.466974220000e-02
5.076708640000e-02 1.805078980000e+00 2.450027320000e-02
5.052376540000e-02 1.804223060000e+00 2.437690460000e-02
5.028045920000e-02 1.802939180000e+00 2.422756520000e-02
5.011824520000e-02 1.802083020000e+00 2.410614680000e-02
4.979381710000e-02 1.800585270000e+00 2.393862420000e-02
4.971271010000e-02 1.799729110000e+00 2.383019030000e-02
4.955049600000e-02 1.798873190000e+00 2.372435290000e-02
4.930717500000e-02 1.797375200000e+00 2.356397360000e-02
4.914496090000e-02 1.796305420000e+00 2.346657780000e-02
4.890163990000e-02 1.795021300000e+00 2.328866720000e-02
4.873942580000e-02 1.793951510000e+00 2.317698860000e-02
4.849611970000e-02 1.792667390000e+00 2.301660740000e-02
4.833390560000e-02 1.791811470000e+00 2.291012370000e-02
4.809058460000e-02 1.790527580000e+00 2.272961470000e-02
4.792837050000e-02 1.789671660000e+00 2.262312730000e-02
4.776615650000e-02 1.787959580000e+00 2.245625670000e-02
4.752283540000e-02 1.787103650000e+00 2.234587630000e-02
4.727951440000e-02 1.785605670000e+00 2.217640730000e-02
4.711730030000e-02 1.784749750000e+00 2.206861970000e-02
4.695508630000e-02 1.783465860000e+00 2.190954240000e-02
4.671178010000e-02 1.782609940000e+00 2.179980840000e-02
4.646845910000e-02 1.781111960000e+00 2.161865310000e-02
4.638735200000e-02 1.780256030000e+00 2.151151750000e-02
4.606292400000e-02 1.778971910000e+00 2.135373470000e-02
4.598181690000e-02 1.777688030000e+00 2.124270420000e-02
4.573849590000e-02 1.776618000000e+00 2.112712710000e-02
4.549517480000e-02 1.775334120000e+00 2.095376510000e-02
4.533296080000e-02 1.774264100000e+00 2.084143460000e-02
4.508963970000e-02 1.772980210000e+00 2.068559830000e-02
4.492744060000e-02 1.771910190000e+00 2.055314180000e-02
4.468411950000e-02 1.770412450000e+00 2.037912790000e-02
4.452190550000e-02 1.769556280000e+00 2.027588710000e-02
4.427858440000e-02 1.768272400000e+00 2.011096480000e-02
4.419747740000e-02 1.766988520000e+00 2.000123080000e-02
4.387304930000e-02 1.765918490000e+00 1.984734460000e-02
4.371083530000e-02 1.764634610000e+00 1.971748470000e-02
4.346751420000e-02 1.763564590000e+00 1.955645530000e-02
4.338640720000e-02 1.762708660000e+00 1.944217830000e-02
4.306199400000e-02 1.760996580000e+00 1.927335930000e-02
4.289978000000e-02 1.759926800000e+00 1.915908230000e-02
4.265645890000e-02 1.758642670000e+00 1.899545640000e-02
4.257535190000e-02 1.757786750000e+00 1.889351380000e-02
4.225092380000e-02 1.755860810000e+00 1.872080010000e-02
4.208870980000e-02 1.755218980000e+00 1.861561090000e-02
4.192649570000e-02 1.754363060000e+00 1.850393230000e-02
4.176428170000e-02 1.753078940000e+00 1.832797010000e-02
4.152096060000e-02 1.751795050000e+00 1.822992410000e-02
4.135876150000e-02 1.750297070000e+00 1.805785860000e-02
4.119654740000e-02 1.749441150000e+00 1.794812460000e-02
4.087211940000e-02 1.748157260000e+00 1.778255220000e-02
4.070990530000e-02 1.747301340000e+00 1.767217000000e-02
4.046658430000e-02 1.745803360000e+00 1.750140080000e-02
4.030437020000e-02 1.744733330000e+00 1.739166860000e-02
3.997994210000e-02 1.743449450000e+00 1.722674630000e-02
3.989883510000e-02 1.742165330000e+00 1.713454540000e-02
3.965552900000e-02 1.741095540000e+00 1.692416890000e-02
3.949331490000e-02 1.740025520000e+00 1.683326620000e-02
3.924999390000e-02 1.738527540000e+00 1.665405740000e-02
3.908777980000e-02 1.737457510000e+00 1.653913040000e-02
3.884445880000e-02 1.736173630000e+00 1.636381630000e-02
3.868224470000e-02 1.735103610000e+00 1.625473420000e-02
3.860113770000e-02 1.734461780000e+00 1.616058500000e-02
3.827670960000e-02 1.732749700000e+00 1.598592100000e-02
3.819560260000e-02 1.731893780000e+00 1.587359230000e-02
3.787118940000e-02 1.730395790000e+00 1.572684760000e-02
3.770897540000e-02 1.729539870000e+00 1.558075470000e-02
3.746565430000e-02 1.728041890000e+00 1.543206260000e-02
3.730344030000e-02 1.727185960000e+00 1.531973390000e-02
3.706011920000e-02 1.725474120000e+00 1.513792760000e-02
3.697901220000e-02 1.724618200000e+00 1.503338850000e-02
3.665458410000e-02 1.723334070000e+00 1.486586780000e-02
3.649237010000e-02 1.722264290000e+00 1.474444850000e-02
3.624904900000e-02 1.720980170000e+00 1.459056230000e-02
3.608684990000e-02 1.719910380000e+00 1.446264980000e-02
3.584352880000e-02 1.718412400000e+00 1.429837480000e-02
3.576242180000e-02 1.717128520000e+00 1.418669340000e-02
3.543799370000e-02 1.715630530000e+00 1.402891240000e-02
3.527577970000e-02 1.714774610000e+00 1.390879140000e-02
3.511356560000e-02 1.713276620000e+00 1.374062060000e-02
3.487024460000e-02 1.712420700000e+00 1.363023840000e-02
3.478913750000e-02 1.711564780000e+00 1.351336390000e-02
3.446470950000e-02 1.709638830000e+00 1.334324480000e-02
3.438360240000e-02 1.708996770000e+00 1.322377290000e-02
3.405918930000e-02 1.707498790000e+00 1.307118590000e-02
3.389697520000e-02 1.706429000000e+00 1.294716910000e-02
3.365365420000e-02 1.704716920000e+00 1.277964750000e-02
3.357254710000e-02 1.703861000000e+00 1.267121360000e-02
3.324811910000e-02 1.702149150000e+00 1.249719880000e-02
3.316701200000e-02 1.701507090000e+00 1.239525710000e-02
3.292369100000e-02 1.699581150000e+00 1.222189330000e-02
3.268036990000e-02 1.699153180000e+00 1.211605690000e-02
3.243706380000e-02 1.697655200000e+00 1.194723700000e-02
3.227484970000e-02 1.696799280000e+00 1.184724360000e-02
3.211263570000e-02 1.694873330000e+00 1.166284080000e-02
3.186931460000e-02 1.694017410000e+00 1.154142060000e-02
3.162599350000e-02 1.692733530000e+00 1.138623620000e-02
3.146377950000e-02 1.691877370000e+00 1.126286850000e-02
3.122045840000e-02 1.690165520000e+00 1.109534690000e-02
3.113935140000e-02 1.689309600000e+00 1.099535450000e-02
3.089603040000e-02 1.688239570000e+00 1.087458250000e-02
3.073383120000e-02 1.686741590000e+00 1.069602370000e-02
3.057161720000e-02 1.685671810000e+00 1.059732870000e-02
3.024718910000e-02 1.684387680000e+00 1.041227770000e-02
3.016608210000e-02 1.683317900000e+00 1.030189450000e-02
2.984165400000e-02 1.681819920000e+00 1.013242550000e-02
2.967944000000e-02 1.680749890000e+00 1.001490090000e-02
2.943611890000e-02 1.679038050000e+00 9.846730160000e-03
2.927390490000e-02 1.678181890000e+00 9.727259170000e-03
2.911169080000e-02 1.676898000000e+00 9.554544460000e-03
2.886838470000e-02 1.675827980000e+00 9.449355300000e-03
2.862506360000e-02 1.674330230000e+00 9.276640600000e-03
2.846284960000e-02 1.673474070000e+00 9.166258390000e-03
2.830063550000e-02 1.671976330000e+00 9.013671430000e-03
2.805731450000e-02 1.670906310000e+00 8.874719960000e-03
2.789510040000e-02 1.669408320000e+00 8.715639820000e-03
2.773288640000e-02 1.668552400000e+00 8.587726390000e-03
2.748956530000e-02 1.667268510000e+00 8.431243710000e-03
2.732735130000e-02 1.665984390000e+00 8.315018380000e-03
2.708404510000e-02 1.664914610000e+00 8.231257090000e-03
2.692183110000e-02 1.663202520000e+00 8.021531630000e-03
2.667851000000e-02 1.662346600000e+00 7.921538320000e-03
2.651629600000e-02 1.660848620000e+00 7.760510310000e-03
2.627297490000e-02 1.660206790000e+00 7.626103240000e-03
2.611076090000e-02 1.658280850000e+00 7.468971890000e-03
2.594854680000e-02 1.657424690000e+00 7.365082390000e-03
2.570522580000e-02 1.655712840000e+00 7.198210810000e-03
2.554301170000e-02 1.654642820000e+00 7.074193560000e-03
2.529970560000e-02 1.653145070000e+00 6.913165100000e-03
2.505638450000e-02 1.652075050000e+00 6.820964160000e-03
2.489417050000e-02 1.650791170000e+00 6.613834760000e-03
2.473195640000e-02 1.649721150000e+00 6.509297530000e-03
2.440752830000e-02 1.648223160000e+00 6.339178420000e-03
2.424531430000e-02 1.647153140000e+00 6.227497940000e-03
2.408310030000e-02 1.645655160000e+00 6.054782310000e-03
2.383977920000e-02 1.644585370000e+00 5.940504840000e-03
2.359647300000e-02 1.642873290000e+00 5.784671290000e-03
2.343425900000e-02 1.642017360000e+00 5.669743750000e-03
2.335315200000e-02 1.641161440000e+00 5.552868820000e-03
2.302872390000e-02 1.639663460000e+00 5.385997240000e-03
2.294761690000e-02 1.638593440000e+00 5.269121840000e-03
2.270429580000e-02 1.637095690000e+00 5.113937890000e-03
2.254208180000e-02 1.636025670000e+00 4.989271050000e-03
2.221765370000e-02 1.634527680000e+00 4.812010560000e-03
2.213654670000e-02 1.633457660000e+00 4.704874940000e-03
2.189322560000e-02 1.631745820000e+00 4.523718730000e-03
2.173102650000e-02 1.631103750000e+00 4.410089920000e-03
2.148770540000e-02 1.629605770000e+00 4.232179840000e-03
2.132549140000e-02 1.628535990000e+00 4.132186530000e-03
2.108217030000e-02 1.626823900000e+00 3.970509860000e-03
2.091995630000e-02 1.625967980000e+00 3.847141750000e-03
2.067663520000e-02 1.624256130000e+00 3.669880560000e-03
2.051442120000e-02 1.623614070000e+00 3.554953730000e-03
2.018999310000e-02 1.621688130000e+00 3.379640870000e-03
2.010888610000e-02 1.620618340000e+00 3.258869750000e-03
1.986557990000e-02 1.619120360000e+00 3.105633430000e-03
1.962225880000e-02 1.618264440000e+00 2.998498500000e-03
1.946004480000e-02 1.617194410000e+00 2.880324380000e-03
1.921672370000e-02 1.615696430000e+00 2.697220540000e-03
1.905450970000e-02 1.614412550000e+00 2.587487690000e-03
1.881118860000e-02 1.613128420000e+00 2.414122460000e-03
1.864898200000e-02 1.611844540000e+00 2.303740940000e-03
1.848676800000e-02 1.610346560000e+00 2.303740940000e-03
1.824344690000e-02 1.609276770000e+00 2.008621350000e-03
1.808123290000e-02 1.607778790000e+00 1.840259530000e-03
1.791901890000e-02 1.606708770000e+00 1.725869950000e-03
1.767570530000e-02 1.605210780000e+00 1.549044620000e-03
1.743238420000e-02 1.604354860000e+00 1.444616240000e-03
1.727017020000e-02 1.602856870000e+00 1.280486350000e-03
1.710795610000e-02 1.601572990000e+00 1.166617500000e-03
1.686464250000e-02 1.600075010000e+00 9.966281940000e-04
1.670242850000e-02 1.599004980000e+00 8.793738670000e-04
1.645910740000e-02 1.597507240000e+00 7.091893930000e-04
1.629689340000e-02 1.596437220000e+00 5.965576270000e-04
1.605357230000e-02 1.594939230000e+00 4.268286870000e-04
1.589136570000e-02 1.594083310000e+00 3.210980790000e-04
1.564804460000e-02 1.593013290000e+00 2.289093250000e-04
1.540472360000e-02 1.590659380000e+00 1.552103640000e-04
1.532361660000e-02 1.588947530000e+00 1.322933970000e-04
1.508030300000e-02 1.586593630000e+00 1.322933970000e-04
1.491808890000e-02 1.585309510000e+00 1.015239470000e-04
1.459366080000e-02 1.582741740000e+00 9.209375280000e-05
1.451255380000e-02 1.581243750000e+00 8.750854610000e-05
1.426923270000e-02 1.578461890000e+00 8.163091120000e-05
1.410702620000e-02 1.576750040000e+00 7.809783710000e-05
1.386370510000e-02 1.574396130000e+00 7.396076400000e-05
1.370149110000e-02 1.572470190000e+00 7.138888760000e-05
1.345817000000e-02 1.569902180000e+00 6.801818380000e-05
1.321485640000e-02 1.567976240000e+00 6.597887110000e-05
1.305264230000e-02 1.565408470000e+00 6.314071650000e-05
1.289042830000e-02 1.563482520000e+00 6.143912470000e-05
1.264710720000e-02 1.560914520000e+00 5.887374940000e-05
1.240379360000e-02 1.558988570000e+00 5.719163890000e-05
1.224157960000e-02 1.556420800000e+00 5.515232990000e-05
1.199825850000e-02 1.554708720000e+00 5.374948520000e-05
1.191715150000e-02 1.552568910000e+00 5.230119500000e-05
1.167383040000e-02 1.549787040000e+00 5.033331760000e-05
1.151162390000e-02 1.547861100000e+00 4.912531950000e-05
1.126830280000e-02 1.545079230000e+00 4.730032740000e-05
1.110608880000e-02 1.543153290000e+00 4.602089030000e-05
1.086276770000e-02 1.540157320000e+00 4.443620130000e-05
1.078166070000e-02 1.538231370000e+00 4.318273570000e-05
1.045724000000e-02 1.535021540000e+00 4.165650170000e-05
1.029502600000e-02 1.533309700000e+00 4.064983660000e-05
1.005170490000e-02 1.530099870000e+00 3.913009280000e-05
9.889490900000e-03 1.527959820000e+00 3.800002740000e-05
9.646177290000e-03 1.524963860000e+00 3.648028720000e-05
9.483963250000e-03 1.523038150000e+00 3.563598150000e-05
9.240642190000e-03 1.519614220000e+00 3.414871390000e-05
9.078428150000e-03 1.517474170000e+00 3.334338180000e-05
8.835114540000e-03 1.514050480000e+00 3.192755320000e-05
8.591793480000e-03 1.511696580000e+00 3.108325110000e-05
8.429579440000e-03 1.508486510000e+00 2.972587750000e-05
8.267365400000e-03 1.506132600000e+00 2.884910280000e-05
8.105151360000e-03 1.503992800000e+00 2.810871410000e-05
7.780730720000e-03 1.500568870000e+00 2.679680070000e-05
7.699623700000e-03 1.498429060000e+00 2.603043690000e-05
7.456302640000e-03 1.494577170000e+00 2.482243510000e-05
7.375195620000e-03 1.492009160000e+00 2.394566040000e-05
7.050774990000e-03 1.488585470000e+00 2.394566040000e-05
6.888560950000e-03 1.486231570000e+00 2.202176260000e-05
6.645239890000e-03 1.482165580000e+00 2.089280860000e-05
6.483025850000e-03 1.479383710000e+00 2.017892800000e-05
6.239704790000e-03 1.475531820000e+00 1.909219650000e-05
6.077498200000e-03 1.472964050000e+00 1.835103650000e-05
5.834177140000e-03 1.468898060000e+00 1.732341480000e-05
5.671963100000e-03 1.465902330000e+00 1.662902100000e-05
5.428642030000e-03 1.461836340000e+00 1.564232300000e-05
5.266435440000e-03 1.458412650000e+00 1.496027470000e-05
5.104221400000e-03 1.454346660000e+00 1.396448170000e-05
4.860900340000e-03 1.451136830000e+00 1.334154330000e-05
4.617579280000e-03 1.446643110000e+00 1.238537520000e-05
4.536472260000e-03 1.443005080000e+00 1.177542710000e-05
4.293158650000e-03 1.439795260000e+00 1.116288150000e-05
4.049837590000e-03 1.434445620000e+00 1.023399450000e-05
3.968730570000e-03 1.430807590000e+00 9.668217900000e-06
3.725409510000e-03 1.425457950000e+00 8.801041080000e-06
3.563195470000e-03 1.421391960000e+00 8.239161620000e-06
3.238774840000e-03 1.415400270000e+00 7.418103450000e-06
3.076560800000e-03 1.411334510000e+00 6.882207800000e-06
2.833239730000e-03 1.404700760000e+00 6.126106650000e-06
2.752132710000e-03 1.399992940000e+00 5.610996140000e-06
2.427712080000e-03 1.392717120000e+00 4.888673170000e-06
2.346605060000e-03 1.387581350000e+00 4.425529820000e-06
2.022176980000e-03 1.379235740000e+00 3.743479740000e-06
1.859962940000e-03 1.373029950000e+00 3.326455040000e-06
1.616649330000e-03 1.362972260000e+00 2.693122720000e-06
1.535542310000e-03 1.355268480000e+00 2.286491740000e-06
1.130007210000e-03 1.342429160000e+00 1.744749280000e-06
1.048900190000e-03 1.332157610000e+00 1.401775530000e-06
8.866861460000e-04 1.320387840000e+00 1.401775530000e-06
6.433725360000e-04 1.297918800000e+00 6.330408840000e-07
4.811584950000e-04 1.275877710000e+00 3.814641900000e-07
3.189444540000e-04 1.217885970000e+00 9.618903360000e-08
7.562339310000e-05 1.101688390000e+00 6.197249820000e-09
7.562339310000e-05 3.484379050000e-01 -3.874760790000e-10
7.562339310000e-05 1.557439570000e-03 4.517150260000e-10
-5.483627320000e-06 1.557439570000e-03 -9.039406450000e-10
