#  J [A] 	 V 	 L [w] 
7.562339310000e-05 1.557439570000e-03 -1.678614250000e-09
-5.483627320000e-06 1.557439570000e-03 -1.033068410000e-09
-5.483627320000e-06 1.557439570000e-03 -1.420405240000e-09
7.562339310000e-05 1.557439570000e-03 -1.807742070000e-09
-5.483627320000e-06 1.557439570000e-03 -1.226713620000e-09
-5.483627320000e-06 1.557439570000e-03 -1.291277420000e-09
7.562339310000e-05 9.617379310000e-01 3.940527340000e-07
8.866861460000e-04 1.363614320000e+00 1.234513660000e-06
1.130007210000e-03 1.374527930000e+00 1.603453940000e-06
1.211114230000e-03 1.383943560000e+00 1.981174140000e-06
1.454435290000e-03 1.395713090000e+00 2.580839460000e-06
1.616649330000e-03 1.402988670000e+00 2.580839460000e-06
1.859962940000e-03 1.412404300000e+00 3.704505620000e-06
2.022176980000e-03 1.418182130000e+00 4.178042670000e-06
2.265498040000e-03 1.426527740000e+00 4.918553710000e-06
2.427712080000e-03 1.431449650000e+00 5.427168160000e-06
2.671025690000e-03 1.438725230000e+00 6.230688090000e-06
2.914346750000e-03 1.443005080000e+00 6.799062250000e-06
3.076560800000e-03 1.449852940000e+00 7.624018510000e-06
3.238774840000e-03 1.453704830000e+00 8.230067580000e-06
3.482095900000e-03 1.459910390000e+00 9.139466780000e-06
3.644302490000e-03 1.463976380000e+00 9.792935090000e-06
3.968730570000e-03 1.469326260000e+00 1.076599350000e-05
4.130944610000e-03 1.473177910000e+00 1.143050490000e-05
4.293158650000e-03 1.478741880000e+00 1.249515120000e-05
4.536472260000e-03 1.481951710000e+00 1.319084280000e-05
4.617579280000e-03 1.485375400000e+00 1.390796930000e-05
4.942007360000e-03 1.490083220000e+00 1.502912800000e-05
5.104221400000e-03 1.493293290000e+00 1.578847700000e-05
5.266435440000e-03 1.498429060000e+00 1.696874820000e-05
5.428642030000e-03 1.501424790000e+00 1.777811300000e-05
5.753070120000e-03 1.505918740000e+00 1.901164800000e-05
5.834177140000e-03 1.508700610000e+00 1.985544260000e-05
6.077498200000e-03 1.512980460000e+00 2.112340550000e-05
6.320811810000e-03 1.516190290000e+00 2.204319750000e-05
6.564132870000e-03 1.520470140000e+00 2.340729770000e-05
6.645239890000e-03 1.523038150000e+00 2.433228470000e-05
6.888560950000e-03 1.527103900000e+00 2.582954770000e-05
7.050774990000e-03 1.529671670000e+00 2.682988630000e-05
7.294088600000e-03 1.533523560000e+00 2.831610440000e-05
7.456302640000e-03 1.536305430000e+00 2.831610440000e-05
7.699623700000e-03 1.540371420000e+00 3.140798440000e-05
7.861837740000e-03 1.542725320000e+00 3.228475910000e-05
8.105151360000e-03 1.546363120000e+00 3.403830490000e-05
8.267365400000e-03 1.548931120000e+00 3.522682530000e-05
8.429579440000e-03 1.551070930000e+00 3.655172620000e-05
8.672900500000e-03 1.554708720000e+00 3.842867230000e-05
8.835114540000e-03 1.557276730000e+00 3.979253960000e-05
9.078428150000e-03 1.560700650000e+00 4.203968270000e-05
9.240642190000e-03 1.563054560000e+00 4.355942660000e-05
9.483963250000e-03 1.566906450000e+00 4.604686550000e-05
9.646177290000e-03 1.568832160000e+00 4.780041490000e-05
9.970597920000e-03 1.572256090000e+00 5.057361700000e-05
1.005170490000e-02 1.574609990000e+00 5.276879890000e-05
1.029502600000e-02 1.577819820000e+00 5.639279700000e-05
1.045724000000e-02 1.580173730000e+00 5.902312480000e-05
1.070055370000e-02 1.583169700000e+00 6.379668050000e-05
1.086276770000e-02 1.585523610000e+00 6.759602550000e-05
1.110608880000e-02 1.588519570000e+00 7.535710030000e-05
1.126830280000e-02 1.590659380000e+00 8.206605710000e-05
1.151162390000e-02 1.593655350000e+00 1.006731550000e-04
1.159272340000e-02 1.595581290000e+00 1.279570720000e-04
1.191715150000e-02 1.597721100000e+00 2.311047140000e-04
1.207936560000e-02 1.599219080000e+00 2.311047140000e-04
1.224157960000e-02 1.600289110000e+00 4.539124490000e-04
1.248489320000e-02 1.602000950000e+00 6.253339820000e-04
1.264710720000e-02 1.603284840000e+00 7.460388590000e-04
1.289042830000e-02 1.604996920000e+00 9.263146790000e-04
1.305264230000e-02 1.606708770000e+00 1.045001320000e-03
1.329596340000e-02 1.608420610000e+00 1.221305810000e-03
1.345817000000e-02 1.609490630000e+00 1.335239620000e-03
1.362038400000e-02 1.611630680000e+00 1.512130020000e-03
1.378259810000e-02 1.612700460000e+00 1.632965050000e-03
1.410702620000e-02 1.614626410000e+00 1.811027530000e-03
1.426923270000e-02 1.615910530000e+00 1.933555000000e-03
1.451255380000e-02 1.617836240000e+00 2.110706180000e-03
1.467476790000e-02 1.619120360000e+00 2.235121790000e-03
1.491808890000e-02 1.620832200000e+00 2.412598350000e-03
1.508030300000e-02 1.622116090000e+00 2.529201330000e-03
1.532361660000e-02 1.623828170000e+00 2.712537300000e-03
1.540472360000e-02 1.625112060000e+00 2.833372210000e-03
1.572915170000e-02 1.626823900000e+00 2.833372210000e-03
1.589136570000e-02 1.628108020000e+00 3.150435860000e-03
1.605357230000e-02 1.629605770000e+00 3.256922350000e-03
1.629689340000e-02 1.631531720000e+00 3.425742030000e-03
1.645910740000e-02 1.632815840000e+00 3.539370140000e-03
1.670242850000e-02 1.634527680000e+00 3.718578720000e-03
1.686464250000e-02 1.635811570000e+00 3.841946830000e-03
1.710795610000e-02 1.637523650000e+00 4.030894950000e-03
1.727017020000e-02 1.638807540000e+00 4.146472090000e-03
1.751349120000e-02 1.640733480000e+00 4.320485980000e-03
1.767570530000e-02 1.641803500000e+00 4.432815590000e-03
1.791901890000e-02 1.643943310000e+00 4.617218390000e-03
1.808123290000e-02 1.644799230000e+00 4.744482230000e-03
1.824344690000e-02 1.646939280000e+00 4.934079950000e-03
1.848676800000e-02 1.648223160000e+00 5.030177530000e-03
1.873008160000e-02 1.649935010000e+00 5.206139760000e-03
1.881118860000e-02 1.651005030000e+00 5.321715960000e-03
1.913561670000e-02 1.652930970000e+00 5.519753790000e-03
1.929783080000e-02 1.654214860000e+00 5.628837270000e-03
1.954115180000e-02 1.655926940000e+00 5.813241000000e-03
1.962225880000e-02 1.656996730000e+00 5.936609120000e-03
1.978447290000e-02 1.658280850000e+00 6.050237920000e-03
2.002779390000e-02 1.660420660000e+00 6.224900950000e-03
2.027110010000e-02 1.661490680000e+00 6.343723740000e-03
2.043331410000e-02 1.663202520000e+00 6.526178680000e-03
2.067663520000e-02 1.664700510000e+00 6.647599860000e-03
2.091995630000e-02 1.666626450000e+00 6.821613760000e-03
2.108217030000e-02 1.667696480000e+00 6.957318170000e-03
2.132549140000e-02 1.669408320000e+00 7.122241430000e-03
2.140659840000e-02 1.670478340000e+00 7.240415550000e-03
2.164991950000e-02 1.671976330000e+00 7.420273030000e-03
2.189322560000e-02 1.673474070000e+00 7.538447160000e-03
2.205543970000e-02 1.675186160000e+00 7.731291470000e-03
2.221765370000e-02 1.676256180000e+00 7.836479690000e-03
2.254208180000e-02 1.678395990000e+00 8.014389310000e-03
2.270429580000e-02 1.679466010000e+00 8.131913840000e-03
2.286650990000e-02 1.681177850000e+00 8.317613970000e-03
2.302872390000e-02 1.682675840000e+00 8.438386020000e-03
2.327204500000e-02 1.684173820000e+00 8.611101660000e-03
2.343425900000e-02 1.685029750000e+00 8.727976120000e-03
2.359647300000e-02 1.686313630000e+00 8.859136140000e-03
2.383977920000e-02 1.688239570000e+00 9.027306920000e-03
2.408310030000e-02 1.689309600000e+00 9.149376300000e-03
2.424531430000e-02 1.691021440000e+00 9.326636790000e-03
2.440752830000e-02 1.692519430000e+00 9.442212990000e-03
2.473195640000e-02 1.694017410000e+00 9.628564120000e-03
2.481306340000e-02 1.695301290000e+00 9.749335240000e-03
2.513749150000e-02 1.697013140000e+00 9.925947520000e-03
2.521859850000e-02 1.698083160000e+00 1.003048480000e-02
2.546190470000e-02 1.699795250000e+00 1.021683590000e-02
2.570522580000e-02 1.701079130000e+00 1.035384000000e-02
2.586743980000e-02 1.702790980000e+00 1.053045130000e-02
2.611076090000e-02 1.704288960000e+00 1.064083170000e-02
2.635408190000e-02 1.705786940000e+00 1.082458630000e-02
2.643518890000e-02 1.706642870000e+00 1.094275990000e-02
2.667851000000e-02 1.708354710000e+00 1.111872210000e-02
2.684072410000e-02 1.709638830000e+00 1.123300010000e-02
2.716515210000e-02 1.711564780000e+00 1.141999940000e-02
2.724624430000e-02 1.712848660000e+00 1.151999370000e-02
2.740845830000e-02 1.713704590000e+00 1.165310010000e-02
2.765177940000e-02 1.715630530000e+00 1.182906240000e-02
2.781399340000e-02 1.716486450000e+00 1.195437930000e-02
2.805731450000e-02 1.718412400000e+00 1.213228980000e-02
2.821952850000e-02 1.719696280000e+00 1.224396940000e-02
2.846284960000e-02 1.721194270000e+00 1.241473760000e-02
2.862506360000e-02 1.722264290000e+00 1.253291130000e-02
2.886838470000e-02 1.724190240000e+00 1.271601490000e-02
2.903058380000e-02 1.725046160000e+00 1.284782400000e-02
2.927390490000e-02 1.726758000000e+00 1.301924140000e-02
2.943611890000e-02 1.728041890000e+00 1.313936240000e-02
2.976054700000e-02 1.729753970000e+00 1.331597380000e-02
2.984165400000e-02 1.730823990000e+00 1.342960260000e-02
3.016608210000e-02 1.732321740000e+00 1.361595370000e-02
3.024718910000e-02 1.733391760000e+00 1.372633600000e-02
3.057161720000e-02 1.735317710000e+00 1.389970070000e-02
3.065272420000e-02 1.736387730000e+00 1.403150990000e-02
3.089603040000e-02 1.738099580000e+00 1.419773230000e-02
3.105824440000e-02 1.739383460000e+00 1.433668380000e-02
3.122045840000e-02 1.740239620000e+00 1.444316930000e-02
3.146377950000e-02 1.741951470000e+00 1.463861020000e-02
3.162599350000e-02 1.743021490000e+00 1.474379840000e-02
3.195042160000e-02 1.744733330000e+00 1.493144780000e-02
3.203152870000e-02 1.745803360000e+00 1.504572480000e-02
3.227484970000e-02 1.747515200000e+00 1.522947940000e-02
3.243706380000e-02 1.748585220000e+00 1.534895230000e-02
3.268036990000e-02 1.750083210000e+00 1.552361530000e-02
3.292369100000e-02 1.751367090000e+00 1.565022950000e-02
3.308590500000e-02 1.753078940000e+00 1.584567130000e-02
3.324811910000e-02 1.754363060000e+00 1.595085860000e-02
3.357254710000e-02 1.756074910000e+00 1.612162590000e-02
3.373476120000e-02 1.757144930000e+00 1.624694090000e-02
3.389697520000e-02 1.758428810000e+00 1.641576180000e-02
3.405918930000e-02 1.759926800000e+00 1.654042860000e-02
3.438360240000e-02 1.761424780000e+00 1.670405450000e-02
3.446470950000e-02 1.762280700000e+00 1.682287640000e-02
3.470803050000e-02 1.763992550000e+00 1.699624210000e-02
3.487024460000e-02 1.765276430000e+00 1.712740210000e-02
3.503245860000e-02 1.765918490000e+00 1.726245690000e-02
3.535688670000e-02 1.767630340000e+00 1.742932950000e-02
3.551910070000e-02 1.768914460000e+00 1.753581500000e-02
3.576242180000e-02 1.770626310000e+00 1.771242540000e-02
3.584352880000e-02 1.771696330000e+00 1.783969070000e-02
3.616794200000e-02 1.773194310000e+00 1.801175620000e-02
3.624904900000e-02 1.774478200000e+00 1.813123000000e-02
3.649237010000e-02 1.775976180000e+00 1.830459390000e-02
3.673569110000e-02 1.776832100000e+00 1.844289530000e-02
3.697901220000e-02 1.778543950000e+00 1.860522290000e-02
3.706011920000e-02 1.779613970000e+00 1.872664320000e-02
3.730344030000e-02 1.781325820000e+00 1.890390370000e-02
3.746565430000e-02 1.782181980000e+00 1.902142730000e-02
3.770897540000e-02 1.783679720000e+00 1.921557080000e-02
3.787118940000e-02 1.784963850000e+00 1.932335460000e-02
3.819560260000e-02 1.786675690000e+00 1.950581000000e-02
3.827670960000e-02 1.787531610000e+00 1.962073710000e-02
3.852003070000e-02 1.789029600000e+00 1.978695950000e-02
3.868224470000e-02 1.790313480000e+00 1.989669170000e-02
3.884445880000e-02 1.790955540000e+00 2.003110010000e-02
3.908777980000e-02 1.792881490000e+00 2.022134700000e-02
3.924999390000e-02 1.793737410000e+00 2.033172730000e-02
3.949331490000e-02 1.795449260000e+00 2.050833780000e-02
3.965552900000e-02 1.796519280000e+00 2.062391490000e-02
3.989883510000e-02 1.798017260000e+00 2.080507200000e-02
4.006104920000e-02 1.799087290000e+00 2.092779060000e-02
4.030437020000e-02 1.800585270000e+00 2.110180450000e-02
4.046658430000e-02 1.801655050000e+00 2.123036980000e-02
4.079101230000e-02 1.803153040000e+00 2.140697840000e-02
4.095322640000e-02 1.804651020000e+00 2.152580210000e-02
4.119654740000e-02 1.806149010000e+00 2.170111610000e-02
4.135876150000e-02 1.807004930000e+00 2.181409300000e-02
4.160206760000e-02 1.808716770000e+00 2.198875510000e-02
4.168317470000e-02 1.809786800000e+00 2.210693060000e-02
4.200760280000e-02 1.811284780000e+00 2.227639970000e-02
4.216981680000e-02 1.812140700000e+00 2.240820970000e-02
4.216981680000e-02 1.812996630000e+00 2.252897810000e-02
4.249424490000e-02 1.814708710000e+00 2.270559040000e-02
4.265645890000e-02 1.815778490000e+00 2.281402420000e-02
4.289978000000e-02 1.817490580000e+00 2.299453320000e-02
4.314310100000e-02 1.818560360000e+00 2.311400510000e-02
4.330530020000e-02 1.819844480000e+00 2.326789130000e-02
4.346751420000e-02 1.820914270000e+00 2.339775300000e-02
4.379194230000e-02 1.822412250000e+00 2.359384110000e-02
4.387304930000e-02 1.823482280000e+00 2.369967660000e-02
4.419747740000e-02 1.824980260000e+00 2.387499060000e-02
4.427858440000e-02 1.826050040000e+00 2.398537470000e-02
4.452190550000e-02 1.827548030000e+00 2.412562260000e-02
4.476522650000e-02 1.828403950000e+00 2.428016070000e-02
4.500854760000e-02 1.830116030000e+00 2.445871760000e-02
4.508963970000e-02 1.830971960000e+00 2.458013780000e-02
4.541406780000e-02 1.832683800000e+00 2.475285340000e-02
4.549517480000e-02 1.833753820000e+00 2.487297360000e-02
4.573849590000e-02 1.835037710000e+00 2.502945810000e-02
4.598181690000e-02 1.836107730000e+00 2.515801970000e-02
4.606292400000e-02 1.837177750000e+00 2.527619340000e-02
4.630624500000e-02 1.838675740000e+00 2.546059900000e-02
4.646845910000e-02 1.839745520000e+00 2.557487600000e-02
4.671178010000e-02 1.841029640000e+00 2.576057610000e-02
4.687397930000e-02 1.842099430000e+00 2.587031010000e-02
4.711730030000e-02 1.843811510000e+00 2.604497220000e-02
4.736062140000e-02 1.844667430000e+00 2.617288570000e-02
4.752283540000e-02 1.846165420000e+00 2.633845810000e-02
4.768504950000e-02 1.847449300000e+00 2.646572520000e-02
4.792837050000e-02 1.848733190000e+00 2.665597010000e-02
4.817169160000e-02 1.849803210000e+00 2.676180560000e-02
4.833390560000e-02 1.851087090000e+00 2.694685940000e-02
4.849611970000e-02 1.851943250000e+00 2.704490530000e-02
4.873942580000e-02 1.853441000000e+00 2.721112590000e-02
4.890163990000e-02 1.854725120000e+00 2.732475470000e-02
4.914496090000e-02 1.856009010000e+00 2.751240690000e-02
4.930717500000e-02 1.857079030000e+00 2.764810990000e-02
4.955049600000e-02 1.858576770000e+00 2.780718920000e-02
4.971271010000e-02 1.859432940000e+00 2.790458690000e-02
4.987492410000e-02 1.860502720000e+00 2.802016210000e-02
5.011824520000e-02 1.862000700000e+00 2.818703470000e-02
5.028045920000e-02 1.863070730000e+00 2.832663620000e-02
5.052376540000e-02 1.864782570000e+00 2.849285680000e-02
5.068597940000e-02 1.865638490000e+00 2.860194070000e-02
5.101040750000e-02 1.867136480000e+00 2.860194070000e-02
5.109151450000e-02 1.867992640000e+00 2.910910730000e-02
5.133483560000e-02 1.869704480000e+00 2.916732430000e-02
5.149704960000e-02 1.870346550000e+00 2.906382640000e-02
5.174037070000e-02 1.871844290000e+00 2.929670180000e-02
5.190258470000e-02 1.872914310000e+00 2.948428690000e-02
5.214590580000e-02 1.874198200000e+00 2.950369570000e-02
5.230810490000e-02 1.875268220000e+00 2.967835400000e-02
5.263253300000e-02 1.876766200000e+00 2.997591160000e-02
5.271364000000e-02 1.877622130000e+00 3.000178560000e-02
5.303806810000e-02 1.879120110000e+00 3.020878510000e-02
5.311917510000e-02 1.879976030000e+00 3.037050370000e-02
5.336249620000e-02 1.881474020000e+00 3.057749760000e-02
5.352471020000e-02 1.882329940000e+00 3.056456330000e-02
5.368692430000e-02 1.883399960000e+00 3.068100100000e-02
5.393024530000e-02 1.884683850000e+00 3.086858800000e-02
5.417355150000e-02 1.885967730000e+00 3.100443260000e-02
5.441687260000e-02 1.887251850000e+00 3.125671300000e-02
5.449797960000e-02 1.888107780000e+00 3.134727110000e-02
5.474130060000e-02 1.889819620000e+00 3.145724160000e-02
5.490351470000e-02 1.890461680000e+00 3.158014640000e-02
5.514683570000e-02 1.891959670000e+00 3.176773710000e-02
5.530904980000e-02 1.892815590000e+00 3.191005070000e-02
5.563347790000e-02 1.894527440000e+00 3.203941880000e-02
5.571458490000e-02 1.895383360000e+00 3.216233100000e-02
5.595789100000e-02 1.896881340000e+00 3.238226470000e-02
5.620121210000e-02 1.897737260000e+00 3.247282650000e-02
5.644453320000e-02 1.899021390000e+00 3.259573130000e-02
5.652564020000e-02 1.900305270000e+00 3.279626000000e-02
5.676896130000e-02 1.901589160000e+00 3.291916100000e-02
5.685006830000e-02 1.902659180000e+00 3.305500750000e-02
5.717449640000e-02 1.904157160000e+00 3.324260190000e-02
5.733671040000e-02 1.905013080000e+00 3.331375490000e-02
5.749892440000e-02 1.905869010000e+00 3.342371810000e-02
5.774223060000e-02 1.907366990000e+00 3.359837830000e-02
5.790444460000e-02 1.908222910000e+00 3.367600220000e-02
5.814776570000e-02 1.909935000000e+00 3.381184490000e-02
5.830997970000e-02 1.910790920000e+00 3.394121680000e-02
5.855330080000e-02 1.912074800000e+00 3.413527830000e-02
5.871551480000e-02 1.912930730000e+00 3.423877430000e-02
5.895883590000e-02 1.914428710000e+00 3.443930670000e-02
5.920215700000e-02 1.915284630000e+00 3.456867860000e-02
5.936435610000e-02 1.916782620000e+00 3.473686430000e-02
5.952657010000e-02 1.917638540000e+00 3.482095900000e-02
5.976989120000e-02 1.919136520000e+00 3.503442560000e-02
5.993210520000e-02 1.919778590000e+00 3.507970650000e-02
6.009431930000e-02 1.921276330000e+00 3.531904890000e-02
6.033764030000e-02 1.922346350000e+00 3.541607780000e-02
6.058096140000e-02 1.923844340000e+00 3.556485850000e-02
6.074317540000e-02 1.924486400000e+00 3.566188740000e-02
6.098649650000e-02 1.925984140000e+00 3.599825870000e-02
6.114871050000e-02 1.926840310000e+00 3.604353960000e-02
6.131090970000e-02 1.927696230000e+00 3.615351020000e-02
6.155423070000e-02 1.929194210000e+00 3.635403890000e-02
6.171644480000e-02 1.930050130000e+00 3.661925350000e-02
6.195976590000e-02 1.931548120000e+00 3.656750540000e-02
6.212197990000e-02 1.932404040000e+00 3.675509620000e-02
6.236530100000e-02 1.933902030000e+00 3.690387680000e-02
6.252751500000e-02 1.934757950000e+00 3.696209190000e-02
6.277083610000e-02 1.936041830000e+00 3.703971950000e-02
6.293305010000e-02 1.937111850000e+00 3.729199620000e-02
6.317635630000e-02 1.938181880000e+00 3.747312350000e-02
6.333857030000e-02 1.939465760000e+00 3.754427660000e-02
6.358189140000e-02 1.940749650000e+00 3.788064790000e-02
6.374410540000e-02 1.941605570000e+00 3.780949490000e-02
6.390631940000e-02 1.943103550000e+00 3.811999040000e-02
6.414964050000e-02 1.943959470000e+00 3.813292460000e-02
6.447406860000e-02 1.945457460000e+00 3.835286570000e-02
6.463628260000e-02 1.946527480000e+00 3.843048590000e-02
6.479848180000e-02 1.947597500000e+00 3.852105140000e-02
6.496069580000e-02 1.948667290000e+00 3.895445170000e-02
6.512290980000e-02 1.949523450000e+00 3.885094820000e-02
6.536623090000e-02 1.950807330000e+00 3.901914130000e-02
6.552844490000e-02 1.951663260000e+00 3.916791830000e-02
6.577176600000e-02 1.952947140000e+00 3.925200920000e-02
6.585287300000e-02 1.953803060000e+00 3.928435590000e-02
6.609619410000e-02 1.955301050000e+00 3.960131850000e-02
6.633951510000e-02 1.956371070000e+00 3.965953740000e-02
6.658282130000e-02 1.957654950000e+00 3.987947480000e-02
6.674503540000e-02 1.958510880000e+00 3.992475200000e-02
6.698835640000e-02 1.959795000000e+00 4.008000340000e-02
6.715057050000e-02 1.960650920000e+00 4.026759420000e-02
6.739389150000e-02 1.962148900000e+00 4.040990770000e-02
6.755610560000e-02 1.963218690000e+00 4.050046950000e-02
6.788053360000e-02 1.964502810000e+00 4.065571730000e-02
6.796164070000e-02 1.965358730000e+00 4.070746530000e-02
6.820496170000e-02 1.966642620000e+00 4.096621270000e-02
6.836716090000e-02 1.967712640000e+00 4.106324170000e-02
6.861048190000e-02 1.968996520000e+00 4.124436900000e-02
6.877269600000e-02 1.969852450000e+00 4.132845630000e-02
6.893491000000e-02 1.970708610000e+00 4.140608010000e-02
6.917823110000e-02 1.971992490000e+00 4.165189710000e-02
6.934044510000e-02 1.973062520000e+00 4.170364510000e-02
6.958376620000e-02 1.974132300000e+00 4.191064460000e-02
6.966487320000e-02 1.975202320000e+00 4.192357880000e-02
6.998930130000e-02 1.976272340000e+00 4.220820220000e-02
7.015150040000e-02 1.977342370000e+00 4.225995020000e-02
7.039482150000e-02 1.978840110000e+00 4.244107380000e-02
7.047592850000e-02 1.979482170000e+00 4.255751150000e-02
7.080035660000e-02 1.981194020000e+00 4.273863140000e-02
7.096257060000e-02 1.981836080000e+00 4.275804010000e-02
7.120589170000e-02 1.982906100000e+00 4.309441150000e-02
7.136810570000e-02 1.983975890000e+00 4.311381650000e-02
7.161142680000e-02 1.985473870000e+00 4.318497330000e-02
7.177364080000e-02 1.986115930000e+00 4.332728310000e-02
7.193584000000e-02 1.987399820000e+00 4.350193590000e-02
7.217916100000e-02 1.988469840000e+00 4.359250140000e-02
7.242248210000e-02 1.989753720000e+00 4.375422000000e-02
7.258469610000e-02 1.990823750000e+00 4.396768660000e-02
7.274691020000e-02 1.991465810000e+00 4.394827780000e-02
7.307133820000e-02 1.993177650000e+00 4.420055450000e-02
7.315244530000e-02 1.993819710000e+00 4.430405800000e-02
7.331465930000e-02 1.995103600000e+00 4.442049560000e-02
7.355798040000e-02 1.995959520000e+00 4.454340040000e-02
7.380128650000e-02 1.997457500000e+00 4.471158610000e-02
7.396350060000e-02 1.998099330000e+00 4.500913990000e-02
7.420682160000e-02 1.999383450000e+00 4.498326780000e-02
7.436903570000e-02 2.000239370000e+00 4.498326780000e-02
7.461235670000e-02 2.001737360000e+00 4.530023040000e-02
7.477457080000e-02 2.002593280000e+00 4.535845290000e-02
7.501789180000e-02 2.003663300000e+00 4.554604740000e-02
7.518010590000e-02 2.004733090000e+00 4.570129140000e-02
7.534231990000e-02 2.006017210000e+00 4.581772910000e-02
7.558562610000e-02 2.006873130000e+00 4.586301000000e-02
7.582894710000e-02 2.007943150000e+00 4.612822460000e-02
7.599116120000e-02 2.009012940000e+00 4.623172430000e-02
7.623448220000e-02 2.010297060000e+00 4.636756700000e-02
7.639669630000e-02 2.011152980000e+00 4.643225670000e-02
7.655891030000e-02 2.011794810000e+00 4.651634400000e-02
7.680223140000e-02 2.013078930000e+00 4.669100420000e-02
7.696444540000e-02 2.013934850000e+00 4.673628510000e-02
7.712665950000e-02 2.015218730000e+00 4.705971850000e-02
7.736996560000e-02 2.016074660000e+00 4.708559070000e-02
7.761328670000e-02 2.017358780000e+00 4.721497000000e-02
7.777550070000e-02 2.018214700000e+00 4.735727980000e-02
7.801882180000e-02 2.019712690000e+00 4.736374690000e-02
7.809992880000e-02 2.020354510000e+00 4.762249440000e-02
7.842435690000e-02 2.021852490000e+00 4.768717660000e-02
7.858657090000e-02 2.022280450000e+00 4.777774210000e-02
7.882989200000e-02 2.023778440000e+00 4.801708090000e-02
7.899210600000e-02 2.024634360000e+00 4.819173370000e-02
7.923541220000e-02 2.025918250000e+00 4.819820820000e-02
7.947873320000e-02 2.026774410000e+00 4.835992680000e-02
