#  J [A] 	 V 	 L [w] 
-5.483627320000e-06 7.014572620000e-04 -1.097632210000e-09
7.562339310000e-05 9.154677390000e-04 -1.097632210000e-09
7.562339310000e-05 1.129448410000e-03 -1.872305870000e-09
-5.483627320000e-06 1.129448410000e-03 -7.102954340000e-10
7.562339310000e-05 1.129448410000e-03 -1.355841330000e-09
7.562339310000e-05 1.129448410000e-03 -5.166038150000e-10
-5.483627320000e-06 1.129448410000e-03 -1.291277420000e-09
8.866861460000e-04 1.331301450000e+00 1.088164030000e-06
1.048900190000e-03 1.343713050000e+00 1.437608490000e-06
1.211114230000e-03 1.353556630000e+00 1.794024800000e-06
1.454435290000e-03 1.365754130000e+00 2.356570120000e-06
1.616649330000e-03 1.373457910000e+00 2.772313790000e-06
1.859962940000e-03 1.383301500000e+00 2.772313790000e-06
2.103284000000e-03 1.389293190000e+00 3.850009310000e-06
2.265498040000e-03 1.397639040000e+00 4.556092790000e-06
2.427712080000e-03 1.402560710000e+00 5.025733120000e-06
2.671025690000e-03 1.410050390000e+00 5.779885210000e-06
2.833239730000e-03 1.414758210000e+00 6.294995270000e-06
3.157667820000e-03 1.421178100000e+00 7.079027000000e-06
3.238774840000e-03 1.425457950000e+00 7.625967100000e-06
3.482095900000e-03 1.431449650000e+00 8.469109160000e-06
3.644302490000e-03 1.435301540000e+00 9.088800650000e-06
3.887623550000e-03 1.441079140000e+00 9.975464310000e-06
4.049837590000e-03 1.444289210000e+00 1.057501960000e-05
4.293158650000e-03 1.449638840000e+00 1.152923960000e-05
4.455365240000e-03 1.453276870000e+00 1.215088010000e-05
4.617579280000e-03 1.456272600000e+00 1.281344160000e-05
4.942007360000e-03 1.461194520000e+00 1.381443140000e-05
5.023114380000e-03 1.464190240000e+00 1.448608690000e-05
5.266435440000e-03 1.468898060000e+00 1.551565770000e-05
5.428642030000e-03 1.472108130000e+00 1.622304080000e-05
5.671963100000e-03 1.475959780000e+00 1.728573810000e-05
5.834177140000e-03 1.479169850000e+00 1.802625050000e-05
6.077498200000e-03 1.483021500000e+00 1.912857260000e-05
6.239704790000e-03 1.486017470000e+00 1.990545930000e-05
6.483025850000e-03 1.489869360000e+00 2.107598630000e-05
6.645239890000e-03 1.492437120000e+00 2.184507680000e-05
6.888560950000e-03 1.496716980000e+00 2.309939920000e-05
7.050774990000e-03 1.499284980000e+00 2.390291960000e-05
7.294088600000e-03 1.502708910000e+00 2.513710390000e-05
7.456302640000e-03 1.505490780000e+00 2.601467530000e-05
7.699623700000e-03 1.508914710000e+00 2.732940630000e-05
7.861837740000e-03 1.511482480000e+00 2.821347330000e-05
8.105151360000e-03 1.514906410000e+00 2.821347330000e-05
8.267365400000e-03 1.517474170000e+00 3.072605250000e-05
8.429579440000e-03 1.519614220000e+00 3.158333860000e-05
8.672900500000e-03 1.523038150000e+00 3.292772450000e-05
8.835114540000e-03 1.525605920000e+00 3.396037210000e-05
9.078428150000e-03 1.528815750000e+00 3.556454610000e-05
9.240642190000e-03 1.530955790000e+00 3.655172620000e-05
9.402856230000e-03 1.534165620000e+00 3.820785790000e-05
9.646177290000e-03 1.536519530000e+00 3.923400440000e-05
9.889490900000e-03 1.539729360000e+00 4.092910600000e-05
1.005170490000e-02 1.541655300000e+00 4.224751320000e-05
1.021391900000e-02 1.544865130000e+00 4.391013140000e-05
1.045724000000e-02 1.547005180000e+00 4.518957580000e-05
1.070055370000e-02 1.550000910000e+00 4.718992200000e-05
1.086276770000e-02 1.551926850000e+00 4.857977180000e-05
1.110608880000e-02 1.555136680000e+00 5.065155350000e-05
1.126830280000e-02 1.557062630000e+00 5.209985830000e-05
1.151162390000e-02 1.560058590000e+00 5.449637680000e-05
1.167383040000e-02 1.561770440000e+00 5.628239890000e-05
1.191715150000e-02 1.564980510000e+00 5.897766100000e-05
1.207936560000e-02 1.566478250000e+00 6.099749590000e-05
1.224157960000e-02 1.568404200000e+00 6.304330600000e-05
1.248489320000e-02 1.571400170000e+00 6.635555470000e-05
1.264710720000e-02 1.573326110000e+00 6.921969180000e-05
1.289042830000e-02 1.575893880000e+00 7.375942370000e-05
1.305264230000e-02 1.577819820000e+00 7.711065700000e-05
1.329596340000e-02 1.580601690000e+00 8.350136340000e-05
1.345817000000e-02 1.582313780000e+00 8.894385970000e-05
1.370149110000e-02 1.584881540000e+00 1.003094510000e-04
1.386370510000e-02 1.586807490000e+00 1.118179210000e-04
1.418813320000e-02 1.589161400000e+00 1.443040380000e-04
1.426923270000e-02 1.590445520000e+00 1.926305410000e-04
1.451255380000e-02 1.592799430000e+00 1.926305410000e-04
1.467476790000e-02 1.593869210000e+00 4.313860850000e-04
1.491808890000e-02 1.595581290000e+00 6.012451490000e-04
1.508030300000e-02 1.596651080000e+00 7.126399430000e-04
1.532361660000e-02 1.597935200000e+00 8.915486400000e-04
1.556693760000e-02 1.599004980000e+00 1.008282070000e-03
1.572915170000e-02 1.600717070000e+00 1.179182790000e-03
1.589136570000e-02 1.601787090000e+00 1.298780790000e-03
1.605357230000e-02 1.602856870000e+00 1.409524470000e-03
1.629689340000e-02 1.604568960000e+00 1.582313330000e-03
1.645910740000e-02 1.605424880000e+00 1.698200240000e-03
1.662132140000e-02 1.607136730000e+00 1.873723460000e-03
1.686464250000e-02 1.608206750000e+00 1.992670590000e-03
1.710795610000e-02 1.609918590000e+00 2.170277060000e-03
1.735127720000e-02 1.610988620000e+00 2.287335930000e-03
1.751349120000e-02 1.612486600000e+00 2.462078120000e-03
1.767570530000e-02 1.613770480000e+00 2.573407720000e-03
1.783791180000e-02 1.615268470000e+00 2.750233050000e-03
1.808123290000e-02 1.616338490000e+00 2.864883050000e-03
1.832455400000e-02 1.618264440000e+00 2.864883050000e-03
1.840566100000e-02 1.619120360000e+00 3.159526500000e-03
1.864898200000e-02 1.620832200000e+00 3.332241440000e-03
1.889229570000e-02 1.621688130000e+00 3.445220880000e-03
1.905450970000e-02 1.623400210000e+00 3.625079060000e-03
1.929783080000e-02 1.624256130000e+00 3.738707630000e-03
1.954115180000e-02 1.626182080000e+00 3.930902110000e-03
1.970336590000e-02 1.627251860000e+00 4.041283860000e-03
1.978447290000e-02 1.628321890000e+00 4.173742610000e-03
2.010888610000e-02 1.629819870000e+00 4.327628300000e-03
2.018999310000e-02 1.630889890000e+00 4.432166460000e-03
2.051442120000e-02 1.632601740000e+00 4.607479090000e-03
2.059552820000e-02 1.633885620000e+00 4.721757490000e-03
2.091995630000e-02 1.635383610000e+00 4.889926870000e-03
2.108217030000e-02 1.636667730000e+00 5.011347590000e-03
2.132549140000e-02 1.638165470000e+00 5.189257210000e-03
2.148770540000e-02 1.639021640000e+00 5.310028330000e-03
2.164991950000e-02 1.640519380000e+00 5.483393090000e-03
2.189322560000e-02 1.641589400000e+00 5.585333800000e-03
2.213654670000e-02 1.643301250000e+00 5.768438340000e-03
2.229876070000e-02 1.644371270000e+00 5.880768410000e-03
2.254208180000e-02 1.646083350000e+00 6.052185320000e-03
2.270429580000e-02 1.646939280000e+00 6.170359440000e-03
2.294761690000e-02 1.648651120000e+00 6.346320730000e-03
2.310983090000e-02 1.649507050000e+00 6.460598670000e-03
2.335315200000e-02 1.651219130000e+00 6.634612570000e-03
2.351536600000e-02 1.652288910000e+00 6.754085420000e-03
2.359647300000e-02 1.653358940000e+00 6.865117230000e-03
2.392088620000e-02 1.654856920000e+00 7.045623850000e-03
2.408310030000e-02 1.655712840000e+00 7.157305260000e-03
2.432642130000e-02 1.657424690000e+00 7.320929780000e-03
2.440752830000e-02 1.658708810000e+00 7.434557660000e-03
2.473195640000e-02 1.660420660000e+00 7.604676300000e-03
2.481306340000e-02 1.661276580000e+00 7.731941060000e-03
2.513749150000e-02 1.662988660000e+00 7.904656230000e-03
2.529970560000e-02 1.663844590000e+00 8.040362040000e-03
2.554301170000e-02 1.665342570000e+00 8.194246330000e-03
2.562411870000e-02 1.666412350000e+00 8.326704610000e-03
2.594854680000e-02 1.667910340000e+00 8.501368570000e-03
2.602965380000e-02 1.668980360000e+00 8.611101660000e-03
2.635408190000e-02 1.670692210000e+00 8.788362150000e-03
2.651629600000e-02 1.671762230000e+00 8.914976380000e-03
2.667851000000e-02 1.673046110000e+00 9.064966810000e-03
2.692183110000e-02 1.674330230000e+00 9.184437800000e-03
2.708404510000e-02 1.675827980000e+00 9.364296680000e-03
2.724624430000e-02 1.676898000000e+00 9.474029760000e-03
2.740845830000e-02 1.677753930000e+00 9.593501690000e-03
2.765177940000e-02 1.679466010000e+00 9.762321600000e-03
2.789510040000e-02 1.680535790000e+00 9.875301270000e-03
2.813842150000e-02 1.682033780000e+00 1.003762710000e-02
2.821952850000e-02 1.683103800000e+00 1.015969650000e-02
2.846284960000e-02 1.684387680000e+00 1.031747830000e-02
2.862506360000e-02 1.685457710000e+00 1.044539080000e-02
2.894949170000e-02 1.686955690000e+00 1.062330140000e-02
2.903058380000e-02 1.688025710000e+00 1.074991560000e-02
2.935501190000e-02 1.689737560000e+00 1.089081540000e-02
2.943611890000e-02 1.690593480000e+00 1.100119760000e-02
2.967944000000e-02 1.692305330000e+00 1.118235380000e-02
2.992276100000e-02 1.693589450000e+00 1.129143780000e-02
3.008497510000e-02 1.694873330000e+00 1.146934830000e-02
3.032829610000e-02 1.695943360000e+00 1.158037780000e-02
3.049051020000e-02 1.697441340000e+00 1.176218410000e-02
3.073383120000e-02 1.698511120000e+00 1.188035770000e-02
3.089603040000e-02 1.700009110000e+00 1.205372250000e-02
3.113935140000e-02 1.701292990000e+00 1.216800140000e-02
3.130156550000e-02 1.701720950000e+00 1.227123940000e-02
3.146377950000e-02 1.703646900000e+00 1.246213630000e-02
3.170710060000e-02 1.704716920000e+00 1.257771250000e-02
3.186931460000e-02 1.706214900000e+00 1.274393590000e-02
3.203152870000e-02 1.707284930000e+00 1.285042150000e-02
3.227484970000e-02 1.708782910000e+00 1.304066830000e-02
3.251817080000e-02 1.709638830000e+00 1.315234880000e-02
3.276147690000e-02 1.711136820000e+00 1.332896020000e-02
3.284258400000e-02 1.712206600000e+00 1.344258990000e-02
3.316701200000e-02 1.713918690000e+00 1.360816230000e-02
3.332922610000e-02 1.714774610000e+00 1.371984370000e-02
3.349144010000e-02 1.716272590000e+00 1.389970070000e-02
3.365365420000e-02 1.717342380000e+00 1.401202940000e-02
3.397808220000e-02 1.719054220000e+00 1.419903150000e-02
3.414029630000e-02 1.719910380000e+00 1.431330850000e-02
3.438360240000e-02 1.721622230000e+00 1.447823180000e-02
3.446470950000e-02 1.722264290000e+00 1.458991320000e-02
3.470803050000e-02 1.723976140000e+00 1.476847290000e-02
3.487024460000e-02 1.724832060000e+00 1.487950330000e-02
3.503245860000e-02 1.725902080000e+00 1.499702780000e-02
3.535688670000e-02 1.727400060000e+00 1.516519860000e-02
3.543799370000e-02 1.728470090000e+00 1.528402140000e-02
3.576242180000e-02 1.729967830000e+00 1.546193100000e-02
3.584352880000e-02 1.730823990000e+00 1.556711920000e-02
3.616794200000e-02 1.732535840000e+00 1.574437880000e-02
3.624904900000e-02 1.733605860000e+00 1.585216450000e-02
3.649237010000e-02 1.734889750000e+00 1.602617840000e-02
3.665458410000e-02 1.735745670000e+00 1.615019700000e-02
3.689790520000e-02 1.737457510000e+00 1.631966420000e-02
3.706011920000e-02 1.738313670000e+00 1.642939630000e-02
3.730344030000e-02 1.739811420000e+00 1.660406030000e-02
3.746565430000e-02 1.740667580000e+00 1.672028560000e-02
3.779008240000e-02 1.742379430000e+00 1.689689790000e-02
3.787118940000e-02 1.743449450000e+00 1.700663010000e-02
3.811449560000e-02 1.744733330000e+00 1.717285250000e-02
3.827670960000e-02 1.745589260000e+00 1.729881760000e-02
3.852003070000e-02 1.747301340000e+00 1.746179540000e-02
3.868224470000e-02 1.748371120000e+00 1.757412400000e-02
3.884445880000e-02 1.749227050000e+00 1.769099940000e-02
3.908777980000e-02 1.750939130000e+00 1.785397530000e-02
3.924999390000e-02 1.751580950000e+00 1.796630400000e-02
3.949331490000e-02 1.753078940000e+00 1.813317650000e-02
3.973662110000e-02 1.753934860000e+00 1.824290860000e-02
3.989883510000e-02 1.755646940000e+00 1.842341760000e-02
4.006104920000e-02 1.756716970000e+00 1.855652410000e-02
4.022326320000e-02 1.758000850000e+00 1.869872210000e-02
4.046658430000e-02 1.759284730000e+00 1.881624760000e-02
4.079101230000e-02 1.760568620000e+00 1.898766310000e-02
4.087211940000e-02 1.761424780000e+00 1.910648680000e-02
4.111544040000e-02 1.763136630000e+00 1.927855240000e-02
4.135876150000e-02 1.763992550000e+00 1.939218310000e-02
4.160206760000e-02 1.765490530000e+00 1.956489680000e-02
4.176428170000e-02 1.766346450000e+00 1.966683940000e-02
4.192649570000e-02 1.768058540000e+00 1.985513790000e-02
4.208870980000e-02 1.768700360000e+00 1.995967510000e-02
4.225092380000e-02 1.769984250000e+00 2.008174550000e-02
4.249424490000e-02 1.771482230000e+00 2.023757810000e-02
4.265645890000e-02 1.772124290000e+00 2.036289500000e-02
4.298088700000e-02 1.773408170000e+00 2.050638940000e-02
4.314310100000e-02 1.774692060000e+00 2.063885140000e-02
4.338640720000e-02 1.775976180000e+00 2.080507200000e-02
4.354862120000e-02 1.777045970000e+00 2.091545430000e-02
4.371083530000e-02 1.778543950000e+00 2.109011640000e-02
4.387304930000e-02 1.779399870000e+00 2.120829000000e-02
4.411637040000e-02 1.780897860000e+00 2.137191590000e-02
4.427858440000e-02 1.781967880000e+00 2.149268800000e-02
4.460301250000e-02 1.783251760000e+00 2.166799830000e-02
4.476522650000e-02 1.784107690000e+00 2.177383750000e-02
4.500854760000e-02 1.785605670000e+00 2.195434270000e-02
4.508963970000e-02 1.786675690000e+00 2.206537500000e-02
4.533296080000e-02 1.787959580000e+00 2.223938890000e-02
4.549517480000e-02 1.788815500000e+00 2.238093880000e-02
4.573849590000e-02 1.790313480000e+00 2.251599360000e-02
4.590070990000e-02 1.791597600000e+00 2.262832410000e-02
4.614403100000e-02 1.792239430000e+00 2.274260110000e-02
4.630624500000e-02 1.793523310000e+00 2.289713730000e-02
4.654956610000e-02 1.794807430000e+00 2.300037630000e-02
4.671178010000e-02 1.796091320000e+00 2.318023330000e-02
4.695508630000e-02 1.797161340000e+00 2.329126560000e-02
4.711730030000e-02 1.798445220000e+00 2.346463130000e-02
4.727951440000e-02 1.799515250000e+00 2.357436340000e-02
4.752283540000e-02 1.800799130000e+00 2.374578080000e-02
4.768504950000e-02 1.801869150000e+00 2.384901790000e-02
4.792837050000e-02 1.803367140000e+00 2.404316140000e-02
4.809058460000e-02 1.804436920000e+00 2.412302610000e-02
4.833390560000e-02 1.805721040000e+00 2.430288490000e-02
4.857722670000e-02 1.806576970000e+00 2.443793970000e-02
4.873942580000e-02 1.808074950000e+00 2.457494290000e-02
4.890163990000e-02 1.808930870000e+00 2.469376850000e-02
4.914496090000e-02 1.810428860000e+00 2.485674250000e-02
4.930717500000e-02 1.811284780000e+00 2.496907300000e-02
4.955049600000e-02 1.812996630000e+00 2.513529360000e-02
4.971271010000e-02 1.813852550000e+00 2.525671570000e-02
4.995603110000e-02 1.814494610000e+00 2.536579780000e-02
5.011824520000e-02 1.816206460000e+00 2.553461680000e-02
5.036156620000e-02 1.817062620000e+00 2.564564910000e-02
5.060487240000e-02 1.818346500000e+00 2.580602840000e-02
5.076708640000e-02 1.819416520000e+00 2.592550220000e-02
5.084819350000e-02 1.820914270000e+00 2.611509900000e-02
5.109151450000e-02 1.821770430000e+00 2.621119470000e-02
5.141594260000e-02 1.823054310000e+00 2.636313440000e-02
5.149704960000e-02 1.823910240000e+00 2.649494260000e-02
5.182147770000e-02 1.825408220000e+00 2.665856850000e-02
5.198369180000e-02 1.826478240000e+00 2.677024710000e-02
5.214590580000e-02 1.827762130000e+00 2.693062830000e-02
5.238921200000e-02 1.828403950000e+00 2.703516560000e-02
5.255142600000e-02 1.829901930000e+00 2.720528280000e-02
5.271364000000e-02 1.830757860000e+00 2.732605490000e-02
5.295696110000e-02 1.832255840000e+00 2.749487200000e-02
5.320028220000e-02 1.833112000000e+00 2.759746280000e-02
5.344360320000e-02 1.834395890000e+00 2.775134890000e-02
5.360581730000e-02 1.835465910000e+00 2.788575740000e-02
5.368692430000e-02 1.836321830000e+00 2.799548770000e-02
5.393024530000e-02 1.837819810000e+00 2.815781350000e-02
5.409244450000e-02 1.838675740000e+00 2.826040420000e-02
5.433576550000e-02 1.839959620000e+00 2.842662860000e-02
5.457908660000e-02 1.841029640000e+00 2.854999530000e-02
5.474130060000e-02 1.842313530000e+00 2.871102280000e-02
5.490351470000e-02 1.843169450000e+00 2.871102280000e-02
5.514683570000e-02 1.844667430000e+00 2.905735930000e-02
5.539015680000e-02 1.845523360000e+00 2.905735930000e-02
5.547126380000e-02 1.846807240000e+00 2.928376010000e-02
5.571458490000e-02 1.848091360000e+00 2.939373070000e-02
5.595789100000e-02 1.849375250000e+00 2.947782170000e-02
5.612010510000e-02 1.850231170000e+00 2.962659860000e-02
5.644453320000e-02 1.851515050000e+00 2.978185010000e-02
5.652564020000e-02 1.852585080000e+00 2.980772590000e-02
5.676896130000e-02 1.854083060000e+00 3.000178560000e-02
5.693117530000e-02 1.854938980000e+00 3.011822140000e-02
5.717449640000e-02 1.856222870000e+00 3.013116310000e-02
5.733671040000e-02 1.856864930000e+00 3.038343790000e-02
5.749892440000e-02 1.858148810000e+00 3.049987550000e-02
5.774223060000e-02 1.859218840000e+00 3.068100100000e-02
5.798555170000e-02 1.860716820000e+00 3.079743120000e-02
5.814776570000e-02 1.861572740000e+00 3.105618060000e-02
5.830997970000e-02 1.862428670000e+00 3.111440130000e-02
5.855330080000e-02 1.863712790000e+00 3.123730610000e-02
5.871551480000e-02 1.864996670000e+00 3.132786970000e-02
5.887772890000e-02 1.866280560000e+00 3.151545670000e-02
5.912104990000e-02 1.866922620000e+00 3.157367930000e-02
5.944546310000e-02 1.868420600000e+00 3.186476600000e-02
5.952657010000e-02 1.869062420000e+00 3.196826580000e-02
5.976989120000e-02 1.870560410000e+00 3.197473660000e-02
5.993210520000e-02 1.871416330000e+00 3.211057560000e-02
6.017542630000e-02 1.872914310000e+00 3.229817000000e-02
6.033764030000e-02 1.873556380000e+00 3.234345090000e-02
6.066206840000e-02 1.875054360000e+00 3.252457450000e-02
6.074317540000e-02 1.875910280000e+00 3.258925680000e-02
6.098649650000e-02 1.877408270000e+00 3.280919790000e-02
6.114871050000e-02 1.878050090000e+00 3.291916100000e-02
6.131090970000e-02 1.878906010000e+00 3.310028840000e-02
6.155423070000e-02 1.880404000000e+00 3.321672600000e-02
6.171644480000e-02 1.881259920000e+00 3.328788280000e-02
6.195976590000e-02 1.882544040000e+00 3.344312680000e-02
6.212197990000e-02 1.883613820000e+00 3.363072130000e-02
6.236530100000e-02 1.884897950000e+00 3.377303110000e-02
6.252751500000e-02 1.885967730000e+00 3.382477910000e-02
6.285194310000e-02 1.887251850000e+00 3.403824570000e-02
6.293305010000e-02 1.888321640000e+00 3.400590640000e-02
6.317635630000e-02 1.889605760000e+00 3.426465390000e-02
6.333857030000e-02 1.890461680000e+00 3.436168280000e-02
6.358189140000e-02 1.891531710000e+00 3.452986850000e-02
6.374410540000e-02 1.892601490000e+00 3.464630620000e-02
6.398742650000e-02 1.893885610000e+00 3.484683480000e-02
6.414964050000e-02 1.894741540000e+00 3.479508680000e-02
6.439296160000e-02 1.896025420000e+00 3.518320620000e-02
6.455517560000e-02 1.897095440000e+00 3.507323560000e-02
6.479848180000e-02 1.898165230000e+00 3.525435920000e-02
6.496069580000e-02 1.899021390000e+00 3.544195370000e-02
6.512290980000e-02 1.900091170000e+00 3.558426350000e-02
6.536623090000e-02 1.901375290000e+00 3.572657700000e-02
6.544733790000e-02 1.902231220000e+00 3.583007310000e-02
6.577176600000e-02 1.903515100000e+00 3.594004360000e-02
6.593398000000e-02 1.904371020000e+00 3.609528770000e-02
6.617730110000e-02 1.905655150000e+00 3.622466700000e-02
6.633951510000e-02 1.906724930000e+00 3.639285270000e-02
6.658282130000e-02 1.907581090000e+00 3.652222450000e-02
6.666392830000e-02 1.908864970000e+00 3.661278640000e-02
6.698835640000e-02 1.910148860000e+00 3.672922400000e-02
6.715057050000e-02 1.911004780000e+00 3.687153380000e-02
6.739389150000e-02 1.912502770000e+00 3.694915770000e-02
6.755610560000e-02 1.913144830000e+00 3.707206250000e-02
6.788053360000e-02 1.914428710000e+00 3.731140490000e-02
6.788053360000e-02 1.915284630000e+00 3.736315300000e-02
6.812385470000e-02 1.916568520000e+00 3.753133860000e-02
6.836716090000e-02 1.917210580000e+00 3.772539650000e-02
6.861048190000e-02 1.918708560000e+00 3.795827180000e-02
6.877269600000e-02 1.919350620000e+00 3.791299090000e-02
6.893491000000e-02 1.920634510000e+00 3.810704870000e-02
6.917823110000e-02 1.921918390000e+00 3.827523440000e-02
6.934044510000e-02 1.922560450000e+00 3.831405190000e-02
6.966487320000e-02 1.924058440000e+00 3.841754790000e-02
6.966487320000e-02 1.924700260000e+00 3.854692350000e-02
6.990819420000e-02 1.926198240000e+00 3.872157630000e-02
7.015150040000e-02 1.927054170000e+00 3.881860900000e-02
7.039482150000e-02 1.928338050000e+00 3.899326180000e-02
7.055703550000e-02 1.928980110000e+00 3.904501350000e-02
7.071924950000e-02 1.930478100000e+00 3.918732700000e-02
7.088146360000e-02 1.931334020000e+00 3.942666580000e-02
7.120589170000e-02 1.932404040000e+00 3.940079360000e-02
7.128699870000e-02 1.933474060000e+00 3.969188410000e-02
7.161142680000e-02 1.934757950000e+00 3.965953740000e-02
7.177364080000e-02 1.935613870000e+00 3.978243840000e-02
7.201694700000e-02 1.936897750000e+00 3.994415700000e-02
7.217916100000e-02 1.937539820000e+00 4.015762730000e-02
7.242248210000e-02 1.939037800000e+00 4.025465620000e-02
7.250358910000e-02 1.939893720000e+00 4.032580930000e-02
7.274691020000e-02 1.940535780000e+00 4.045518860000e-02
7.290912420000e-02 1.941819670000e+00 4.066865520000e-02
7.315244530000e-02 1.942889690000e+00 4.073333740000e-02
7.347687330000e-02 1.944387440000e+00 4.083684090000e-02
7.355798040000e-02 1.945029500000e+00 4.095974560000e-02
7.388239350000e-02 1.946313380000e+00 4.111498970000e-02
7.396350060000e-02 1.947169540000e+00 4.120555520000e-02
7.428792860000e-02 1.948239330000e+00 4.134139790000e-02
7.436903570000e-02 1.949095250000e+00 4.141902180000e-02
7.453124970000e-02 1.950593230000e+00 4.160014540000e-02
7.477457080000e-02 1.951235290000e+00 4.167776930000e-02
7.509899880000e-02 1.952519180000e+00 4.189123590000e-02
7.518010590000e-02 1.953803060000e+00 4.206588860000e-02
7.542342690000e-02 1.954873090000e+00 4.209176450000e-02
7.558562610000e-02 1.955729010000e+00 4.216938470000e-02
7.582894710000e-02 1.956799030000e+00 4.235051200000e-02
7.599116120000e-02 1.957654950000e+00 4.240872710000e-02
7.615337520000e-02 1.959152940000e+00 4.256397860000e-02
7.639669630000e-02 1.960008860000e+00 4.278391230000e-02
7.647780330000e-02 1.960650920000e+00 4.280332100000e-02
7.680223140000e-02 1.961934800000e+00 4.296503960000e-02
7.696444540000e-02 1.962576870000e+00 4.297150670000e-02
7.720776650000e-02 1.963860750000e+00 4.315909740000e-02
7.736996560000e-02 1.964716670000e+00 4.337903480000e-02
7.761328670000e-02 1.966000800000e+00 4.345665500000e-02
7.785660770000e-02 1.966642620000e+00 4.353428630000e-02
7.793771480000e-02 1.967926500000e+00 4.367012160000e-02
7.826214280000e-02 1.968782660000e+00 4.377362500000e-02
7.842435690000e-02 1.970066550000e+00 4.400649290000e-02
7.850546390000e-02 1.970922470000e+00 4.398708790000e-02
7.882989200000e-02 1.972206350000e+00 4.413587230000e-02
7.891099900000e-02 1.973062520000e+00 4.424583540000e-02
7.923541220000e-02 1.974132300000e+00 4.442049560000e-02
7.939762620000e-02 1.974774360000e+00 4.451105000000e-02
