#  J [A] 	 V 	 L [w] 
7.562339310000e-05 1.771420240000e-03 -1.033068410000e-09
7.562339310000e-05 1.771420240000e-03 -1.291277420000e-09
-5.483627320000e-06 1.557439570000e-03 -1.355841330000e-09
7.562339310000e-05 1.557439570000e-03 -1.549532950000e-09
7.562339310000e-05 1.557439570000e-03 -1.743178160000e-09
7.562339310000e-05 1.557439570000e-03 -1.097632210000e-09
7.562339310000e-05 8.185775880000e-01 3.285923920000e-07
8.866861460000e-04 1.373885870000e+00 1.268857660000e-06
1.048900190000e-03 1.384799480000e+00 1.639153770000e-06
1.211114230000e-03 1.394215110000e+00 2.025266210000e-06
1.454435290000e-03 1.405984640000e+00 2.629579740000e-06
1.616649330000e-03 1.412832260000e+00 2.629579740000e-06
1.859962940000e-03 1.422461990000e+00 3.764265560000e-06
2.022176980000e-03 1.428453680000e+00 4.252743110000e-06
2.265498040000e-03 1.436585430000e+00 4.991305560000e-06
2.427712080000e-03 1.441507340000e+00 5.520706050000e-06
2.671025690000e-03 1.448782920000e+00 6.332669730000e-06
2.833239730000e-03 1.453490730000e+00 6.897146700000e-06
3.076560800000e-03 1.460338590000e+00 7.765625010000e-06
3.238774840000e-03 1.464190240000e+00 8.375571270000e-06
3.482095900000e-03 1.470396040000e+00 9.306406350000e-06
3.644302490000e-03 1.474462030000e+00 9.979362400000e-06
3.968730570000e-03 1.480239630000e+00 1.097385580000e-05
4.049837590000e-03 1.483877660000e+00 1.164811060000e-05
4.293158650000e-03 1.489227290000e+00 1.274069020000e-05
4.455365240000e-03 1.492651220000e+00 1.346690990000e-05
4.617579280000e-03 1.496289010000e+00 1.421391700000e-05
4.860900340000e-03 1.501210930000e+00 1.536105810000e-05
5.104221400000e-03 1.504634860000e+00 1.615678410000e-05
5.266435440000e-03 1.509128570000e+00 1.738642280000e-05
5.428642030000e-03 1.512338400000e+00 1.822307060000e-05
5.671963100000e-03 1.517046210000e+00 1.950077600000e-05
5.915284160000e-03 1.519828080000e+00 2.038744240000e-05
6.077498200000e-03 1.524322030000e+00 2.172750650000e-05
6.239704790000e-03 1.527317760000e+00 2.268042770000e-05
6.483025850000e-03 1.531811710000e+00 2.412832150000e-05
6.645239890000e-03 1.534379720000e+00 2.510852390000e-05
6.969667970000e-03 1.538659330000e+00 2.669023160000e-05
7.050774990000e-03 1.541441440000e+00 2.773603770000e-05
7.294088600000e-03 1.545293090000e+00 2.773603770000e-05
7.456302640000e-03 1.548074960000e+00 3.077800650000e-05
7.699623700000e-03 1.551926850000e+00 3.238867070000e-05
7.861837740000e-03 1.554494860000e+00 3.367460890000e-05
8.024044330000e-03 1.558346750000e+00 3.542166090000e-05
8.348472420000e-03 1.560914520000e+00 3.684398330000e-05
8.429579440000e-03 1.563482520000e+00 3.818836920000e-05
8.591793480000e-03 1.566906450000e+00 4.061086660000e-05
8.754007520000e-03 1.569688320000e+00 4.209813410000e-05
9.078428150000e-03 1.573326110000e+00 4.470247590000e-05
9.240642190000e-03 1.575680020000e+00 4.652097780000e-05
9.483963250000e-03 1.579317810000e+00 4.961890590000e-05
9.646177290000e-03 1.581457850000e+00 5.185306140000e-05
9.808383880000e-03 1.585095640000e+00 5.560045970000e-05
1.005170490000e-02 1.587235450000e+00 5.869839150000e-05
1.029502600000e-02 1.590873480000e+00 6.429025960000e-05
1.053834710000e-02 1.593013290000e+00 6.919370210000e-05
1.070055370000e-02 1.596223120000e+00 7.976695630000e-05
1.086276770000e-02 1.598363160000e+00 9.119100290000e-05
1.110608880000e-02 1.601358890000e+00 1.344127230000e-04
1.126830280000e-02 1.602428910000e+00 2.072758940000e-04
1.143051680000e-02 1.604354860000e+00 2.072758940000e-04
1.167383040000e-02 1.605852840000e+00 5.018297230000e-04
1.199825850000e-02 1.607564690000e+00 6.823009460000e-04
1.216047260000e-02 1.609062670000e+00 7.996202910000e-04
1.224157960000e-02 1.610346560000e+00 9.188926780000e-04
1.248489320000e-02 1.612272500000e+00 1.090900270000e-03
1.264710720000e-02 1.613556620000e+00 1.213883750000e-03
1.289042830000e-02 1.615268470000e+00 1.390253430000e-03
1.297153530000e-02 1.616766450000e+00 1.508549320000e-03
1.329596340000e-02 1.618906260000e+00 1.683877200000e-03
1.345817000000e-02 1.620404240000e+00 1.800936180000e-03
1.370149110000e-02 1.622116090000e+00 1.980235330000e-03
1.386370510000e-02 1.623400210000e+00 2.100354290000e-03
1.410702620000e-02 1.625326160000e+00 2.279653450000e-03
1.426923270000e-02 1.626823900000e+00 2.401204780000e-03
1.451255380000e-02 1.628749850000e+00 2.580373780000e-03
1.467476790000e-02 1.630033970000e+00 2.701339080000e-03
1.491808890000e-02 1.632173780000e+00 2.701339080000e-03
1.508030300000e-02 1.633243800000e+00 3.046547300000e-03
1.540472360000e-02 1.635597710000e+00 3.193939340000e-03
1.548583060000e-02 1.636667730000e+00 3.314060860000e-03
1.572915170000e-02 1.638593440000e+00 3.481582040000e-03
1.589136570000e-02 1.640091420000e+00 3.607547840000e-03
1.597247270000e-02 1.641589400000e+00 3.721175720000e-03
1.629689340000e-02 1.643301250000e+00 3.895839210000e-03
1.637800040000e-02 1.644585370000e+00 4.009468020000e-03
1.670242850000e-02 1.646725180000e+00 4.199714870000e-03
1.686464250000e-02 1.648009060000e+00 4.317888060000e-03
1.710795610000e-02 1.650149110000e+00 4.491253290000e-03
1.727017020000e-02 1.651219130000e+00 4.609426480000e-03
1.751349120000e-02 1.653145070000e+00 4.804219120000e-03
1.767570530000e-02 1.654428960000e+00 4.910056010000e-03
1.783791180000e-02 1.656140800000e+00 5.096406680000e-03
1.808123290000e-02 1.657638790000e+00 5.211333740000e-03
1.832455400000e-02 1.659350630000e+00 5.387945570000e-03
1.840566100000e-02 1.660848620000e+00 5.513261070000e-03
1.864898200000e-02 1.662774560000e+00 5.693768620000e-03
1.881118860000e-02 1.664058450000e+00 5.812591410000e-03
1.905450970000e-02 1.665984390000e+00 5.995695940000e-03
1.921672370000e-02 1.667054410000e+00 6.130751690000e-03
1.954115180000e-02 1.669194460000e+00 6.298272870000e-03
1.962225880000e-02 1.670264240000e+00 6.415146870000e-03
1.986557990000e-02 1.671762230000e+00 6.543710360000e-03
2.010888610000e-02 1.673688170000e+00 6.709283220000e-03
2.027110010000e-02 1.674758200000e+00 6.825509020000e-03
2.051442120000e-02 1.676898000000e+00 7.024196910000e-03
2.067663520000e-02 1.677968030000e+00 7.123540160000e-03
2.083884920000e-02 1.679893970000e+00 7.315735330000e-03
2.100106330000e-02 1.681177850000e+00 7.424169690000e-03
2.132549140000e-02 1.683317900000e+00 7.621558850000e-03
2.148770540000e-02 1.684173820000e+00 7.741679440000e-03
2.173102650000e-02 1.686099770000e+00 7.917641660000e-03
2.181213350000e-02 1.687169550000e+00 8.030622270000e-03
2.205543970000e-02 1.689309600000e+00 8.228660560000e-03
2.221765370000e-02 1.690593480000e+00 8.339041840000e-03
2.254208180000e-02 1.692305330000e+00 8.513706740000e-03
2.270429580000e-02 1.693589450000e+00 8.630580270000e-03
2.294761690000e-02 1.695301290000e+00 8.824073710000e-03
2.310983090000e-02 1.696799280000e+00 8.938351650000e-03
2.327204500000e-02 1.698511120000e+00 9.109119880000e-03
2.351536600000e-02 1.699581150000e+00 9.231838400000e-03
2.359647300000e-02 1.700865030000e+00 9.359750900000e-03
2.383977920000e-02 1.702790980000e+00 9.535713120000e-03
2.408310030000e-02 1.704075100000e+00 9.655836040000e-03
2.432642130000e-02 1.705786940000e+00 9.849328550000e-03
2.448863540000e-02 1.706856970000e+00 9.955165910000e-03
2.473195640000e-02 1.708996770000e+00 1.013567300000e-02
2.489417050000e-02 1.710066800000e+00 1.025384660000e-02
2.505638450000e-02 1.712206600000e+00 1.042915790000e-02
2.529970560000e-02 1.713062520000e+00 1.055382470000e-02
2.554301170000e-02 1.714988470000e+00 1.072978690000e-02
2.570522580000e-02 1.716486450000e+00 1.085250640000e-02
2.594854680000e-02 1.718412400000e+00 1.103885750000e-02
2.611076090000e-02 1.719268320000e+00 1.114664230000e-02
2.635408190000e-02 1.720980170000e+00 1.133558990000e-02
2.643518890000e-02 1.722050190000e+00 1.143883080000e-02
2.667851000000e-02 1.724190240000e+00 1.162323260000e-02
2.692183110000e-02 1.725046160000e+00 1.174010710000e-02
2.708404510000e-02 1.726972100000e+00 1.193295230000e-02
2.732735130000e-02 1.728041890000e+00 1.206086480000e-02
2.740845830000e-02 1.729539870000e+00 1.216605310000e-02
2.765177940000e-02 1.731251960000e+00 1.234461180000e-02
2.781399340000e-02 1.732321740000e+00 1.247252620000e-02
2.805731450000e-02 1.734033820000e+00 1.263874770000e-02
2.821952850000e-02 1.735317710000e+00 1.277380250000e-02
2.846284960000e-02 1.736815690000e+00 1.295885540000e-02
2.862506360000e-02 1.738313670000e+00 1.306988760000e-02
2.886838470000e-02 1.740025520000e+00 1.325623780000e-02
2.911169080000e-02 1.740881440000e+00 1.335233540000e-02
2.927390490000e-02 1.742807390000e+00 1.355037370000e-02
2.943611890000e-02 1.743877410000e+00 1.367244310000e-02
2.967944000000e-02 1.745803360000e+00 1.385230110000e-02
2.992276100000e-02 1.746873140000e+00 1.397177390000e-02
3.008497510000e-02 1.748585220000e+00 1.417370700000e-02
3.024718910000e-02 1.749869110000e+00 1.427889620000e-02
3.049051020000e-02 1.751580950000e+00 1.445875320000e-02
3.073383120000e-02 1.752650980000e+00 1.457692680000e-02
3.097713740000e-02 1.754576920000e+00 1.476912110000e-02
3.105824440000e-02 1.755432840000e+00 1.488794480000e-02
3.122045840000e-02 1.756502870000e+00 1.500092450000e-02
3.154488650000e-02 1.758428810000e+00 1.518792380000e-02
3.162599350000e-02 1.759498830000e+00 1.531064320000e-02
3.195042160000e-02 1.761210680000e+00 1.547881310000e-02
3.203152870000e-02 1.762280700000e+00 1.560542830000e-02
3.235595670000e-02 1.763992550000e+00 1.579307760000e-02
3.243706380000e-02 1.765062570000e+00 1.590605640000e-02
3.268036990000e-02 1.766560550000e+00 1.608266870000e-02
3.284258400000e-02 1.767844440000e+00 1.618850420000e-02
3.308590500000e-02 1.769770380000e+00 1.637550440000e-02
3.324811910000e-02 1.770840410000e+00 1.649368000000e-02
3.357254710000e-02 1.772338150000e+00 1.668067840000e-02
3.373476120000e-02 1.773836140000e+00 1.679950210000e-02
3.389697520000e-02 1.775334120000e+00 1.697286780000e-02
3.405918930000e-02 1.776190040000e+00 1.710013110000e-02
3.430251030000e-02 1.778115990000e+00 1.727934000000e-02
3.454581650000e-02 1.778971910000e+00 1.738972220000e-02
3.470803050000e-02 1.780897860000e+00 1.756892910000e-02
3.495135160000e-02 1.782395840000e+00 1.768840290000e-02
3.511356560000e-02 1.783465860000e+00 1.780982320000e-02
3.535688670000e-02 1.785177710000e+00 1.798383710000e-02
3.551910070000e-02 1.786461590000e+00 1.810201070000e-02
3.576242180000e-02 1.788173680000e+00 1.827926930000e-02
3.592463580000e-02 1.789029600000e+00 1.840913300000e-02
3.608684990000e-02 1.790527580000e+00 1.859288480000e-02
3.633015600000e-02 1.791597600000e+00 1.871235850000e-02
3.657347710000e-02 1.793523310000e+00 1.888896900000e-02
3.665458410000e-02 1.794593330000e+00 1.901363770000e-02
3.689790520000e-02 1.796091320000e+00 1.919219460000e-02
3.714122620000e-02 1.797161340000e+00 1.929868010000e-02
3.738454730000e-02 1.799087290000e+00 1.947853900000e-02
3.746565430000e-02 1.800157070000e+00 1.959995930000e-02
3.770897540000e-02 1.801655050000e+00 1.977916810000e-02
3.795228150000e-02 1.802725080000e+00 1.989149860000e-02
3.811449560000e-02 1.804436920000e+00 2.008564030000e-02
3.835781660000e-02 1.805506940000e+00 2.019537240000e-02
3.852003070000e-02 1.807004930000e+00 2.037587950000e-02
3.868224470000e-02 1.808074950000e+00 2.049470320000e-02
3.884445880000e-02 1.809144740000e+00 2.061612530000e-02
3.908777980000e-02 1.810642720000e+00 2.078559440000e-02
3.924999390000e-02 1.811926600000e+00 2.091675440000e-02
3.949331490000e-02 1.813210730000e+00 2.109206650000e-02
3.973662110000e-02 1.814280510000e+00 2.120569350000e-02
3.989883510000e-02 1.815992590000e+00 2.140827660000e-02
4.014215620000e-02 1.816848520000e+00 2.153554190000e-02
4.038547720000e-02 1.818560360000e+00 2.170955580000e-02
4.054769130000e-02 1.819416520000e+00 2.183487270000e-02
4.070990530000e-02 1.821342230000e+00 2.201537790000e-02
4.095322640000e-02 1.822412250000e+00 2.213419970000e-02
4.119654740000e-02 1.823910240000e+00 2.232379840000e-02
4.127765450000e-02 1.824766160000e+00 2.243223410000e-02
4.160206760000e-02 1.826692100000e+00 2.262248100000e-02
4.176428170000e-02 1.827548030000e+00 2.274260110000e-02
4.192649570000e-02 1.829260110000e+00 2.291336840000e-02
4.216981680000e-02 1.830116030000e+00 2.303608880000e-02
4.225092380000e-02 1.831186060000e+00 2.314906570000e-02
4.249424490000e-02 1.832897900000e+00 2.332892460000e-02
4.265645890000e-02 1.833967920000e+00 2.344645000000e-02
4.298088700000e-02 1.835679770000e+00 2.363280210000e-02
4.314310100000e-02 1.836535690000e+00 2.374448070000e-02
4.330530020000e-02 1.838033680000e+00 2.390745650000e-02
4.346751420000e-02 1.839103700000e+00 2.403667010000e-02
4.379194230000e-02 1.840815540000e+00 2.419509920000e-02
4.387304930000e-02 1.841885570000e+00 2.432496100000e-02
4.411637040000e-02 1.843169450000e+00 2.450351980000e-02
4.427858440000e-02 1.844239470000e+00 2.461065350000e-02
4.452190550000e-02 1.846165420000e+00 2.478791770000e-02
4.468411950000e-02 1.847235440000e+00 2.488725820000e-02
4.500854760000e-02 1.848733190000e+00 2.507296200000e-02
4.508963970000e-02 1.849803210000e+00 2.520217190000e-02
4.533296080000e-02 1.851301190000e+00 2.538657750000e-02
4.557628180000e-02 1.852371220000e+00 2.551124240000e-02
4.573849590000e-02 1.853868960000e+00 2.568850290000e-02
4.590070990000e-02 1.854938980000e+00 2.580213170000e-02
4.614403100000e-02 1.856009010000e+00 2.592160550000e-02
4.638735200000e-02 1.857506990000e+00 2.608912440000e-02
4.646845910000e-02 1.858576770000e+00 2.621379310000e-02
4.671178010000e-02 1.860074760000e+00 2.638780700000e-02
4.695508630000e-02 1.861144780000e+00 2.651117370000e-02
4.703619330000e-02 1.862642770000e+00 2.668648590000e-02
4.727951440000e-02 1.863712790000e+00 2.678518370000e-02
4.760394250000e-02 1.865424630000e+00 2.696568890000e-02
4.776615650000e-02 1.866280560000e+00 2.708321440000e-02
4.800947760000e-02 1.867778540000e+00 2.726177310000e-02
4.817169160000e-02 1.868848560000e+00 2.739617790000e-02
4.833390560000e-02 1.870132450000e+00 2.757538860000e-02
4.849611970000e-02 1.871202470000e+00 2.769226390000e-02
4.873942580000e-02 1.872700450000e+00 2.786887440000e-02
4.890163990000e-02 1.873556380000e+00 2.798445150000e-02
4.922606800000e-02 1.875268220000e+00 2.817015160000e-02
4.938828200000e-02 1.875910280000e+00 2.830195990000e-02
4.955049600000e-02 1.877622130000e+00 2.847208080000e-02
4.971271010000e-02 1.878264190000e+00 2.860324080000e-02
4.987492410000e-02 1.879120110000e+00 2.872400920000e-02
5.019935220000e-02 1.880831960000e+00 2.872400920000e-02
5.028045920000e-02 1.881901980000e+00 2.910263460000e-02
5.060487240000e-02 1.883185860000e+00 2.947782170000e-02
5.068597940000e-02 1.884255890000e+00 2.934844980000e-02
5.092930050000e-02 1.885967730000e+00 2.948428690000e-02
5.109151450000e-02 1.886823890000e+00 2.960719730000e-02
5.133483560000e-02 1.888535740000e+00 2.973010200000e-02
5.149704960000e-02 1.889391660000e+00 2.990475480000e-02
5.182147770000e-02 1.890889640000e+00 3.000178560000e-02
5.198369180000e-02 1.891745570000e+00 3.016350420000e-02
5.222699790000e-02 1.893243550000e+00 3.044165860000e-02
5.238921200000e-02 1.894313570000e+00 3.040931190000e-02
5.263253300000e-02 1.895597460000e+00 3.057103050000e-02
5.271364000000e-02 1.896667480000e+00 3.083624690000e-02
5.295696110000e-02 1.898165230000e+00 3.084271400000e-02
5.311917510000e-02 1.899449350000e+00 3.093974290000e-02
5.344360320000e-02 1.900733230000e+00 3.114027720000e-02
5.352471020000e-02 1.901803260000e+00 3.126964720000e-02
5.368692430000e-02 1.902873280000e+00 3.137315060000e-02
5.401133750000e-02 1.904157160000e+00 3.158014640000e-02
5.409244450000e-02 1.905013080000e+00 3.180008010000e-02
5.441687260000e-02 1.906511070000e+00 3.188417480000e-02
5.457908660000e-02 1.907581090000e+00 3.191651780000e-02
5.482240770000e-02 1.909078840000e+00 3.213645150000e-02
5.498462170000e-02 1.910148860000e+00 3.233698380000e-02
5.514683570000e-02 1.911860700000e+00 3.249222790000e-02
5.530904980000e-02 1.912502770000e+00 3.252457450000e-02
5.555237080000e-02 1.914000750000e+00 3.270569440000e-02
5.563347790000e-02 1.915070770000e+00 3.278979290000e-02
5.595789100000e-02 1.916568520000e+00 3.304854040000e-02
5.612010510000e-02 1.917424680000e+00 3.318437930000e-02
5.636342610000e-02 1.918922420000e+00 3.330081700000e-02
5.660674720000e-02 1.919778590000e+00 3.333316370000e-02
5.685006830000e-02 1.921490430000e+00 3.359837830000e-02
5.685006830000e-02 1.922132490000e+00 3.373421730000e-02
5.717449640000e-02 1.923630240000e+00 3.381831200000e-02
5.733671040000e-02 1.924486400000e+00 3.398003060000e-02
5.749892440000e-02 1.925342320000e+00 3.409646080000e-02
5.774223060000e-02 1.926840310000e+00 3.430346400000e-02
5.790444460000e-02 1.927696230000e+00 3.431640190000e-02
5.814776570000e-02 1.928980110000e+00 3.462690110000e-02
5.830997970000e-02 1.929836030000e+00 3.478861230000e-02
5.855330080000e-02 1.931334020000e+00 3.496973960000e-02
5.871551480000e-02 1.932617900000e+00 3.509910780000e-02
5.895883590000e-02 1.934115890000e+00 3.520261120000e-02
5.912104990000e-02 1.934971810000e+00 3.525435920000e-02
5.944546310000e-02 1.936469790000e+00 3.553251550000e-02
5.952657010000e-02 1.937325720000e+00 3.544842080000e-02
5.976989120000e-02 1.938609840000e+00 3.573304410000e-02
5.993210520000e-02 1.939679620000e+00 3.587535400000e-02
6.017542630000e-02 1.941177610000e+00 3.604353960000e-02
6.033764030000e-02 1.942033530000e+00 3.618585320000e-02
6.058096140000e-02 1.943531510000e+00 3.631522510000e-02
6.074317540000e-02 1.944173570000e+00 3.643165900000e-02
6.106760350000e-02 1.945671560000e+00 3.670981530000e-02
6.122980270000e-02 1.946741340000e+00 3.671628240000e-02
6.131090970000e-02 1.947811370000e+00 3.685212880000e-02
6.155423070000e-02 1.948881390000e+00 3.705265370000e-02
6.163533780000e-02 1.949951410000e+00 3.714968640000e-02
6.195976590000e-02 1.951449160000e+00 3.730493780000e-02
6.212197990000e-02 1.952091220000e+00 3.746665640000e-02
6.236530100000e-02 1.953803060000e+00 3.759602460000e-02
6.252751500000e-02 1.954659220000e+00 3.779008610000e-02
6.277083610000e-02 1.955729010000e+00 3.786771000000e-02
6.293305010000e-02 1.956585170000e+00 3.804883360000e-02
6.309524920000e-02 1.958082910000e+00 3.837873790000e-02
6.333857030000e-02 1.959367040000e+00 3.832051900000e-02
6.350078430000e-02 1.960864780000e+00 3.842401880000e-02
6.374410540000e-02 1.961720940000e+00 3.853398560000e-02
6.398742650000e-02 1.963004830000e+00 3.879920020000e-02
6.414964050000e-02 1.963860750000e+00 3.889622910000e-02
6.439296160000e-02 1.965358730000e+00 3.903207560000e-02
6.455517560000e-02 1.966000800000e+00 3.907088940000e-02
6.479848180000e-02 1.967712640000e+00 3.929082300000e-02
6.487958880000e-02 1.968354700000e+00 3.940726070000e-02
6.520401690000e-02 1.969424490000e+00 3.959485140000e-02
6.536623090000e-02 1.970494510000e+00 3.984712810000e-02
6.552844490000e-02 1.971350430000e+00 3.992475200000e-02
6.577176600000e-02 1.972848420000e+00 3.999590500000e-02
6.593398000000e-02 1.973704340000e+00 4.015116020000e-02
6.617730110000e-02 1.974988460000e+00 4.034521800000e-02
6.625840810000e-02 1.976058240000e+00 4.046165570000e-02
6.658282130000e-02 1.977556230000e+00 4.049399500000e-02
6.674503540000e-02 1.978840110000e+00 4.064277560000e-02
6.706946340000e-02 1.980124240000e+00 4.084330800000e-02
6.715057050000e-02 1.980980160000e+00 4.099208490000e-02
6.731278450000e-02 1.982478140000e+00 4.119262100000e-02
6.755610560000e-02 1.983334060000e+00 4.120555520000e-02
6.779942660000e-02 1.984404090000e+00 4.135433210000e-02
6.788053360000e-02 1.985687970000e+00 4.147076980000e-02
6.820496170000e-02 1.986971860000e+00 4.183948790000e-02
6.836716090000e-02 1.987613920000e+00 4.185242210000e-02
6.861048190000e-02 1.988897800000e+00 4.183948790000e-02
6.877269600000e-02 1.989967820000e+00 4.208529740000e-02
6.893491000000e-02 1.990823750000e+00 4.217585920000e-02
6.917823110000e-02 1.991893770000e+00 4.238932580000e-02
6.925933810000e-02 1.992749690000e+00 4.243460300000e-02
6.958376620000e-02 1.994033580000e+00 4.269335050000e-02
6.966487320000e-02 1.994675640000e+00 4.280332100000e-02
6.998930130000e-02 1.996173620000e+00 4.296503960000e-02
7.015150040000e-02 1.997029540000e+00 4.312028360000e-02
7.039482150000e-02 1.998313430000e+00 4.326259720000e-02
7.055703550000e-02 1.999383450000e+00 4.335315900000e-02
7.080035660000e-02 2.000453230000e+00 4.359896850000e-02
7.088146360000e-02 2.001309390000e+00 4.370893910000e-02
7.120589170000e-02 2.003021240000e+00 4.370893910000e-02
7.136810570000e-02 2.004091260000e+00 4.387065770000e-02
7.161142680000e-02 2.005375150000e+00 4.409705850000e-02
7.177364080000e-02 2.006231070000e+00 4.425230990000e-02
7.209805400000e-02 2.007515190000e+00 4.425877710000e-02
7.217916100000e-02 2.008584980000e+00 4.460161550000e-02
7.242248210000e-02 2.009655000000e+00 4.469217730000e-02
7.258469610000e-02 2.010510920000e+00 4.470511900000e-02
7.274691020000e-02 2.011152980000e+00 4.487977180000e-02
7.299023120000e-02 2.012864830000e+00 4.503501580000e-02
7.315244530000e-02 2.013506890000e+00 4.508677120000e-02
7.339576630000e-02 2.015004870000e+00 4.511264340000e-02
7.355798040000e-02 2.015860800000e+00 4.540373380000e-02
7.380128650000e-02 2.017144680000e+00 4.555251450000e-02
7.396350060000e-02 2.018000600000e+00 4.555898160000e-02
7.420682160000e-02 2.019712690000e+00 4.574010520000e-02
7.436903570000e-02 2.020354510000e+00 4.581126200000e-02
7.461235670000e-02 2.021852490000e+00 4.594063390000e-02
7.477457080000e-02 2.022708420000e+00 4.609588530000e-02
7.501789180000e-02 2.023992540000e+00 4.628347610000e-02
7.526121290000e-02 2.024848460000e+00 4.635463280000e-02
7.542342690000e-02 2.026132350000e+00 4.669100420000e-02
7.558562610000e-02 2.026988270000e+00 4.673628510000e-02
7.582894710000e-02 2.028272150000e+00 4.682684320000e-02
7.599116120000e-02 2.028700350000e+00 4.693034660000e-02
7.623448220000e-02 2.030198100000e+00 4.711793740000e-02
7.639669630000e-02 2.031054260000e+00 4.731846600000e-02
7.655891030000e-02 2.032124040000e+00 4.736374690000e-02
7.672112440000e-02 2.033408160000e+00 4.751899090000e-02
7.696444540000e-02 2.034049990000e+00 4.760955650000e-02
7.720776650000e-02 2.035333870000e+00 4.788123820000e-02
7.736996560000e-02 2.036190030000e+00 4.784889520000e-02
7.761328670000e-02 2.037473920000e+00 4.803002250000e-02
7.777550070000e-02 2.038329840000e+00 4.820467530000e-02
7.801882180000e-02 2.039613720000e+00 4.835345220000e-02
7.818103580000e-02 2.040255780000e+00 4.845048490000e-02
7.834324990000e-02 2.041539670000e+00 4.858632760000e-02
7.858657090000e-02 2.042395830000e+00 4.872864110000e-02
7.882989200000e-02 2.043893580000e+00 4.886448380000e-02
7.899210600000e-02 2.044749740000e+00 4.889035970000e-02
7.923541220000e-02 2.046033620000e+00 4.914263260000e-02
7.947873320000e-02 2.046889540000e+00 4.923966150000e-02
