#  J [A] 	 V 	 L [w] 
7.562339310000e-05 1.771420240000e-03 -1.420405240000e-09
-5.483627320000e-06 1.557439570000e-03 -1.162196120000e-09
-5.483627320000e-06 1.557439570000e-03 -1.355841330000e-09
-5.483627320000e-06 1.557439570000e-03 -1.162196120000e-09
-5.483627320000e-06 1.557439570000e-03 -1.291277420000e-09
7.562339310000e-05 1.557439570000e-03 -1.355841330000e-09
-5.483627320000e-06 1.557439570000e-03 -1.226713620000e-09
8.866861460000e-04 1.384799480000e+00 1.292808290000e-06
1.048900190000e-03 1.395713090000e+00 1.696415320000e-06
1.211114230000e-03 1.404914620000e+00 2.088208700000e-06
1.454435290000e-03 1.416684150000e+00 2.702205850000e-06
1.616649330000e-03 1.423959970000e+00 2.702205850000e-06
1.941069960000e-03 1.433161500000e+00 3.867547550000e-06
2.022176980000e-03 1.439367290000e+00 4.348230500000e-06
2.265498040000e-03 1.447284940000e+00 5.106279790000e-06
2.427712080000e-03 1.452634810000e+00 5.636330120000e-06
2.752132710000e-03 1.459910390000e+00 6.476224830000e-06
2.914346750000e-03 1.464618440000e+00 7.048496630000e-06
3.076560800000e-03 1.471038100000e+00 7.933862430000e-06
3.238774840000e-03 1.475317960000e+00 8.550306120000e-06
3.482095900000e-03 1.481737610000e+00 9.516867980000e-06
3.644302490000e-03 1.485803600000e+00 1.019891810000e-05
3.887623550000e-03 1.491367340000e+00 1.122588950000e-05
4.130944610000e-03 1.495219230000e+00 1.191898260000e-05
4.374265670000e-03 1.500996830000e+00 1.304793660000e-05
4.536472260000e-03 1.504420760000e+00 1.379754210000e-05
4.617579280000e-03 1.508058550000e+00 1.455429170000e-05
4.860900340000e-03 1.512980460000e+00 1.575210080000e-05
4.942007360000e-03 1.516190290000e+00 1.656991120000e-05
5.266435440000e-03 1.521326070000e+00 1.784242160000e-05
5.428642030000e-03 1.524322030000e+00 1.871804310000e-05
5.671963100000e-03 1.529243710000e+00 2.004057020000e-05
5.834177140000e-03 1.532453780000e+00 2.097335530000e-05
6.077498200000e-03 1.536519530000e+00 2.237317860000e-05
6.239704790000e-03 1.539729360000e+00 2.338391280000e-05
6.483025850000e-03 1.544223310000e+00 2.491235140000e-05
6.645239890000e-03 1.547005180000e+00 2.594582290000e-05
6.888560950000e-03 1.551285030000e+00 2.762625990000e-05
7.050774990000e-03 1.554280760000e+00 2.762625990000e-05
7.294088600000e-03 1.558132650000e+00 3.108974490000e-05
7.537409660000e-03 1.560700650000e+00 3.194703820000e-05
7.699623700000e-03 1.564980510000e+00 3.383047440000e-05
7.861837740000e-03 1.567548270000e+00 3.515538260000e-05
8.105151360000e-03 1.571614270000e+00 3.728561930000e-05
8.267365400000e-03 1.573968170000e+00 3.878587450000e-05
8.429579440000e-03 1.576535940000e+00 4.040953350000e-05
8.672900500000e-03 1.580387830000e+00 4.295542750000e-05
8.754007520000e-03 1.582955600000e+00 4.488433110000e-05
8.997321130000e-03 1.586593630000e+00 4.800174790000e-05
9.240642190000e-03 1.589161400000e+00 5.032682380000e-05
9.483963250000e-03 1.592585330000e+00 5.452234840000e-05
9.646177290000e-03 1.594939230000e+00 5.776966650000e-05
9.808383880000e-03 1.598363160000e+00 6.382265560000e-05
1.005170490000e-02 1.600930930000e+00 6.975874570000e-05
1.029502600000e-02 1.604141000000e+00 8.396248450000e-05
1.045724000000e-02 1.606494900000e+00 1.035892420000e-04
1.070055370000e-02 1.609062670000e+00 1.941113010000e-04
1.086276770000e-02 1.610132690000e+00 1.941113010000e-04
1.110608880000e-02 1.612058640000e+00 4.858139150000e-04
1.118719580000e-02 1.613342520000e+00 6.017008560000e-04
1.151162390000e-02 1.615482330000e+00 7.815210850000e-04
1.167383040000e-02 1.616766450000e+00 9.029420330000e-04
1.191715150000e-02 1.618906260000e+00 1.081004270000e-03
1.207936560000e-02 1.620404240000e+00 1.202034650000e-03
1.224157960000e-02 1.621688130000e+00 1.318898280000e-03
1.248489320000e-02 1.623828170000e+00 1.491622070000e-03
1.256600020000e-02 1.625112060000e+00 1.615516960000e-03
1.289042830000e-02 1.627251860000e+00 1.796704370000e-03
1.305264230000e-02 1.628749850000e+00 1.917018440000e-03
1.329596340000e-02 1.630675790000e+00 2.095731910000e-03
1.345817000000e-02 1.632173780000e+00 2.214418260000e-03
1.370149110000e-02 1.634313820000e+00 2.394108330000e-03
1.386370510000e-02 1.635811570000e+00 2.516050120000e-03
1.402591910000e-02 1.637951610000e+00 2.696261040000e-03
1.426923270000e-02 1.639235500000e+00 2.819439630000e-03
1.443144680000e-02 1.641375540000e+00 2.819439630000e-03
1.467476790000e-02 1.642659430000e+00 3.149786500000e-03
1.483698190000e-02 1.644799230000e+00 3.317307450000e-03
1.499919590000e-02 1.646083350000e+00 3.431585620000e-03
1.532361660000e-02 1.648437260000e+00 3.618586110000e-03
1.548583060000e-02 1.649721150000e+00 3.736759300000e-03
1.564804460000e-02 1.651647090000e+00 3.913370890000e-03
1.589136570000e-02 1.653145070000e+00 4.036089870000e-03
1.597247270000e-02 1.654642820000e+00 4.153614400000e-03
1.629689340000e-02 1.656568770000e+00 4.332822280000e-03
1.645910740000e-02 1.658066750000e+00 4.451645540000e-03
1.662132140000e-02 1.659992690000e+00 4.630205220000e-03
1.686464250000e-02 1.661490680000e+00 4.751625010000e-03
1.710795610000e-02 1.663416620000e+00 4.936677870000e-03
1.727017020000e-02 1.664700510000e+00 5.057448060000e-03
1.751349120000e-02 1.666626450000e+00 5.234709010000e-03
1.767570530000e-02 1.668338300000e+00 5.352233070000e-03
1.791901890000e-02 1.670050380000e+00 5.538584200000e-03
1.800012590000e-02 1.671548370000e+00 5.658705720000e-03
1.824344690000e-02 1.673688170000e+00 5.834667940000e-03
1.840566100000e-02 1.674972060000e+00 5.959334780000e-03
1.864898200000e-02 1.676898000000e+00 6.137244870000e-03
1.881118860000e-02 1.678181890000e+00 6.256067190000e-03
1.913561670000e-02 1.680321930000e+00 6.443068390000e-03
1.921672370000e-02 1.681605820000e+00 6.563188970000e-03
1.946004480000e-02 1.683745860000e+00 6.750188770000e-03
1.970336590000e-02 1.685029750000e+00 6.870960820000e-03
1.986557990000e-02 1.686527730000e+00 6.993029730000e-03
2.010888610000e-02 1.688239570000e+00 7.174185940000e-03
2.027110010000e-02 1.689737560000e+00 7.288465280000e-03
2.051442120000e-02 1.691877370000e+00 7.477412930000e-03
2.059552820000e-02 1.692947390000e+00 7.597533990000e-03
2.091995630000e-02 1.695087430000e+00 7.773496210000e-03
2.108217030000e-02 1.696157220000e+00 7.898163050000e-03
2.132549140000e-02 1.698297260000e+00 8.078670130000e-03
2.140659840000e-02 1.699367050000e+00 8.199442180000e-03
2.173102650000e-02 1.701292990000e+00 8.378000000000e-03
2.189322560000e-02 1.702790980000e+00 8.500069380000e-03
2.213654670000e-02 1.704931020000e+00 8.685772310000e-03
2.229876070000e-02 1.705786940000e+00 8.804595100000e-03
2.246097480000e-02 1.707926750000e+00 8.985751310000e-03
2.262318880000e-02 1.709424730000e+00 9.105223230000e-03
2.294761690000e-02 1.711136820000e+00 9.285730310000e-03
2.310983090000e-02 1.712420700000e+00 9.411046280000e-03
2.335315200000e-02 1.714132550000e+00 9.588307700000e-03
2.343425900000e-02 1.715416430000e+00 9.707780550000e-03
2.359647300000e-02 1.716914420000e+00 9.832445530000e-03
2.383977920000e-02 1.718840360000e+00 1.000970700000e-02
2.400199320000e-02 1.719910380000e+00 1.013177630000e-02
2.424531430000e-02 1.721836330000e+00 1.031553000000e-02
2.448863540000e-02 1.723120210000e+00 1.043759940000e-02
2.473195640000e-02 1.725046160000e+00 1.062265220000e-02
2.481306340000e-02 1.726330040000e+00 1.074277330000e-02
2.513749150000e-02 1.728255990000e+00 1.092263220000e-02
2.529970560000e-02 1.729539870000e+00 1.104405150000e-02
2.546190470000e-02 1.731251960000e+00 1.122390940000e-02
2.562411870000e-02 1.732749700000e+00 1.135117370000e-02
2.594854680000e-02 1.734461780000e+00 1.153298000000e-02
2.602965380000e-02 1.735745670000e+00 1.165245100000e-02
2.635408190000e-02 1.737457510000e+00 1.183620470000e-02
2.651629600000e-02 1.738741640000e+00 1.195762680000e-02
2.667851000000e-02 1.740453480000e+00 1.212969240000e-02
2.692183110000e-02 1.741737370000e+00 1.225760490000e-02
2.716515210000e-02 1.743877410000e+00 1.243941020000e-02
2.732735130000e-02 1.744733330000e+00 1.255823390000e-02
2.740845830000e-02 1.746017220000e+00 1.267965320000e-02
2.773288640000e-02 1.747729300000e+00 1.286145950000e-02
2.789510040000e-02 1.749227050000e+00 1.298417900000e-02
2.813842150000e-02 1.750939130000e+00 1.316793170000e-02
2.830063550000e-02 1.752223010000e+00 1.329194940000e-02
2.854395660000e-02 1.754148960000e+00 1.347115920000e-02
2.870617060000e-02 1.755218980000e+00 1.358868370000e-02
2.886838470000e-02 1.756930830000e+00 1.377178640000e-02
2.911169080000e-02 1.758428810000e+00 1.389125920000e-02
2.927390490000e-02 1.759926800000e+00 1.406527310000e-02
2.943611890000e-02 1.761210680000e+00 1.419123910000e-02
2.976054700000e-02 1.763136630000e+00 1.437888850000e-02
2.992276100000e-02 1.764206650000e+00 1.450355540000e-02
3.016608210000e-02 1.766132590000e+00 1.468406250000e-02
3.032829610000e-02 1.767202380000e+00 1.480288620000e-02
3.057161720000e-02 1.769128320000e+00 1.498599070000e-02
3.073383120000e-02 1.769984250000e+00 1.510481260000e-02
3.089603040000e-02 1.771910190000e+00 1.528207310000e-02
3.105824440000e-02 1.772980210000e+00 1.541063560000e-02
3.122045840000e-02 1.774264100000e+00 1.552426540000e-02
3.154488650000e-02 1.775976180000e+00 1.571515950000e-02
3.162599350000e-02 1.777474160000e+00 1.583463330000e-02
3.186931460000e-02 1.779186010000e+00 1.600929540000e-02
3.211263570000e-02 1.780041930000e+00 1.613396410000e-02
3.235595670000e-02 1.781967880000e+00 1.631252100000e-02
3.243706380000e-02 1.783251760000e+00 1.643329300000e-02
3.268036990000e-02 1.784749750000e+00 1.661380010000e-02
3.284258400000e-02 1.786247730000e+00 1.673262380000e-02
3.316701200000e-02 1.787745710000e+00 1.691637750000e-02
3.324811910000e-02 1.788815500000e+00 1.703844780000e-02
3.349144010000e-02 1.790527580000e+00 1.722479800000e-02
3.365365420000e-02 1.791811470000e+00 1.734557000000e-02
3.389697520000e-02 1.793523310000e+00 1.752477700000e-02
3.405918930000e-02 1.794807430000e+00 1.764619720000e-02
3.430251030000e-02 1.796305420000e+00 1.782345770000e-02
3.454581650000e-02 1.797375200000e+00 1.793903480000e-02
3.470803050000e-02 1.799301150000e+00 1.812863160000e-02
3.495135160000e-02 1.800371170000e+00 1.825264840000e-02
3.503245860000e-02 1.801441190000e+00 1.837471870000e-02
3.527577970000e-02 1.803153040000e+00 1.855847240000e-02
3.543799370000e-02 1.804436920000e+00 1.867599790000e-02
3.568131480000e-02 1.806362870000e+00 1.885585490000e-02
3.584352880000e-02 1.807432890000e+00 1.897337850000e-02
3.608684990000e-02 1.808930870000e+00 1.914999080000e-02
3.633015600000e-02 1.810214760000e+00 1.927400750000e-02
3.649237010000e-02 1.811926600000e+00 1.945776310000e-02
3.673569110000e-02 1.812782760000e+00 1.957788320000e-02
3.697901220000e-02 1.814922570000e+00 1.975709200000e-02
3.706011920000e-02 1.815778490000e+00 1.987266910000e-02
3.730344030000e-02 1.817276480000e+00 2.005707100000e-02
3.746565430000e-02 1.818346500000e+00 2.017784300000e-02
3.770897540000e-02 1.820058350000e+00 2.035575170000e-02
3.795228150000e-02 1.821342230000e+00 2.048171680000e-02
3.811449560000e-02 1.823054310000e+00 2.066352400000e-02
3.835781660000e-02 1.824124340000e+00 2.078689080000e-02
3.860113770000e-02 1.825836180000e+00 2.096609960000e-02
3.868224470000e-02 1.826906200000e+00 2.108816990000e-02
3.884445880000e-02 1.827975990000e+00 2.120439340000e-02
3.908777980000e-02 1.829901930000e+00 2.138490230000e-02
3.924999390000e-02 1.830757860000e+00 2.150762080000e-02
3.949331490000e-02 1.832469940000e+00 2.168553140000e-02
3.965552900000e-02 1.833325860000e+00 2.180629970000e-02
3.989883510000e-02 1.835251810000e+00 2.199784850000e-02
4.006104920000e-02 1.836107730000e+00 2.211796860000e-02
4.030437020000e-02 1.837819810000e+00 2.229717750000e-02
4.046658430000e-02 1.839103700000e+00 2.242508900000e-02
4.070990530000e-02 1.840601680000e+00 2.260624800000e-02
4.095322640000e-02 1.841457610000e+00 2.272896650000e-02
4.111544040000e-02 1.843169450000e+00 2.290687520000e-02
4.135876150000e-02 1.844239470000e+00 2.303024380000e-02
4.152096060000e-02 1.845951320000e+00 2.321269920000e-02
4.168317470000e-02 1.847021340000e+00 2.333736420000e-02
4.192649570000e-02 1.848519330000e+00 2.350683510000e-02
4.216981680000e-02 1.849589350000e+00 2.362630700000e-02
4.225092380000e-02 1.850659130000e+00 2.373733930000e-02
4.241313790000e-02 1.852371220000e+00 2.392369140000e-02
4.265645890000e-02 1.853441000000e+00 2.404835630000e-02
4.289978000000e-02 1.855153080000e+00 2.422691510000e-02
4.306199400000e-02 1.856009010000e+00 2.434898540000e-02
4.330530020000e-02 1.857506990000e+00 2.452819420000e-02
4.354862120000e-02 1.858576770000e+00 2.464441960000e-02
4.371083530000e-02 1.860288860000e+00 2.482038360000e-02
4.395415630000e-02 1.861144780000e+00 2.494180200000e-02
4.411637040000e-02 1.862856630000e+00 2.512685210000e-02
4.427858440000e-02 1.863926650000e+00 2.524827610000e-02
4.460301250000e-02 1.865424630000e+00 2.542748120000e-02
4.468411950000e-02 1.866494660000e+00 2.554241010000e-02
4.492744060000e-02 1.868420600000e+00 2.571382560000e-02
4.508963970000e-02 1.869490390000e+00 2.583200110000e-02
4.541406780000e-02 1.871202470000e+00 2.601250820000e-02
4.549517480000e-02 1.872058390000e+00 2.613133010000e-02
4.581960290000e-02 1.873556380000e+00 2.632092870000e-02
4.590070990000e-02 1.874840260000e+00 2.643845040000e-02
4.598181690000e-02 1.875696180000e+00 2.655662600000e-02
4.630624500000e-02 1.877194170000e+00 2.673128990000e-02
4.646845910000e-02 1.878478050000e+00 2.684491690000e-02
4.671178010000e-02 1.880190130000e+00 2.703062070000e-02
4.687397930000e-02 1.881046060000e+00 2.715009260000e-02
4.711730030000e-02 1.882544040000e+00 2.732929960000e-02
4.727951440000e-02 1.883827920000e+00 2.744877340000e-02
4.760394250000e-02 1.885111810000e+00 2.762408550000e-02
4.768504950000e-02 1.886181830000e+00 2.774485760000e-02
4.792837050000e-02 1.887679820000e+00 2.792406450000e-02
4.809058460000e-02 1.888749600000e+00 2.803704520000e-02
4.833390560000e-02 1.890461680000e+00 2.822014880000e-02
4.849611970000e-02 1.891103510000e+00 2.834156900000e-02
4.873942580000e-02 1.892815590000e+00 2.851688120000e-02
4.898274690000e-02 1.893885610000e+00 2.864154990000e-02
4.914496090000e-02 1.895169500000e+00 2.864154990000e-02
4.930717500000e-02 1.896239520000e+00 2.910263460000e-02
4.955049600000e-02 1.897737260000e+00 2.914791740000e-02
4.971271010000e-02 1.899021390000e+00 2.923847920000e-02
4.987492410000e-02 1.899877310000e+00 2.934197710000e-02
5.011824520000e-02 1.901161190000e+00 2.949722860000e-02
5.028045920000e-02 1.902231220000e+00 2.963954020000e-02
5.060487240000e-02 1.903943060000e+00 2.985300680000e-02
5.068597940000e-02 1.904798980000e+00 2.994356860000e-02
5.092930050000e-02 1.906296970000e+00 3.010528160000e-02
5.101040750000e-02 1.907366990000e+00 3.022819200000e-02
5.141594260000e-02 1.909078840000e+00 3.040931190000e-02
5.149704960000e-02 1.909720900000e+00 3.052574950000e-02
5.174037070000e-02 1.911432740000e+00 3.069393520000e-02
5.190258470000e-02 1.912288900000e+00 3.082977980000e-02
5.214590580000e-02 1.914000750000e+00 3.098502380000e-02
5.230810490000e-02 1.914856670000e+00 3.111440130000e-02
5.255142600000e-02 1.916354660000e+00 3.129552300000e-02
5.271364000000e-02 1.917424680000e+00 3.139255200000e-02
5.295696110000e-02 1.918708560000e+00 3.155427050000e-02
5.320028220000e-02 1.920206550000e+00 3.167070820000e-02
5.336249620000e-02 1.921704530000e+00 3.183242680000e-02
5.360581730000e-02 1.922774310000e+00 3.196826580000e-02
5.368692430000e-02 1.923844340000e+00 3.206529470000e-02
5.384913830000e-02 1.925128220000e+00 3.225288540000e-02
5.409244450000e-02 1.926198240000e+00 3.235638890000e-02
5.433576550000e-02 1.927696230000e+00 3.253750880000e-02
5.449797960000e-02 1.928552150000e+00 3.264101220000e-02
5.474130060000e-02 1.930050130000e+00 3.282213210000e-02
5.498462170000e-02 1.931120160000e+00 3.293856980000e-02
5.514683570000e-02 1.932617900000e+00 3.308734670000e-02
5.530904980000e-02 1.933687930000e+00 3.325553240000e-02
5.555237080000e-02 1.935185910000e+00 3.342371810000e-02
5.571458490000e-02 1.935827970000e+00 3.355309740000e-02
5.595789100000e-02 1.937325720000e+00 3.373421730000e-02
5.612010510000e-02 1.938395740000e+00 3.382477910000e-02
5.636342610000e-02 1.939679620000e+00 3.401237350000e-02
5.660674720000e-02 1.940963750000e+00 3.412234410000e-02
5.676896130000e-02 1.942247630000e+00 3.429699690000e-02
5.693117530000e-02 1.943317650000e+00 3.445224090000e-02
5.717449640000e-02 1.944601540000e+00 3.460102530000e-02
5.733671040000e-02 1.945671560000e+00 3.473039720000e-02
5.758001660000e-02 1.946527480000e+00 3.485976900000e-02
5.774223060000e-02 1.947811370000e+00 3.503442560000e-02
5.790444460000e-02 1.948667290000e+00 3.515086320000e-02
5.806665870000e-02 1.950165270000e+00 3.533198310000e-02
5.830997970000e-02 1.950807330000e+00 3.545488790000e-02
5.855330080000e-02 1.952519180000e+00 3.565542030000e-02
5.871551480000e-02 1.953589200000e+00 3.576538340000e-02
5.895883590000e-02 1.955087180000e+00 3.593356910000e-02
5.903994290000e-02 1.956156970000e+00 3.605000670000e-02
5.936435610000e-02 1.957226990000e+00 3.621819240000e-02
5.952657010000e-02 1.958297010000e+00 3.634109720000e-02
5.976989120000e-02 1.959795000000e+00 3.649634870000e-02
5.993210520000e-02 1.960436820000e+00 3.662572060000e-02
6.017542630000e-02 1.962148900000e+00 3.678097200000e-02
6.033764030000e-02 1.963004830000e+00 3.691681470000e-02
6.058096140000e-02 1.964288710000e+00 3.708500040000e-02
6.082428250000e-02 1.965358730000e+00 3.720790520000e-02
6.098649650000e-02 1.967926500000e+00 3.733081000000e-02
6.114871050000e-02 1.968354700000e+00 3.745371480000e-02
6.131090970000e-02 1.969638590000e+00 3.758955750000e-02
6.163533780000e-02 1.970708610000e+00 3.777067740000e-02
6.171644480000e-02 1.971350430000e+00 3.784830870000e-02
6.195976590000e-02 1.973276380000e+00 3.803589570000e-02
6.212197990000e-02 1.973918440000e+00 3.813939910000e-02
6.236530100000e-02 1.975630280000e+00 3.830758480000e-02
6.244640800000e-02 1.976272340000e+00 3.843048590000e-02
6.268972900000e-02 1.977770330000e+00 3.863101450000e-02
6.293305010000e-02 1.978840110000e+00 3.875391930000e-02
6.317635630000e-02 1.980124240000e+00 3.888329490000e-02
6.333857030000e-02 1.980980160000e+00 3.900619970000e-02
6.358189140000e-02 1.982478140000e+00 3.918085250000e-02
6.374410540000e-02 1.983119960000e+00 3.930375730000e-02
6.398742650000e-02 1.984404090000e+00 3.949782250000e-02
6.414964050000e-02 1.985260010000e+00 3.962072730000e-02
6.439296160000e-02 1.986971860000e+00 3.977597130000e-02
6.463628260000e-02 1.987827780000e+00 3.987947480000e-02
6.487958880000e-02 1.989111900000e+00 4.006059470000e-02
6.496069580000e-02 1.989753720000e+00 4.019644110000e-02
6.512290980000e-02 1.990609650000e+00 4.032580930000e-02
6.536623090000e-02 1.991893770000e+00 4.048106450000e-02
6.552844490000e-02 1.992963550000e+00 4.061043260000e-02
6.577176600000e-02 1.994247670000e+00 4.078508540000e-02
6.593398000000e-02 1.995103600000e+00 4.092739890000e-02
6.617730110000e-02 1.996601580000e+00 4.111498970000e-02
6.633951510000e-02 1.997671370000e+00 4.123142730000e-02
6.658282130000e-02 1.998955490000e+00 4.136727380000e-02
6.674503540000e-02 2.000025270000e+00 4.147723690000e-02
6.698835640000e-02 2.001095290000e+00 4.163248840000e-02
6.715057050000e-02 2.002165320000e+00 4.176833110000e-02
6.739389150000e-02 2.003449200000e+00 4.193004590000e-02
6.755610560000e-02 2.004091260000e+00 4.204001650000e-02
6.779942660000e-02 2.005803110000e+00 4.223407430000e-02
6.796164070000e-02 2.006659030000e+00 4.232463610000e-02
6.820496170000e-02 2.007943150000e+00 4.251869770000e-02
6.836716090000e-02 2.008799080000e+00 4.264160250000e-02
6.861048190000e-02 2.010297060000e+00 4.278391230000e-02
6.877269600000e-02 2.010938880000e+00 4.291975870000e-02
6.893491000000e-02 2.012864830000e+00 4.293269290000e-02
6.917823110000e-02 2.014148710000e+00 4.310734940000e-02
6.934044510000e-02 2.014790770000e+00 4.322378710000e-02
6.950265910000e-02 2.016288760000e+00 4.339843990000e-02
6.974598020000e-02 2.017144680000e+00 4.351487760000e-02
6.998930130000e-02 2.018428560000e+00 4.367012160000e-02
7.007040830000e-02 2.019284730000e+00 4.376715420000e-02
7.039482150000e-02 2.020782470000e+00 4.398062080000e-02
7.055703550000e-02 2.021424530000e+00 4.407764970000e-02
7.080035660000e-02 2.022922520000e+00 4.423936830000e-02
7.096257060000e-02 2.023564340000e+00 4.434933890000e-02
7.112478460000e-02 2.025062320000e+00 4.454340040000e-02
7.136810570000e-02 2.025918250000e+00 4.462748770000e-02
7.161142680000e-02 2.027202370000e+00 4.483448710000e-02
7.177364080000e-02 2.027630330000e+00 4.493798690000e-02
7.193584000000e-02 2.029128310000e+00 4.509970550000e-02
7.217916100000e-02 2.030198100000e+00 4.521614310000e-02
7.242248210000e-02 2.031268120000e+00 4.537786170000e-02
7.258469610000e-02 2.032124040000e+00 4.550076280000e-02
7.274691020000e-02 2.032979970000e+00 4.561072960000e-02
7.299023120000e-02 2.034477950000e+00 4.575951400000e-02
7.307133820000e-02 2.035333870000e+00 4.588888590000e-02
7.339576630000e-02 2.036617990000e+00 4.604413730000e-02
7.363908740000e-02 2.037473920000e+00 4.616703840000e-02
7.380128650000e-02 2.038971900000e+00 4.628347610000e-02
7.396350060000e-02 2.039827820000e+00 4.639991000000e-02
7.420682160000e-02 2.040897850000e+00 4.658750070000e-02
7.428792860000e-02 2.041753770000e+00 4.668452960000e-02
7.453124970000e-02 2.043037650000e+00 4.686565700000e-02
7.477457080000e-02 2.043893580000e+00 4.694328080000e-02
7.501789180000e-02 2.045391560000e+00 4.712440450000e-02
7.518010590000e-02 2.046033620000e+00 4.721497000000e-02
7.542342690000e-02 2.047745470000e+00 4.740255700000e-02
7.558562610000e-02 2.048601390000e+00 4.751252380000e-02
7.582894710000e-02 2.049671410000e+00 4.768717660000e-02
7.591005410000e-02 2.051383260000e+00 4.770658540000e-02
7.623448220000e-02 2.052667380000e+00 4.784889520000e-02
7.631558920000e-02 2.053309200000e+00 4.797827450000e-02
7.647780330000e-02 2.054165360000e+00 4.809470470000e-02
7.680223140000e-02 2.055663110000e+00 4.824348910000e-02
7.696444540000e-02 2.056305170000e+00 4.834051800000e-02
7.720776650000e-02 2.057375190000e+00 4.850223290000e-02
7.745107260000e-02 2.058017020000e+00 4.859926920000e-02
7.761328670000e-02 2.059301140000e+00 4.876745490000e-02
7.777550070000e-02 2.060370920000e+00 4.887741800000e-02
7.801882180000e-02 2.061655040000e+00 4.901972790000e-02
7.809992880000e-02 2.062296870000e+00 4.913616550000e-02
7.842435690000e-02 2.063794850000e+00 4.929788410000e-02
7.866767790000e-02 2.064436910000e+00 4.938844960000e-02
7.882989200000e-02 2.065506700000e+00 4.956956580000e-02
7.907319810000e-02 2.066362860000e+00 4.969247060000e-02
7.923541220000e-02 2.067860600000e+00 4.983478410000e-02
7.939762620000e-02 2.068716760000e+00 4.993181300000e-02
