#  J [A] 	 V 	 L [w] 
-5.483627320000e-06 1.129448410000e-03 -1.614050450000e-09
-5.483627320000e-06 9.154677390000e-04 -1.549532950000e-09
-5.483627320000e-06 9.154677390000e-04 -1.549532950000e-09
-5.483627320000e-06 1.129448410000e-03 -1.484969040000e-09
7.562339310000e-05 1.129448410000e-03 -1.549532950000e-09
-5.483627320000e-06 9.154677390000e-04 -1.484969040000e-09
2.378374340000e-04 1.107894180000e+00 4.944380980000e-07
8.866861460000e-04 1.314610240000e+00 1.001400280000e-06
9.677931670000e-04 1.327021600000e+00 1.331671110000e-06
1.130007210000e-03 1.337935210000e+00 1.677758520000e-06
1.454435290000e-03 1.350774770000e+00 2.217709150000e-06
1.616649330000e-03 1.358692410000e+00 2.618863160000e-06
1.859962940000e-03 1.368963960000e+00 2.618863160000e-06
2.022176980000e-03 1.375383850000e+00 3.673326320000e-06
2.265498040000e-03 1.383729460000e+00 4.335238370000e-06
2.427712080000e-03 1.388865230000e+00 4.789938430000e-06
2.671025690000e-03 1.396569010000e+00 5.513561060000e-06
2.752132710000e-03 1.400848870000e+00 6.002688220000e-06
3.076560800000e-03 1.407696490000e+00 6.752293300000e-06
3.157667820000e-03 1.411976340000e+00 7.277796610000e-06
3.400988880000e-03 1.417754170000e+00 8.081965460000e-06
3.644302490000e-03 1.421819930000e+00 8.651640200000e-06
3.887623550000e-03 1.427811860000e+00 9.497381140000e-06
3.968730570000e-03 1.431021690000e+00 1.006575530000e-05
4.212051630000e-03 1.436371330000e+00 1.097385580000e-05
4.455365240000e-03 1.439795260000e+00 1.157341100000e-05
4.536472260000e-03 1.443005080000e+00 1.217816130000e-05
4.860900340000e-03 1.447927000000e+00 1.310639800000e-05
4.942007360000e-03 1.450708870000e+00 1.373973010000e-05
5.266435440000e-03 1.455416680000e+00 1.471928320000e-05
5.428642030000e-03 1.458412650000e+00 1.536885430000e-05
5.671963100000e-03 1.462692500000e+00 1.635750050000e-05
5.753070120000e-03 1.465688230000e+00 1.704539680000e-05
5.996391180000e-03 1.469754220000e+00 1.805353170000e-05
6.239704790000e-03 1.472321990000e+00 1.877390600000e-05
6.401918830000e-03 1.476387980000e+00 1.984115080000e-05
6.564132870000e-03 1.478955750000e+00 2.055243200000e-05
6.888560950000e-03 1.482807640000e+00 2.167813910000e-05
7.050774990000e-03 1.485375400000e+00 2.242709520000e-05
7.212981580000e-03 1.489013430000e+00 2.352551750000e-05
7.456302640000e-03 1.491581200000e+00 2.432449040000e-05
7.618516680000e-03 1.495219230000e+00 2.550541290000e-05
7.780730720000e-03 1.497573140000e+00 2.630048770000e-05
8.024044330000e-03 1.500782970000e+00 2.750024580000e-05
8.186258380000e-03 1.503350730000e+00 2.830896120000e-05
8.348472420000e-03 1.505490780000e+00 2.830896120000e-05
8.591793480000e-03 1.509128570000e+00 3.064811610000e-05
8.754007520000e-03 1.511268620000e+00 3.142746570000e-05
8.997321130000e-03 1.514478450000e+00 3.271989770000e-05
9.159535170000e-03 1.516618250000e+00 3.357718740000e-05
9.402856230000e-03 1.519828080000e+00 3.498002840000e-05
9.565070270000e-03 1.522181990000e+00 3.589576950000e-05
9.808383880000e-03 1.525177960000e+00 3.728561930000e-05
9.970597920000e-03 1.527103900000e+00 3.829228810000e-05
1.021391900000e-02 1.530313730000e+00 3.980553450000e-05
1.037613300000e-02 1.532239680000e+00 4.083168100000e-05
1.061945410000e-02 1.535235640000e+00 4.234493100000e-05
1.078166070000e-02 1.537161590000e+00 4.339705990000e-05
1.102498170000e-02 1.540157320000e+00 4.504019670000e-05
1.118719580000e-02 1.542297360000e+00 4.612480190000e-05
1.143051680000e-02 1.544865130000e+00 4.785886990000e-05
1.159272340000e-02 1.546791080000e+00 4.909934070000e-05
1.191715150000e-02 1.549787040000e+00 5.093731310000e-05
1.207936560000e-02 1.551498890000e+00 5.222325850000e-05
1.224157960000e-02 1.553638940000e+00 5.357413830000e-05
1.232268660000e-02 1.555992840000e+00 5.556148610000e-05
1.256600020000e-02 1.557918790000e+00 5.703577700000e-05
1.280932130000e-02 1.560486560000e+00 5.936084200000e-05
1.297153530000e-02 1.562412500000e+00 6.093254710000e-05
1.321485640000e-02 1.565194370000e+00 6.349142500000e-05
1.337706300000e-02 1.566906450000e+00 6.527744700000e-05
1.362038400000e-02 1.569474220000e+00 6.823250440000e-05
1.378259810000e-02 1.571186070000e+00 7.035624730000e-05
1.402591910000e-02 1.573754070000e+00 7.388932140000e-05
1.418813320000e-02 1.575465920000e+00 7.658458340000e-05
1.443144680000e-02 1.578247790000e+00 8.107886970000e-05
1.459366080000e-02 1.579959870000e+00 8.464442360000e-05
1.483698190000e-02 1.582099680000e+00 9.085328200000e-05
1.499919590000e-02 1.584025620000e+00 9.584765210000e-05
1.524250950000e-02 1.586593630000e+00 1.063494490000e-04
1.540472360000e-02 1.588091610000e+00 1.159874740000e-04
1.564804460000e-02 1.590445520000e+00 1.386342340000e-04
1.581025870000e-02 1.591943260000e+00 1.670352210000e-04
1.597247270000e-02 1.593013290000e+00 2.155111140000e-04
1.613467930000e-02 1.595153330000e+00 2.155111140000e-04
1.637800040000e-02 1.596009250000e+00 4.440164480000e-04
1.662132140000e-02 1.597507240000e+00 6.116619920000e-04
1.678353550000e-02 1.598577020000e+00 7.261167050000e-04
1.702684910000e-02 1.600289110000e+00 8.961711430000e-04
1.718906310000e-02 1.601145030000e+00 1.010756010000e-03
1.743238420000e-02 1.603070970000e+00 1.179638670000e-03
1.759459820000e-02 1.603498940000e+00 1.288949980000e-03
1.783791180000e-02 1.605424880000e+00 1.464863770000e-03
1.800012590000e-02 1.606280800000e+00 1.581271640000e-03
1.824344690000e-02 1.607778790000e+00 1.752693320000e-03
1.840566100000e-02 1.608848810000e+00 1.871054290000e-03
1.864898200000e-02 1.610346560000e+00 2.042020210000e-03
1.881118860000e-02 1.611202720000e+00 2.153740500000e-03
1.897340270000e-02 1.612914560000e+00 2.324706410000e-03
1.921672370000e-02 1.613984580000e+00 2.433496990000e-03
1.946004480000e-02 1.615696430000e+00 2.607066880000e-03
1.962225880000e-02 1.616552350000e+00 2.722367880000e-03
1.986557990000e-02 1.617622380000e+00 2.838124750000e-03
2.002779390000e-02 1.619120360000e+00 2.838124750000e-03
2.018999310000e-02 1.619976280000e+00 3.145890540000e-03
2.043331410000e-02 1.621688130000e+00 3.317956810000e-03
2.051442120000e-02 1.622758150000e+00 3.432234980000e-03
2.083884920000e-02 1.624042030000e+00 3.598457200000e-03
2.100106330000e-02 1.625112060000e+00 3.708839420000e-03
2.132549140000e-02 1.626823900000e+00 3.873762670000e-03
2.132549140000e-02 1.627680060000e+00 3.986741880000e-03
2.164991950000e-02 1.629177810000e+00 4.156860990000e-03
2.181213350000e-02 1.630247830000e+00 4.271137990000e-03
2.205543970000e-02 1.631745820000e+00 4.444503230000e-03
2.221765370000e-02 1.632815840000e+00 4.558131560000e-03
2.246097480000e-02 1.634313820000e+00 4.734093790000e-03
2.262318880000e-02 1.635383610000e+00 4.849021320000e-03
2.286650990000e-02 1.636667730000e+00 5.017840300000e-03
2.294761690000e-02 1.637951610000e+00 5.130170380000e-03
2.327204500000e-02 1.639235500000e+00 5.295094100000e-03
2.343425900000e-02 1.640519380000e+00 5.405476780000e-03
2.351536600000e-02 1.641375540000e+00 5.519753790000e-03
2.383977920000e-02 1.642873290000e+00 5.692469890000e-03
2.400199320000e-02 1.643729450000e+00 5.804799500000e-03
2.424531430000e-02 1.645441290000e+00 5.982059990000e-03
2.440752830000e-02 1.646297220000e+00 6.096987520000e-03
2.465084940000e-02 1.647795200000e+00 6.265806970000e-03
2.489417050000e-02 1.648865220000e+00 6.379435300000e-03
2.505638450000e-02 1.650362970000e+00 6.543061230000e-03
2.513749150000e-02 1.651219130000e+00 6.657338240000e-03
2.546190470000e-02 1.652930970000e+00 6.827457340000e-03
2.562411870000e-02 1.654001000000e+00 6.943683140000e-03
2.578633280000e-02 1.655498980000e+00 7.116397840000e-03
2.602965380000e-02 1.656354900000e+00 7.228728380000e-03
2.627297490000e-02 1.658066750000e+00 7.401443550000e-03
2.643518890000e-02 1.658708810000e+00 7.513774090000e-03
2.667851000000e-02 1.660420660000e+00 7.672204640000e-03
2.675961700000e-02 1.661276580000e+00 7.785832510000e-03
2.708404510000e-02 1.662988660000e+00 7.954652420000e-03
2.724624430000e-02 1.663844590000e+00 8.070228620000e-03
2.740845830000e-02 1.664914610000e+00 8.183209230000e-03
2.765177940000e-02 1.666198490000e+00 8.357223120000e-03
2.773288640000e-02 1.667482380000e+00 8.472799320000e-03
2.805731450000e-02 1.668766260000e+00 8.640969170000e-03
2.821952850000e-02 1.669836280000e+00 8.752001450000e-03
2.846284960000e-02 1.671334270000e+00 8.914976380000e-03
2.862506360000e-02 1.672404290000e+00 9.024059400000e-03
2.886838470000e-02 1.673688170000e+00 9.200671690000e-03
2.903058380000e-02 1.674758200000e+00 9.313002230000e-03
2.919279780000e-02 1.676256180000e+00 9.478574620000e-03
2.935501190000e-02 1.677325960000e+00 9.597398340000e-03
2.967944000000e-02 1.678823950000e+00 9.770113040000e-03
2.976054700000e-02 1.679679870000e+00 9.883740920000e-03
3.008497510000e-02 1.681177850000e+00 1.005191170000e-02
3.016608210000e-02 1.682033780000e+00 1.016229390000e-02
3.040940310000e-02 1.683745860000e+00 1.033046470000e-02
3.065272420000e-02 1.684387680000e+00 1.044409260000e-02
3.089603040000e-02 1.686313630000e+00 1.061745830000e-02
3.097713740000e-02 1.687383650000e+00 1.073368360000e-02
3.122045840000e-02 1.688025710000e+00 1.084471400000e-02
3.146377950000e-02 1.689309600000e+00 1.101613230000e-02
3.154488650000e-02 1.690165520000e+00 1.112456620000e-02
3.186931460000e-02 1.691877370000e+00 1.128494460000e-02
3.203152870000e-02 1.692947390000e+00 1.139987170000e-02
3.227484970000e-02 1.694445370000e+00 1.157193820000e-02
3.243706380000e-02 1.695301290000e+00 1.168881260000e-02
3.268036990000e-02 1.697013140000e+00 1.185763160000e-02
3.276147690000e-02 1.697869300000e+00 1.197126140000e-02
3.308590500000e-02 1.699367050000e+00 1.214072950000e-02
3.316701200000e-02 1.700223210000e+00 1.224981250000e-02
3.349144010000e-02 1.701720950000e+00 1.241538670000e-02
3.365365420000e-02 1.702577110000e+00 1.252901460000e-02
3.381586820000e-02 1.704288960000e+00 1.269588620000e-02
3.405918930000e-02 1.704931020000e+00 1.281016410000e-02
3.430251030000e-02 1.706429000000e+00 1.297768480000e-02
3.438360240000e-02 1.707284930000e+00 1.308612060000e-02
3.470803050000e-02 1.708996770000e+00 1.326338020000e-02
3.478913750000e-02 1.710066800000e+00 1.337441150000e-02
3.503245860000e-02 1.710922720000e+00 1.348609290000e-02
3.527577970000e-02 1.712420700000e+00 1.364906780000e-02
3.543799370000e-02 1.713490720000e+00 1.375945010000e-02
3.568131480000e-02 1.714774610000e+00 1.393151560000e-02
3.584352880000e-02 1.715630530000e+00 1.404319700000e-02
3.600574280000e-02 1.717128520000e+00 1.421396530000e-02
3.624904900000e-02 1.718198300000e+00 1.432564480000e-02
3.649237010000e-02 1.719696280000e+00 1.448991990000e-02
3.665458410000e-02 1.720552210000e+00 1.460030210000e-02
3.689790520000e-02 1.722050190000e+00 1.476587540000e-02
3.697901220000e-02 1.723120210000e+00 1.487495840000e-02
3.730344030000e-02 1.724404100000e+00 1.504832320000e-02
3.746565430000e-02 1.725260020000e+00 1.516260020000e-02
3.762786840000e-02 1.726758000000e+00 1.532427780000e-02
3.787118940000e-02 1.727828030000e+00 1.544050410000e-02
3.811449560000e-02 1.729111910000e+00 1.560283080000e-02
3.827670960000e-02 1.730181930000e+00 1.571580950000e-02
3.852003070000e-02 1.731679920000e+00 1.588073370000e-02
3.868224470000e-02 1.732535840000e+00 1.599111590000e-02
3.876335170000e-02 1.733605860000e+00 1.610734130000e-02
3.908777980000e-02 1.734675650000e+00 1.627031710000e-02
3.924999390000e-02 1.735531810000e+00 1.637875100000e-02
3.949331490000e-02 1.737243650000e+00 1.654302700000e-02
3.957442190000e-02 1.738099580000e+00 1.664691600000e-02
3.989883510000e-02 1.739597560000e+00 1.681963170000e-02
3.997994210000e-02 1.740667580000e+00 1.693715530000e-02
4.030437020000e-02 1.741951470000e+00 1.710532610000e-02
4.046658430000e-02 1.743021490000e+00 1.721700470000e-02
4.070990530000e-02 1.744305370000e+00 1.738128070000e-02
4.087211940000e-02 1.745589260000e+00 1.748906450000e-02
4.111544040000e-02 1.746873140000e+00 1.765463870000e-02
4.127765450000e-02 1.747515200000e+00 1.776566920000e-02
4.152096060000e-02 1.749227050000e+00 1.793578830000e-02
4.168317470000e-02 1.749869110000e+00 1.804941710000e-02
4.192649570000e-02 1.751367090000e+00 1.821498950000e-02
4.208870980000e-02 1.752437110000e+00 1.832537170000e-02
4.216981680000e-02 1.753293040000e+00 1.842861060000e-02
4.249424490000e-02 1.754791020000e+00 1.859418490000e-02
4.265645890000e-02 1.755646940000e+00 1.870391700000e-02
4.289978000000e-02 1.757144930000e+00 1.886948940000e-02
4.306199400000e-02 1.758214710000e+00 1.898766310000e-02
4.338640720000e-02 1.759498830000e+00 1.915388550000e-02
4.338640720000e-02 1.760354760000e+00 1.926231940000e-02
4.362972830000e-02 1.761638640000e+00 1.942594540000e-02
4.379194230000e-02 1.762494560000e+00 1.952983440000e-02
4.411637040000e-02 1.764206650000e+00 1.968956370000e-02
4.427858440000e-02 1.765062570000e+00 1.979734930000e-02
4.452190550000e-02 1.766346450000e+00 1.996292170000e-02
4.468411950000e-02 1.767416480000e+00 2.007590230000e-02
4.492744060000e-02 1.768914460000e+00 2.024666780000e-02
4.508963970000e-02 1.769556280000e+00 2.036159490000e-02
4.525185380000e-02 1.771268370000e+00 2.052067590000e-02
4.549517480000e-02 1.771910190000e+00 2.063040990000e-02
4.573849590000e-02 1.773408170000e+00 2.079663050000e-02
4.590070990000e-02 1.774264100000e+00 2.090701460000e-02
4.606292400000e-02 1.775120260000e+00 2.101869320000e-02
4.630624500000e-02 1.776618000000e+00 2.118426560000e-02
4.638735200000e-02 1.777688030000e+00 2.129399960000e-02
4.671178010000e-02 1.778971910000e+00 2.146087030000e-02
4.679288720000e-02 1.779828070000e+00 2.156735770000e-02
4.711730030000e-02 1.781111960000e+00 2.172773520000e-02
4.727951440000e-02 1.782181980000e+00 2.184331040000e-02
4.744172840000e-02 1.783465860000e+00 2.200369160000e-02
4.760394250000e-02 1.784535880000e+00 2.212251350000e-02
4.784726350000e-02 1.785605670000e+00 2.228289280000e-02
4.800947760000e-02 1.786889790000e+00 2.238418530000e-02
4.841501270000e-02 1.788387540000e+00 2.254261640000e-02
4.841501270000e-02 1.789243700000e+00 2.264910190000e-02
4.873942580000e-02 1.790099620000e+00 2.281142580000e-02
4.882053290000e-02 1.791169400000e+00 2.292180990000e-02
4.914496090000e-02 1.792881490000e+00 2.307634430000e-02
4.930717500000e-02 1.793737410000e+00 2.317893510000e-02
4.946938900000e-02 1.795021300000e+00 2.333217300000e-02
4.963160310000e-02 1.795877220000e+00 2.343865670000e-02
4.979381710000e-02 1.796947240000e+00 2.355293740000e-02
5.003713820000e-02 1.797803160000e+00 2.371591140000e-02
5.019935220000e-02 1.799301150000e+00 2.382694370000e-02
5.044265840000e-02 1.800371170000e+00 2.398407460000e-02
5.068597940000e-02 1.801441190000e+00 2.408342060000e-02
5.092930050000e-02 1.802725080000e+00 2.425159140000e-02
5.109151450000e-02 1.803367140000e+00 2.436521650000e-02
5.133483560000e-02 1.805078980000e+00 2.453338730000e-02
5.141594260000e-02 1.805721040000e+00 2.464701610000e-02
5.165926370000e-02 1.807218790000e+00 2.480284870000e-02
5.190258470000e-02 1.808288810000e+00 2.489440140000e-02
5.214590580000e-02 1.809572700000e+00 2.504504100000e-02
5.222699790000e-02 1.810214760000e+00 2.515607330000e-02
5.247031900000e-02 1.811712740000e+00 2.533203360000e-02
5.263253300000e-02 1.812782760000e+00 2.544241770000e-02
5.287585410000e-02 1.814066650000e+00 2.559240720000e-02
5.303806810000e-02 1.815136670000e+00 2.569304970000e-02
5.328138920000e-02 1.816420560000e+00 2.584563750000e-02
5.352471020000e-02 1.817276480000e+00 2.595601790000e-02
5.368692430000e-02 1.818132400000e+00 2.606315350000e-02
5.384913830000e-02 1.819416520000e+00 2.622872590000e-02
5.401133750000e-02 1.820272450000e+00 2.634560130000e-02
5.425465850000e-02 1.821984290000e+00 2.650857900000e-02
5.441687260000e-02 1.822626350000e+00 2.660986970000e-02
5.466019360000e-02 1.823910240000e+00 2.676830070000e-02
5.482240770000e-02 1.824766160000e+00 2.687543630000e-02
5.514683570000e-02 1.826264140000e+00 2.704685180000e-02
5.522794280000e-02 1.826906200000e+00 2.716632560000e-02
5.555237080000e-02 1.828403950000e+00 2.732929960000e-02
5.571458490000e-02 1.829260110000e+00 2.743124220000e-02
5.595789100000e-02 1.830757860000e+00 2.758967320000e-02
5.612010510000e-02 1.831614020000e+00 2.770005350000e-02
5.628231910000e-02 1.832897900000e+00 2.786952260000e-02
5.644453320000e-02 1.833753820000e+00 2.797925660000e-02
5.676896130000e-02 1.835251810000e+00 2.813314090000e-02
5.685006830000e-02 1.835893870000e+00 2.822988850000e-02
5.709338930000e-02 1.837391610000e+00 2.838247640000e-02
5.725560340000e-02 1.838247780000e+00 2.849740350000e-02
5.741781740000e-02 1.839103700000e+00 2.859479930000e-02
5.766112360000e-02 1.840387580000e+00 2.859479930000e-02
5.782333760000e-02 1.841457610000e+00 2.907029350000e-02
5.806665870000e-02 1.842741490000e+00 2.902501260000e-02
5.830997970000e-02 1.843597410000e+00 2.905735930000e-02
5.847219380000e-02 1.844881530000e+00 2.923201210000e-02
5.863440780000e-02 1.845523360000e+00 2.934197710000e-02
5.887772890000e-02 1.847021340000e+00 2.950369570000e-02
5.903994290000e-02 1.847877260000e+00 2.960072460000e-02
5.928326400000e-02 1.849375250000e+00 2.973656920000e-02
5.952657010000e-02 1.850231170000e+00 2.982066570000e-02
5.968878420000e-02 1.851301190000e+00 2.998885140000e-02
5.985099820000e-02 1.852371220000e+00 3.010528160000e-02
6.009431930000e-02 1.853655100000e+00 3.027346730000e-02
6.025653330000e-02 1.854511020000e+00 3.035756390000e-02
6.049985440000e-02 1.856009010000e+00 3.051928240000e-02
6.066206840000e-02 1.856436970000e+00 3.062924560000e-02
6.090538950000e-02 1.857934950000e+00 3.079743120000e-02
6.114871050000e-02 1.858790870000e+00 3.088799490000e-02
6.131090970000e-02 1.859646800000e+00 3.101089970000e-02
6.147312370000e-02 1.861144780000e+00 3.115968410000e-02
6.163533780000e-02 1.862000700000e+00 3.124377320000e-02
6.187865880000e-02 1.863284590000e+00 3.137315060000e-02
6.204087290000e-02 1.864140750000e+00 3.151545670000e-02
6.236530100000e-02 1.865210530000e+00 3.169011320000e-02
6.244640800000e-02 1.866066690000e+00 3.181948510000e-02
6.277083610000e-02 1.867564440000e+00 3.194886450000e-02
6.285194310000e-02 1.868420600000e+00 3.202648460000e-02
6.317635630000e-02 1.869704480000e+00 3.214938940000e-02
6.333857030000e-02 1.870774510000e+00 3.229170290000e-02
6.350078430000e-02 1.871844290000e+00 3.247282650000e-02
6.374410540000e-02 1.872700450000e+00 3.257632630000e-02
6.390631940000e-02 1.873770240000e+00 3.271863610000e-02
6.414964050000e-02 1.874840260000e+00 3.280919790000e-02
6.431185450000e-02 1.876124140000e+00 3.297091280000e-02
6.447406860000e-02 1.877194170000e+00 3.304206580000e-02
6.479848180000e-02 1.878264190000e+00 3.324906530000e-02
6.487958880000e-02 1.879120110000e+00 3.332022200000e-02
6.512290980000e-02 1.879976030000e+00 3.341725100000e-02
6.528512390000e-02 1.881474020000e+00 3.355956450000e-02
6.544733790000e-02 1.882329940000e+00 3.368893640000e-02
6.569065900000e-02 1.883399960000e+00 3.383772080000e-02
6.593398000000e-02 1.884255890000e+00 3.396062550000e-02
6.609619410000e-02 1.885967730000e+00 3.398003060000e-02
6.625840810000e-02 1.886823890000e+00 3.410293530000e-02
6.650172920000e-02 1.887679820000e+00 3.432286900000e-02
6.666392830000e-02 1.888749600000e+00 3.448458760000e-02
6.690724940000e-02 1.890033720000e+00 3.462690110000e-02
6.698835640000e-02 1.890889640000e+00 3.474980220000e-02
6.731278450000e-02 1.892387630000e+00 3.474980220000e-02
6.747499850000e-02 1.893243550000e+00 3.485976900000e-02
6.771831960000e-02 1.894313570000e+00 3.513145820000e-02
6.788053360000e-02 1.894955400000e+00 3.526082630000e-02
6.812385470000e-02 1.896025420000e+00 3.539667280000e-02
6.828606870000e-02 1.897095440000e+00 3.549370170000e-02
6.852937490000e-02 1.898593430000e+00 3.558426350000e-02
6.869158890000e-02 1.899021390000e+00 3.572010250000e-02
6.893491000000e-02 1.900091170000e+00 3.583007310000e-02
6.901601700000e-02 1.901375290000e+00 3.598532450000e-02
6.925933810000e-02 1.902231220000e+00 3.606941550000e-02
6.950265910000e-02 1.903729200000e+00 3.617938610000e-02
6.966487320000e-02 1.904371020000e+00 3.630875800000e-02
6.990819420000e-02 1.905655150000e+00 3.648341070000e-02
7.007040830000e-02 1.906511070000e+00 3.658043970000e-02
7.031371440000e-02 1.907794950000e+00 3.674862910000e-02
7.047592850000e-02 1.908437010000e+00 3.678743910000e-02
7.071924950000e-02 1.909935000000e+00 3.697503360000e-02
7.088146360000e-02 1.910576820000e+00 3.708500040000e-02
7.112478460000e-02 1.912074800000e+00 3.725318610000e-02
7.128699870000e-02 1.912930730000e+00 3.736315300000e-02
7.161142680000e-02 1.914000750000e+00 3.747312350000e-02
7.177364080000e-02 1.915070770000e+00 3.751192990000e-02
7.193584000000e-02 1.916354660000e+00 3.775774310000e-02
7.209805400000e-02 1.916996720000e+00 3.786124290000e-02
7.234137510000e-02 1.918280600000e+00 3.802296150000e-02
7.258469610000e-02 1.919350620000e+00 3.810704870000e-02
7.274691020000e-02 1.920206550000e+00 3.813939910000e-02
7.299023120000e-02 1.921276330000e+00 3.827523440000e-02
7.307133820000e-02 1.922132490000e+00 3.838520500000e-02
7.331465930000e-02 1.923202280000e+00 3.859867160000e-02
7.347687330000e-02 1.924272300000e+00 3.870217130000e-02
7.372017950000e-02 1.925556180000e+00 3.873451800000e-02
7.388239350000e-02 1.926412340000e+00 3.888976200000e-02
7.412571460000e-02 1.927696230000e+00 3.906441480000e-02
7.428792860000e-02 1.928338050000e+00 3.915498030000e-02
7.461235670000e-02 1.929408070000e+00 3.934903820000e-02
7.469346370000e-02 1.930478100000e+00 3.935551270000e-02
7.501789180000e-02 1.931976080000e+00 3.945900870000e-02
7.509899880000e-02 1.932617900000e+00 3.962072730000e-02
7.534231990000e-02 1.933687930000e+00 3.973716500000e-02
7.550451900000e-02 1.934757950000e+00 3.985359520000e-02
7.582894710000e-02 1.935827970000e+00 3.998297450000e-02
7.591005410000e-02 1.936683890000e+00 4.006706180000e-02
7.615337520000e-02 1.937967780000e+00 4.025465620000e-02
7.639669630000e-02 1.938823700000e+00 4.035168510000e-02
7.655891030000e-02 1.939679620000e+00 4.040990770000e-02
7.672112440000e-02 1.940749650000e+00 4.057809340000e-02
7.688333840000e-02 1.941605570000e+00 4.066218060000e-02
7.712665950000e-02 1.942889690000e+00 4.081743580000e-02
7.728885860000e-02 1.943745610000e+00 4.094033690000e-02
7.753217970000e-02 1.945029500000e+00 4.108911750000e-02
7.769439370000e-02 1.945671560000e+00 4.115380720000e-02
7.785660770000e-02 1.946955440000e+00 4.128964990000e-02
7.818103580000e-02 1.947811370000e+00 4.140608010000e-02
7.842435690000e-02 1.948881390000e+00 4.156133160000e-02
7.850546390000e-02 1.949737310000e+00 4.163895550000e-02
7.882989200000e-02 1.951021190000e+00 4.177479820000e-02
7.891099900000e-02 1.951877360000e+00 4.187829790000e-02
7.915430520000e-02 1.952947140000e+00 4.200767350000e-02
7.939762620000e-02 1.953803060000e+00 4.213057830000e-02
