#  J [A] 	 V 	 L [w] 
7.562339310000e-05 1.557439570000e-03 -1.226713620000e-09
-5.483627320000e-06 1.129448410000e-03 -1.355841330000e-09
-5.483627320000e-06 1.343458890000e-03 -1.097632210000e-09
-5.483627320000e-06 1.557439570000e-03 -1.420405240000e-09
7.562339310000e-05 1.343458890000e-03 -1.484969040000e-09
-5.483627320000e-06 1.343458890000e-03 -1.678614250000e-09
-5.483627320000e-06 9.392688870000e-01 3.541567820000e-07
9.677931670000e-04 1.347350840000e+00 1.165825670000e-06
1.048900190000e-03 1.358692410000e+00 1.523468430000e-06
1.292221250000e-03 1.368750100000e+00 1.893118910000e-06
1.454435290000e-03 1.380519630000e+00 2.472771940000e-06
1.616649330000e-03 1.388009310000e+00 2.472771940000e-06
1.859962940000e-03 1.397852900000e+00 3.582386170000e-06
2.022176980000e-03 1.403416630000e+00 4.024743700000e-06
2.265498040000e-03 1.411762480000e+00 4.740571510000e-06
2.427712080000e-03 1.416898250000e+00 5.226450410000e-06
2.752132710000e-03 1.424173830000e+00 6.000739630000e-06
2.833239730000e-03 1.428667780000e+00 6.551575550000e-06
3.076560800000e-03 1.435301540000e+00 7.369385460000e-06
3.238774840000e-03 1.439367290000e+00 7.938410820000e-06
3.482095900000e-03 1.445358990000e+00 8.830920710000e-06
3.644302490000e-03 1.449424980000e+00 9.457756280000e-06
3.887623550000e-03 1.454988720000e+00 1.038209670000e-05
4.130944610000e-03 1.458626510000e+00 1.101542880000e-05
4.293158650000e-03 1.463762280000e+00 1.202681140000e-05
4.455365240000e-03 1.467186210000e+00 1.270561370000e-05
4.617579280000e-03 1.470610140000e+00 1.338181570000e-05
4.860900340000e-03 1.475103860000e+00 1.444581360000e-05
5.023114380000e-03 1.478527780000e+00 1.515774420000e-05
5.266435440000e-03 1.483021500000e+00 1.629579310000e-05
5.428642030000e-03 1.486231570000e+00 1.701876500000e-05
5.671963100000e-03 1.490297320000e+00 1.818019880000e-05
5.834177140000e-03 1.493293290000e+00 1.896877800000e-05
6.077498200000e-03 1.497359040000e+00 2.014385060000e-05
6.239704790000e-03 1.500568870000e+00 2.099479020000e-05
6.483025850000e-03 1.504420760000e+00 2.225170830000e-05
6.645239890000e-03 1.507202630000e+00 2.311434040000e-05
6.888560950000e-03 1.511482480000e+00 2.447779120000e-05
7.050774990000e-03 1.513836380000e+00 2.536835200000e-05
7.294088600000e-03 1.517474170000e+00 2.671946090000e-05
7.456302640000e-03 1.520256040000e+00 2.770031460000e-05
7.699623700000e-03 1.523894070000e+00 2.770031460000e-05
7.861837740000e-03 1.526461840000e+00 3.039482360000e-05
8.105151360000e-03 1.530099870000e+00 3.182364160000e-05
8.267365400000e-03 1.532667640000e+00 3.274588020000e-05
8.429579440000e-03 1.534807680000e+00 3.395387470000e-05
8.672900500000e-03 1.538231370000e+00 3.557103990000e-05
8.835114540000e-03 1.540585280000e+00 3.675955300000e-05
9.078428150000e-03 1.544009210000e+00 3.854557870000e-05
9.240642190000e-03 1.546363120000e+00 3.982501580000e-05
9.483963250000e-03 1.549787040000e+00 4.176041330000e-05
9.646177290000e-03 1.551926850000e+00 4.317624190000e-05
9.889490900000e-03 1.555136680000e+00 4.513762180000e-05
1.005170490000e-02 1.557490590000e+00 4.677426480000e-05
1.029502600000e-02 1.560700650000e+00 4.926170730000e-05
1.037613300000e-02 1.562840460000e+00 5.083340150000e-05
1.070055370000e-02 1.566050290000e+00 5.360011350000e-05
1.086276770000e-02 1.567976240000e+00 5.543159930000e-05
1.110608880000e-02 1.570972200000e+00 5.862695250000e-05
1.126830280000e-02 1.572898150000e+00 6.095852220000e-05
1.151162390000e-02 1.576107980000e+00 6.512157420000e-05
1.167383040000e-02 1.578247790000e+00 6.854425010000e-05
1.191715150000e-02 1.581029890000e+00 7.419456960000e-05
1.207936560000e-02 1.583169700000e+00 7.935129540000e-05
1.224157960000e-02 1.584881540000e+00 8.575499670000e-05
1.248489320000e-02 1.587663410000e+00 9.993276760000e-05
1.264710720000e-02 1.589589360000e+00 1.180202960000e-04
1.289042830000e-02 1.592157360000e+00 1.820962500000e-04
1.305264230000e-02 1.593441250000e+00 2.727222160000e-04
1.329596340000e-02 1.595153330000e+00 2.727222160000e-04
1.345817000000e-02 1.596223120000e+00 5.596430270000e-04
1.370149110000e-02 1.598149060000e+00 7.355568810000e-04
1.386370510000e-02 1.599004980000e+00 8.529412440000e-04
1.410702620000e-02 1.600717070000e+00 1.027618070000e-03
1.426923270000e-02 1.602215050000e+00 1.144807440000e-03
1.451255380000e-02 1.603712800000e+00 1.318963360000e-03
1.467476790000e-02 1.604996920000e+00 1.437649950000e-03
1.491808890000e-02 1.606708770000e+00 1.611219950000e-03
1.499919590000e-02 1.607778790000e+00 1.724437580000e-03
1.532361660000e-02 1.609704730000e+00 1.906276210000e-03
1.548583060000e-02 1.610988620000e+00 2.023595620000e-03
1.572915170000e-02 1.612272500000e+00 2.194235800000e-03
1.589136570000e-02 1.613770480000e+00 2.316633240000e-03
1.597247270000e-02 1.614626410000e+00 2.432780810000e-03
1.629689340000e-02 1.616552350000e+00 2.607262460000e-03
1.645910740000e-02 1.617836240000e+00 2.722498260000e-03
1.670242850000e-02 1.619334220000e+00 2.722498260000e-03
1.686464250000e-02 1.620618340000e+00 3.046547300000e-03
1.702684910000e-02 1.622330190000e+00 3.210821650000e-03
1.718906310000e-02 1.623614070000e+00 3.330943410000e-03
1.751349120000e-02 1.625112060000e+00 3.499113020000e-03
1.767570530000e-02 1.626610040000e+00 3.612092460000e-03
1.791901890000e-02 1.628108020000e+00 3.777665780000e-03
1.800012590000e-02 1.629391910000e+00 3.897787540000e-03
1.832455400000e-02 1.631103750000e+00 4.080242480000e-03
1.848676800000e-02 1.632173780000e+00 4.197766540000e-03
1.873008160000e-02 1.633671760000e+00 4.377624490000e-03
1.889229570000e-02 1.634955640000e+00 4.488006700000e-03
1.913561670000e-02 1.636881590000e+00 4.667215510000e-03
1.921672370000e-02 1.637951610000e+00 4.794479350000e-03
1.954115180000e-02 1.639663460000e+00 4.967194520000e-03
1.970336590000e-02 1.640733480000e+00 5.078874990000e-03
1.978447290000e-02 1.641803500000e+00 5.202244040000e-03
2.010888610000e-02 1.643301250000e+00 5.383400250000e-03
2.027110010000e-02 1.644585370000e+00 5.500275180000e-03
2.051442120000e-02 1.646511320000e+00 5.693119020000e-03
2.067663520000e-02 1.647581100000e+00 5.793111860000e-03
2.083884920000e-02 1.649507050000e+00 5.963230970000e-03
2.108217030000e-02 1.650577070000e+00 6.082053300000e-03
2.132549140000e-02 1.652075050000e+00 6.261262110000e-03
2.140659840000e-02 1.653358940000e+00 6.377487910000e-03
2.173102650000e-02 1.654856920000e+00 6.537217650000e-03
2.189322560000e-02 1.655926940000e+00 6.674220790000e-03
2.213654670000e-02 1.657852890000e+00 6.841092370000e-03
2.229876070000e-02 1.658922670000e+00 6.967058410000e-03
2.254208180000e-02 1.660420660000e+00 7.142371030000e-03
2.262318880000e-02 1.661704540000e+00 7.263790820000e-03
2.286650990000e-02 1.663416620000e+00 7.452089340000e-03
2.310983090000e-02 1.664486410000e+00 7.555329240000e-03
2.335315200000e-02 1.666198490000e+00 7.735836320000e-03
2.351536600000e-02 1.667054410000e+00 7.855958310000e-03
2.359647300000e-02 1.668124440000e+00 7.967639710000e-03
2.392088620000e-02 1.669836280000e+00 8.154639040000e-03
2.408310030000e-02 1.671120170000e+00 8.265671320000e-03
2.432642130000e-02 1.672618150000e+00 8.440982550000e-03
2.440752830000e-02 1.673688170000e+00 8.556560610000e-03
2.473195640000e-02 1.675400020000e+00 8.733170110000e-03
2.489417050000e-02 1.676684140000e+00 8.854592220000e-03
2.505638450000e-02 1.678181890000e+00 9.035098370000e-03
2.529970560000e-02 1.679251910000e+00 9.153272960000e-03
2.546190470000e-02 1.680963990000e+00 9.318196210000e-03
2.562411870000e-02 1.682247880000e+00 9.446108710000e-03
2.586743980000e-02 1.683745860000e+00 9.612332100000e-03
2.602965380000e-02 1.684815650000e+00 9.725959970000e-03
2.635408190000e-02 1.686527730000e+00 9.901922200000e-03
2.643518890000e-02 1.687597510000e+00 1.002788820000e-02
2.667851000000e-02 1.689095500000e+00 1.019475980000e-02
2.675961700000e-02 1.690165520000e+00 1.031618010000e-02
2.708404510000e-02 1.692091460000e+00 1.049863450000e-02
2.732735130000e-02 1.693161490000e+00 1.061486080000e-02
2.740845830000e-02 1.694017410000e+00 1.073628010000e-02
2.773288640000e-02 1.695943360000e+00 1.090574920000e-02
2.789510040000e-02 1.696799280000e+00 1.102262460000e-02
2.805731450000e-02 1.698511120000e+00 1.120053510000e-02
2.821952850000e-02 1.699581150000e+00 1.132195540000e-02
2.846284960000e-02 1.701079130000e+00 1.148817690000e-02
2.862506360000e-02 1.702363010000e+00 1.161803860000e-02
2.894949170000e-02 1.704075100000e+00 1.178815680000e-02
2.903058380000e-02 1.705144880000e+00 1.189983640000e-02
2.927390490000e-02 1.706642870000e+00 1.206670980000e-02
2.943611890000e-02 1.707712890000e+00 1.219267400000e-02
2.967944000000e-02 1.709210870000e+00 1.236928530000e-02
2.992276100000e-02 1.710494760000e+00 1.248745990000e-02
3.008497510000e-02 1.711992740000e+00 1.267186180000e-02
3.024718910000e-02 1.712848660000e+00 1.277964750000e-02
3.049051020000e-02 1.714988470000e+00 1.295301230000e-02
3.065272420000e-02 1.715844630000e+00 1.307573080000e-02
3.089603040000e-02 1.717556480000e+00 1.324844640000e-02
3.113935140000e-02 1.718626260000e+00 1.336986760000e-02
3.122045840000e-02 1.719482420000e+00 1.348284540000e-02
3.146377950000e-02 1.721194270000e+00 1.366789830000e-02
3.170710060000e-02 1.722478150000e+00 1.377308550000e-02
3.186931460000e-02 1.723976140000e+00 1.394839860000e-02
3.211263570000e-02 1.724832060000e+00 1.407890860000e-02
3.227484970000e-02 1.726544140000e+00 1.424772850000e-02
3.243706380000e-02 1.727613930000e+00 1.436785140000e-02
3.268036990000e-02 1.729111910000e+00 1.453472210000e-02
3.292369100000e-02 1.730181930000e+00 1.466523300000e-02
3.316701200000e-02 1.731679920000e+00 1.483015620000e-02
3.332922610000e-02 1.732963800000e+00 1.495352390000e-02
3.349144010000e-02 1.734461780000e+00 1.512688860000e-02
3.365365420000e-02 1.735317710000e+00 1.524181760000e-02
3.389697520000e-02 1.737029550000e+00 1.542167460000e-02
3.405918930000e-02 1.737885710000e+00 1.552686100000e-02
3.430251030000e-02 1.739597560000e+00 1.569892840000e-02
3.446470950000e-02 1.740453480000e+00 1.582099680000e-02
3.478913750000e-02 1.742379430000e+00 1.600929540000e-02
3.487024460000e-02 1.743449450000e+00 1.611708100000e-02
3.511356560000e-02 1.744305370000e+00 1.622941160000e-02
3.535688670000e-02 1.746017220000e+00 1.643653960000e-02
3.551910070000e-02 1.746873140000e+00 1.653848030000e-02
3.568131480000e-02 1.748371120000e+00 1.670729930000e-02
3.584352880000e-02 1.749441150000e+00 1.682872140000e-02
3.608684990000e-02 1.750939130000e+00 1.700208520000e-02
3.633015600000e-02 1.752223010000e+00 1.711701230000e-02
3.657347710000e-02 1.753506900000e+00 1.729362460000e-02
3.673569110000e-02 1.754791020000e+00 1.741309650000e-02
3.689790520000e-02 1.756288770000e+00 1.757087740000e-02
3.706011920000e-02 1.757358790000e+00 1.769229770000e-02
3.738454730000e-02 1.758856770000e+00 1.787085640000e-02
3.746565430000e-02 1.759926800000e+00 1.798513530000e-02
3.770897540000e-02 1.761424780000e+00 1.816109750000e-02
3.787118940000e-02 1.762494560000e+00 1.830069720000e-02
3.819560260000e-02 1.763992550000e+00 1.845718180000e-02
3.827670960000e-02 1.765062570000e+00 1.856626380000e-02
3.852003070000e-02 1.766560550000e+00 1.874092780000e-02
3.868224470000e-02 1.767416480000e+00 1.884806340000e-02
3.892556580000e-02 1.768486500000e+00 1.897337850000e-02
3.908777980000e-02 1.770198350000e+00 1.914414760000e-02
3.916888680000e-02 1.771268370000e+00 1.926167120000e-02
3.957442190000e-02 1.772552250000e+00 1.943373680000e-02
3.965552900000e-02 1.773622270000e+00 1.955126230000e-02
3.989883510000e-02 1.775120260000e+00 1.971423630000e-02
4.014215620000e-02 1.776404140000e+00 1.984929290000e-02
4.038547720000e-02 1.777902130000e+00 2.001876200000e-02
4.054769130000e-02 1.778971910000e+00 2.014083230000e-02
4.079101230000e-02 1.780256030000e+00 2.030965130000e-02
4.087211940000e-02 1.781539920000e+00 2.042522840000e-02
4.111544040000e-02 1.783037900000e+00 2.060378720000e-02
4.127765450000e-02 1.783893820000e+00 2.071481940000e-02
4.152096060000e-02 1.785177710000e+00 2.088818510000e-02
4.168317470000e-02 1.786247730000e+00 2.100376040000e-02
4.192649570000e-02 1.787745710000e+00 2.117582410000e-02
4.208870980000e-02 1.788815500000e+00 2.129854450000e-02
4.233203080000e-02 1.789885520000e+00 2.140957490000e-02
4.249424490000e-02 1.791383500000e+00 2.158748540000e-02
4.273756590000e-02 1.792453530000e+00 2.170176250000e-02
4.289978000000e-02 1.793523310000e+00 2.187382990000e-02
4.314310100000e-02 1.794807430000e+00 2.198810690000e-02
4.330530020000e-02 1.796305420000e+00 2.216666560000e-02
4.346751420000e-02 1.797375200000e+00 2.227055650000e-02
4.371083530000e-02 1.798659320000e+00 2.245106360000e-02
4.387304930000e-02 1.799729110000e+00 2.255884740000e-02
4.411637040000e-02 1.801227090000e+00 2.274065460000e-02
4.427858440000e-02 1.802297120000e+00 2.285168510000e-02
4.460301250000e-02 1.803581000000e+00 2.304063180000e-02
4.468411950000e-02 1.804651020000e+00 2.313673120000e-02
4.500854760000e-02 1.806149010000e+00 2.329840700000e-02
4.517074670000e-02 1.807218790000e+00 2.341398410000e-02
4.533296080000e-02 1.808716770000e+00 2.359968420000e-02
4.557628180000e-02 1.809786800000e+00 2.370877010000e-02
4.581960290000e-02 1.811284780000e+00 2.389512210000e-02
4.590070990000e-02 1.812354800000e+00 2.400680070000e-02
4.614403100000e-02 1.813210730000e+00 2.411393630000e-02
4.630624500000e-02 1.814708710000e+00 2.428860030000e-02
4.646845910000e-02 1.815350530000e+00 2.439313750000e-02
4.671178010000e-02 1.817062620000e+00 2.456585320000e-02
4.687397930000e-02 1.818346500000e+00 2.468532700000e-02
4.711730030000e-02 1.819416520000e+00 2.486778240000e-02
4.727951440000e-02 1.820486310000e+00 2.498140740000e-02
4.752283540000e-02 1.821984290000e+00 2.515412680000e-02
4.768504950000e-02 1.822840210000e+00 2.527164850000e-02
4.792837050000e-02 1.824338200000e+00 2.544371600000e-02
4.809058460000e-02 1.825194120000e+00 2.555539650000e-02
4.833390560000e-02 1.826692100000e+00 2.571902240000e-02
4.849611970000e-02 1.827762130000e+00 2.585212890000e-02
4.873942580000e-02 1.829260110000e+00 2.603782900000e-02
4.898274690000e-02 1.830329900000e+00 2.612808530000e-02
4.914496090000e-02 1.831614020000e+00 2.630664410000e-02
4.930717500000e-02 1.832683800000e+00 2.641507800000e-02
4.955049600000e-02 1.834181790000e+00 2.658260050000e-02
4.971271010000e-02 1.835037710000e+00 2.670401890000e-02
4.987492410000e-02 1.836107730000e+00 2.681245280000e-02
5.019935220000e-02 1.837391610000e+00 2.698646670000e-02
5.028045920000e-02 1.838247780000e+00 2.708646100000e-02
5.052376540000e-02 1.839745520000e+00 2.725982670000e-02
5.068597940000e-02 1.840815540000e+00 2.736631040000e-02
5.092930050000e-02 1.842099430000e+00 2.754746750000e-02
5.109151450000e-02 1.843383550000e+00 2.765525320000e-02
5.133483560000e-02 1.844667430000e+00 2.782861520000e-02
5.141594260000e-02 1.845523360000e+00 2.793770100000e-02
5.174037070000e-02 1.847235440000e+00 2.810457160000e-02
5.198369180000e-02 1.848305230000e+00 2.820781060000e-02
5.214590580000e-02 1.849589350000e+00 2.837078830000e-02
5.230810490000e-02 1.850659130000e+00 2.847857210000e-02
5.255142600000e-02 1.851943250000e+00 2.864999140000e-02
5.271364000000e-02 1.853013040000e+00 2.864999140000e-02
5.295696110000e-02 1.854297160000e+00 2.919967100000e-02
5.311917510000e-02 1.855153080000e+00 2.907676060000e-02
5.336249620000e-02 1.856864930000e+00 2.921907230000e-02
5.352471020000e-02 1.857720850000e+00 2.932257580000e-02
5.376803130000e-02 1.858790870000e+00 2.947135460000e-02
5.393024530000e-02 1.860074760000e+00 2.953604240000e-02
5.409244450000e-02 1.860930680000e+00 2.962013150000e-02
5.441687260000e-02 1.862428670000e+00 2.980125880000e-02
5.449797960000e-02 1.863498690000e+00 3.004059940000e-02
5.482240770000e-02 1.864568710000e+00 3.016997130000e-02
5.482240770000e-02 1.865424630000e+00 3.029287420000e-02
5.506572870000e-02 1.866708520000e+00 3.038990500000e-02
5.539015680000e-02 1.867778540000e+00 3.065511960000e-02
5.563347790000e-02 1.869062420000e+00 3.073274900000e-02
5.571458490000e-02 1.870132450000e+00 3.073921610000e-02
5.595789100000e-02 1.871416330000e+00 3.101737240000e-02
5.612010510000e-02 1.872486350000e+00 3.112733550000e-02
5.636342610000e-02 1.873984340000e+00 3.129552300000e-02
5.652564020000e-02 1.874840260000e+00 3.137961780000e-02
5.676896130000e-02 1.875910280000e+00 3.161249310000e-02
5.693117530000e-02 1.876980070000e+00 3.167070820000e-02
5.717449640000e-02 1.878478050000e+00 3.188417480000e-02
5.733671040000e-02 1.879333970000e+00 3.194886450000e-02
5.749892440000e-02 1.880190130000e+00 3.207176920000e-02
5.774223060000e-02 1.881687880000e+00 3.222701330000e-02
5.782333760000e-02 1.882544040000e+00 3.231757510000e-02
5.814776570000e-02 1.883827920000e+00 3.251163660000e-02
5.822887270000e-02 1.884683850000e+00 3.258278970000e-02
5.855330080000e-02 1.886395690000e+00 3.285447880000e-02
5.879662190000e-02 1.887465720000e+00 3.285447880000e-02
5.895883590000e-02 1.888749600000e+00 3.300972660000e-02
5.903994290000e-02 1.889819620000e+00 3.314556930000e-02
5.936435610000e-02 1.891103510000e+00 3.324906530000e-02
5.952657010000e-02 1.891959670000e+00 3.342371810000e-02
5.976989120000e-02 1.893457410000e+00 3.355956450000e-02
5.993210520000e-02 1.894527440000e+00 3.365012630000e-02
6.009431930000e-02 1.895811320000e+00 3.378596530000e-02
6.033764030000e-02 1.896881340000e+00 3.409646080000e-02
6.058096140000e-02 1.898379330000e+00 3.407705950000e-02
6.074317540000e-02 1.899021390000e+00 3.419349720000e-02
6.098649650000e-02 1.900519370000e+00 3.441989790000e-02
6.114871050000e-02 1.901375290000e+00 3.459455070000e-02
6.131090970000e-02 1.902231220000e+00 3.463336830000e-02
6.155423070000e-02 1.903515100000e+00 3.468511630000e-02
6.171644480000e-02 1.904371020000e+00 3.484683480000e-02
6.204087290000e-02 1.905869010000e+00 3.502148760000e-02
6.212197990000e-02 1.906724930000e+00 3.522848710000e-02
6.236530100000e-02 1.908222910000e+00 3.551311050000e-02
6.260862200000e-02 1.909078840000e+00 3.540960700000e-02
6.277083610000e-02 1.910362960000e+00 3.564248230000e-02
6.301414220000e-02 1.911432740000e+00 3.570070120000e-02
6.317635630000e-02 1.912288900000e+00 3.592710200000e-02
6.333857030000e-02 1.913572790000e+00 3.608882050000e-02
6.358189140000e-02 1.914856670000e+00 3.618585320000e-02
6.374410540000e-02 1.915712590000e+00 3.630875800000e-02
6.398742650000e-02 1.916996720000e+00 3.645753490000e-02
6.414964050000e-02 1.917852640000e+00 3.654162960000e-02
6.439296160000e-02 1.919136520000e+00 3.682625290000e-02
6.455517560000e-02 1.919992450000e+00 3.689093520000e-02
6.479848180000e-02 1.921062470000e+00 3.702678160000e-02
6.496069580000e-02 1.922132490000e+00 3.707206250000e-02
6.512290980000e-02 1.922774310000e+00 3.727258740000e-02
6.536623090000e-02 1.924272300000e+00 3.739549960000e-02
6.552844490000e-02 1.925128220000e+00 3.757015240000e-02
6.577176600000e-02 1.926840310000e+00 3.764777630000e-02
6.593398000000e-02 1.927482130000e+00 3.777715190000e-02
6.609619410000e-02 1.928980110000e+00 3.792592880000e-02
6.633951510000e-02 1.930050130000e+00 3.797768060000e-02
6.666392830000e-02 1.931334020000e+00 3.820408140000e-02
6.674503540000e-02 1.932617900000e+00 3.826230020000e-02
6.690724940000e-02 1.933902030000e+00 3.837873790000e-02
6.715057050000e-02 1.934757950000e+00 3.858573360000e-02
6.739389150000e-02 1.936041830000e+00 3.870864210000e-02
6.755610560000e-02 1.936683890000e+00 3.883154690000e-02
6.779942660000e-02 1.938181880000e+00 3.903854270000e-02
6.788053360000e-02 1.939037800000e+00 3.910969570000e-02
6.820496170000e-02 1.940107820000e+00 3.921319920000e-02
6.828606870000e-02 1.940963750000e+00 3.932316600000e-02
6.861048190000e-02 1.942461730000e+00 3.951075670000e-02
6.877269600000e-02 1.943317650000e+00 3.960778560000e-02
6.893491000000e-02 1.944173570000e+00 3.975656630000e-02
6.917823110000e-02 1.945457460000e+00 4.003472250000e-02
6.934044510000e-02 1.946099520000e+00 3.999590500000e-02
6.950265910000e-02 1.947811370000e+00 4.011881720000e-02
6.966487320000e-02 1.948667290000e+00 4.042284190000e-02
6.998930130000e-02 1.949737310000e+00 4.044871400000e-02
7.015150040000e-02 1.950807330000e+00 4.053281250000e-02
7.039482150000e-02 1.951663260000e+00 4.071393240000e-02
7.055703550000e-02 1.952519180000e+00 4.091446470000e-02
7.071924950000e-02 1.954017160000e+00 4.109558460000e-02
7.096257060000e-02 1.954659220000e+00 4.116027060000e-02
7.120589170000e-02 1.956156970000e+00 4.132198910000e-02
7.136810570000e-02 1.956799030000e+00 4.146430270000e-02
7.153031980000e-02 1.958082910000e+00 4.160661250000e-02
7.177364080000e-02 1.959152940000e+00 4.167776930000e-02
7.209805400000e-02 1.960436820000e+00 4.191064460000e-02
7.217916100000e-02 1.961720940000e+00 4.193004590000e-02
7.242248210000e-02 1.962790730000e+00 4.210470240000e-02
7.258469610000e-02 1.963860750000e+00 4.216291760000e-02
7.274691020000e-02 1.965358730000e+00 4.220820220000e-02
7.290912420000e-02 1.966214660000e+00 4.234404490000e-02
7.315244530000e-02 1.967498540000e+00 4.256397860000e-02
7.339576630000e-02 1.968354700000e+00 4.280332100000e-02
7.355798040000e-02 1.969210620000e+00 4.268041630000e-02
7.388239350000e-02 1.970708610000e+00 4.287447780000e-02
7.396350060000e-02 1.971564530000e+00 4.299737890000e-02
7.412571460000e-02 1.972848420000e+00 4.318497330000e-02
7.436903570000e-02 1.973490480000e+00 4.326906430000e-02
7.461235670000e-02 1.974774360000e+00 4.343725000000e-02
7.477457080000e-02 1.975416420000e+00 4.346312960000e-02
7.501789180000e-02 1.976914170000e+00 4.367658870000e-02
7.518010590000e-02 1.977770330000e+00 4.401943460000e-02
7.542342690000e-02 1.978840110000e+00 4.396121200000e-02
7.558562610000e-02 1.979696270000e+00 4.417467860000e-02
7.582894710000e-02 1.980980160000e+00 4.420055450000e-02
7.599116120000e-02 1.981621980000e+00 4.430405800000e-02
7.623448220000e-02 1.983119960000e+00 4.454986750000e-02
7.639669630000e-02 1.983975890000e+00 4.453045870000e-02
7.655891030000e-02 1.984832050000e+00 4.467276860000e-02
7.680223140000e-02 1.986115930000e+00 4.495092480000e-02
7.688333840000e-02 1.986971860000e+00 4.508677120000e-02
7.720776650000e-02 1.988041880000e+00 4.517085850000e-02
7.736996560000e-02 1.988897800000e+00 4.531317200000e-02
7.761328670000e-02 1.990181680000e+00 4.540373380000e-02
7.785660770000e-02 1.991037610000e+00 4.552663860000e-02
7.801882180000e-02 1.992107630000e+00 4.570129140000e-02
7.818103580000e-02 1.992963550000e+00 4.576598110000e-02
7.834324990000e-02 1.994675640000e+00 4.601178690000e-02
7.858657090000e-02 1.995317460000e+00 4.607647660000e-02
7.882989200000e-02 1.996601580000e+00 4.625112940000e-02
7.899210600000e-02 1.997243400000e+00 4.622525720000e-02
7.923541220000e-02 1.998741390000e+00 4.653575270000e-02
7.947873320000e-02 1.999597310000e+00 4.654869440000e-02
