#  J [A] 	 V 	 L [w] 
-5.483627320000e-06 1.343458890000e-03 -2.388770510000e-09
7.562339310000e-05 1.129448410000e-03 -2.195078790000e-09
7.562339310000e-05 1.129448410000e-03 -5.811676700000e-10
-5.483627320000e-06 1.129448410000e-03 -1.162196120000e-09
-5.483627320000e-06 1.343458890000e-03 -1.420405240000e-09
7.562339310000e-05 1.557439570000e-03 -1.097632210000e-09
-5.483627320000e-06 9.921247360000e-01 3.826907860000e-07
8.866861460000e-04 1.342215060000e+00 1.141939720000e-06
1.048900190000e-03 1.353770730000e+00 1.498097730000e-06
1.211114230000e-03 1.363614320000e+00 1.861486230000e-06
1.454435290000e-03 1.375811820000e+00 2.437524020000e-06
1.616649330000e-03 1.383301500000e+00 2.861853770000e-06
1.859962940000e-03 1.393359180000e+00 2.861853770000e-06
2.022176980000e-03 1.398922920000e+00 3.983171150000e-06
2.265498040000e-03 1.407054660000e+00 4.684058240000e-06
2.427712080000e-03 1.412190440000e+00 5.164091360000e-06
2.752132710000e-03 1.419680120000e+00 5.940979010000e-06
2.914346750000e-03 1.424173830000e+00 6.461934840000e-06
3.076560800000e-03 1.430593730000e+00 7.264804480000e-06
3.238774840000e-03 1.434445620000e+00 7.848119820000e-06
3.482095900000e-03 1.440865280000e+00 8.712699130000e-06
3.644302490000e-03 1.444289210000e+00 9.331090950000e-06
3.968730570000e-03 1.450066800000e+00 1.024633640000e-05
4.049837590000e-03 1.453704830000e+00 1.087317380000e-05
4.374265670000e-03 1.459054470000e+00 1.187286220000e-05
4.536472260000e-03 1.462478400000e+00 1.251528920000e-05
4.698686300000e-03 1.465474370000e+00 1.319798780000e-05
4.860900340000e-03 1.470610140000e+00 1.422690820000e-05
5.104221400000e-03 1.473605870000e+00 1.493688980000e-05
5.266435440000e-03 1.478313680000e+00 1.602687010000e-05
5.428642030000e-03 1.481309650000e+00 1.677127880000e-05
5.671963100000e-03 1.485589500000e+00 1.788334340000e-05
5.834177140000e-03 1.488585470000e+00 1.865958260000e-05
6.077498200000e-03 1.492651220000e+00 1.981841710000e-05
6.239704790000e-03 1.495647190000e+00 2.063427750000e-05
6.401918830000e-03 1.499712940000e+00 2.187171230000e-05
6.645239890000e-03 1.502494810000e+00 2.269406830000e-05
6.888560950000e-03 1.506560800000e+00 2.400945050000e-05
7.050774990000e-03 1.508914710000e+00 2.488572140000e-05
7.212981580000e-03 1.512552500000e+00 2.619980480000e-05
7.456302640000e-03 1.515334370000e+00 2.713518730000e-05
7.699623700000e-03 1.518972160000e+00 2.856944050000e-05
7.942944770000e-03 1.521112200000e+00 2.856944050000e-05
8.105151360000e-03 1.524749990000e+00 3.127160020000e-05
8.267365400000e-03 1.527103900000e+00 3.220032890000e-05
8.429579440000e-03 1.529457810000e+00 3.317452140000e-05
8.672900500000e-03 1.532881740000e+00 3.464880140000e-05
8.835114540000e-03 1.535235640000e+00 3.590875710000e-05
8.997321130000e-03 1.538659330000e+00 3.753241620000e-05
9.159535170000e-03 1.540799380000e+00 3.864299650000e-05
9.483963250000e-03 1.544223310000e+00 4.061736040000e-05
9.646177290000e-03 1.546363120000e+00 4.178639210000e-05
9.808383880000e-03 1.549787040000e+00 4.373477710000e-05
1.005170490000e-02 1.551926850000e+00 4.513112800000e-05
1.029502600000e-02 1.555350780000e+00 4.730032740000e-05
1.045724000000e-02 1.557276730000e+00 4.874213850000e-05
1.070055370000e-02 1.560272690000e+00 5.121658610000e-05
1.094387470000e-02 1.562412500000e+00 5.285972290000e-05
1.102498170000e-02 1.565622330000e+00 5.561344730000e-05
1.126830280000e-02 1.567548270000e+00 5.751636850000e-05
1.159272340000e-02 1.570544240000e+00 6.091955950000e-05
1.167383040000e-02 1.572470190000e+00 6.332256450000e-05
1.183604450000e-02 1.575465920000e+00 6.758303790000e-05
1.207936560000e-02 1.577605960000e+00 7.089530120000e-05
1.224157960000e-02 1.579317810000e+00 7.456476310000e-05
1.248489320000e-02 1.582099680000e+00 8.147503830000e-05
1.264710720000e-02 1.584025620000e+00 8.797616470000e-05
1.289042830000e-02 1.586807490000e+00 1.029332850000e-04
1.297153530000e-02 1.588733430000e+00 1.196114750000e-04
1.321485640000e-02 1.591087340000e+00 1.783748300000e-04
1.345817000000e-02 1.592157360000e+00 2.617463470000e-04
1.370149110000e-02 1.594297170000e+00 2.617463470000e-04
1.386370510000e-02 1.595367190000e+00 5.491611080000e-04
1.410702620000e-02 1.597079040000e+00 7.262468570000e-04
1.426923270000e-02 1.597935200000e+00 8.450635360000e-04
1.451255380000e-02 1.599861150000e+00 1.023386260000e-03
1.475587490000e-02 1.600930930000e+00 1.141031270000e-03
1.491808890000e-02 1.602428910000e+00 1.314601280000e-03
1.508030300000e-02 1.603498940000e+00 1.427232990000e-03
1.524250950000e-02 1.605638740000e+00 1.607053330000e-03
1.548583060000e-02 1.606494900000e+00 1.725088800000e-03
1.572915170000e-02 1.608420610000e+00 1.896575440000e-03
1.581025870000e-02 1.609276770000e+00 2.015782750000e-03
1.605357230000e-02 1.610560660000e+00 2.130628100000e-03
1.629689340000e-02 1.612272500000e+00 2.305174710000e-03
1.645910740000e-02 1.613128420000e+00 2.418197230000e-03
1.670242850000e-02 1.615054370000e+00 2.591637200000e-03
1.686464250000e-02 1.616338490000e+00 2.705701160000e-03
1.710795610000e-02 1.617836240000e+00 2.705701160000e-03
1.718906310000e-02 1.618906260000e+00 3.035509030000e-03
1.751349120000e-02 1.620832200000e+00 3.177707080000e-03
1.767570530000e-02 1.621902230000e+00 3.296529870000e-03
1.783791180000e-02 1.623614070000e+00 3.475738460000e-03
1.808123290000e-02 1.624684100000e+00 3.590665290000e-03
1.832455400000e-02 1.626395940000e+00 3.762731790000e-03
1.848676800000e-02 1.627251860000e+00 3.877658630000e-03
1.864898200000e-02 1.629177810000e+00 4.056867210000e-03
1.889229570000e-02 1.630033970000e+00 4.171794750000e-03
1.913561670000e-02 1.631959680000e+00 4.348405640000e-03
1.929783080000e-02 1.632815840000e+00 4.465930630000e-03
1.954115180000e-02 1.634741780000e+00 4.641243260000e-03
1.970336590000e-02 1.635811570000e+00 4.752923730000e-03
1.994668690000e-02 1.637095690000e+00 4.872395660000e-03
2.010888610000e-02 1.638807540000e+00 5.054851060000e-03
2.018999310000e-02 1.639877560000e+00 5.165233280000e-03
2.051442120000e-02 1.641803500000e+00 5.337948450000e-03
2.067663520000e-02 1.642659430000e+00 5.445733670000e-03
2.083884920000e-02 1.644371270000e+00 5.619747560000e-03
2.108217030000e-02 1.645655160000e+00 5.743764810000e-03
2.124438430000e-02 1.647367240000e+00 5.919077900000e-03
2.148770540000e-02 1.648223160000e+00 6.035952830000e-03
2.164991950000e-02 1.649935010000e+00 6.223602220000e-03
2.189322560000e-02 1.651005030000e+00 6.322296800000e-03
2.213654670000e-02 1.652716880000e+00 6.499557760000e-03
2.229876070000e-02 1.653573040000e+00 6.613834760000e-03
2.254208180000e-02 1.655498980000e+00 6.796939300000e-03
2.270429580000e-02 1.656354900000e+00 6.920957010000e-03
2.286650990000e-02 1.658066750000e+00 7.098867560000e-03
2.310983090000e-02 1.659350630000e+00 7.215093360000e-03
2.327204500000e-02 1.660848620000e+00 7.385210600000e-03
2.343425900000e-02 1.661918640000e+00 7.507279980000e-03
2.359647300000e-02 1.662988660000e+00 7.622208450000e-03
2.383977920000e-02 1.664914610000e+00 7.792974820000e-03
2.400199320000e-02 1.665770530000e+00 7.894268260000e-03
2.424531430000e-02 1.667268510000e+00 8.082566780000e-03
2.440752830000e-02 1.668552400000e+00 8.191000670000e-03
2.465084940000e-02 1.670264240000e+00 8.383193980000e-03
2.489417050000e-02 1.671334270000e+00 8.505914360000e-03
2.505638450000e-02 1.672832250000e+00 8.666292760000e-03
2.521859850000e-02 1.673688170000e+00 8.785115550000e-03
2.554301170000e-02 1.675614120000e+00 8.968220090000e-03
2.562411870000e-02 1.676684140000e+00 9.096781720000e-03
2.586743980000e-02 1.678181890000e+00 9.253914470000e-03
2.602965380000e-02 1.679251910000e+00 9.374035520000e-03
2.627297490000e-02 1.680963990000e+00 9.553245270000e-03
2.643518890000e-02 1.682033780000e+00 9.667522270000e-03
2.667851000000e-02 1.683745860000e+00 9.837641380000e-03
2.684072410000e-02 1.684601780000e+00 9.966853070000e-03
2.716515210000e-02 1.686313630000e+00 1.013307460000e-02
2.732735130000e-02 1.687169550000e+00 1.024345770000e-02
2.748956530000e-02 1.688453670000e+00 1.036812460000e-02
2.765177940000e-02 1.689951420000e+00 1.054473590000e-02
2.781399340000e-02 1.691021440000e+00 1.064927320000e-02
2.805731450000e-02 1.692733530000e+00 1.082913210000e-02
2.821952850000e-02 1.694017410000e+00 1.094535830000e-02
2.854395660000e-02 1.695301290000e+00 1.112002130000e-02
2.862506360000e-02 1.696585180000e+00 1.123300010000e-02
2.886838470000e-02 1.698083160000e+00 1.140701400000e-02
2.911169080000e-02 1.699153180000e+00 1.152973250000e-02
2.927390490000e-02 1.700437070000e+00 1.169141010000e-02
2.951722590000e-02 1.701720950000e+00 1.181672610000e-02
2.967944000000e-02 1.703218940000e+00 1.198489680000e-02
2.984165400000e-02 1.704503060000e+00 1.210501790000e-02
3.016608210000e-02 1.706000800000e+00 1.227578610000e-02
3.024718910000e-02 1.707070830000e+00 1.240759530000e-02
3.049051020000e-02 1.708568810000e+00 1.256992110000e-02
3.065272420000e-02 1.709638830000e+00 1.268225160000e-02
3.089603040000e-02 1.711350680000e+00 1.286600530000e-02
3.105824440000e-02 1.712420700000e+00 1.297573840000e-02
3.122045840000e-02 1.713276620000e+00 1.309131460000e-02
3.146377950000e-02 1.714774610000e+00 1.327896400000e-02
3.162599350000e-02 1.716272590000e+00 1.338934620000e-02
3.186931460000e-02 1.717556480000e+00 1.355621780000e-02
3.203152870000e-02 1.718626260000e+00 1.368802690000e-02
3.235595670000e-02 1.720338340000e+00 1.386788390000e-02
3.243706380000e-02 1.721408130000e+00 1.396917550000e-02
3.268036990000e-02 1.723120210000e+00 1.414708610000e-02
3.284258400000e-02 1.723976140000e+00 1.425876750000e-02
3.316701200000e-02 1.725474120000e+00 1.444057280000e-02
3.332922610000e-02 1.726544140000e+00 1.454770840000e-02
3.349144010000e-02 1.728041890000e+00 1.471652840000e-02
3.365365420000e-02 1.729111910000e+00 1.485418060000e-02
3.397808220000e-02 1.730609890000e+00 1.501780560000e-02
3.414029630000e-02 1.731893780000e+00 1.512883700000e-02
3.430251030000e-02 1.733177900000e+00 1.530544830000e-02
3.438360240000e-02 1.734033820000e+00 1.541193480000e-02
3.478913750000e-02 1.735745670000e+00 1.560283080000e-02
3.487024460000e-02 1.736601590000e+00 1.571645960000e-02
3.503245860000e-02 1.737671610000e+00 1.583722980000e-02
3.527577970000e-02 1.739169600000e+00 1.601514030000e-02
3.551910070000e-02 1.740239620000e+00 1.612162590000e-02
3.568131480000e-02 1.741951470000e+00 1.629239320000e-02
3.592463580000e-02 1.743021490000e+00 1.640732030000e-02
3.608684990000e-02 1.744305370000e+00 1.659042570000e-02
3.624904900000e-02 1.745589260000e+00 1.672028560000e-02
3.649237010000e-02 1.747087240000e+00 1.687741840000e-02
3.665458410000e-02 1.748157260000e+00 1.699364560000e-02
3.689790520000e-02 1.749655250000e+00 1.716246460000e-02
3.706011920000e-02 1.750511170000e+00 1.727284680000e-02
3.738454730000e-02 1.752437110000e+00 1.745789870000e-02
3.754676130000e-02 1.753293040000e+00 1.756373610000e-02
3.770897540000e-02 1.755004880000e+00 1.773840000000e-02
3.787118940000e-02 1.756074910000e+00 1.783774230000e-02
3.819560260000e-02 1.757358790000e+00 1.802149600000e-02
3.827670960000e-02 1.758428810000e+00 1.815460250000e-02
3.860113770000e-02 1.760140660000e+00 1.830784050000e-02
3.876335170000e-02 1.760782720000e+00 1.840783470000e-02
3.892556580000e-02 1.761852740000e+00 1.853120140000e-02
3.908777980000e-02 1.763564590000e+00 1.869872210000e-02
3.924999390000e-02 1.764634610000e+00 1.880650780000e-02
3.957442190000e-02 1.765918490000e+00 1.897987160000e-02
3.965552900000e-02 1.766988520000e+00 1.911038160000e-02
3.989883510000e-02 1.768486500000e+00 1.927076090000e-02
4.006104920000e-02 1.769556280000e+00 1.939153300000e-02
4.030437020000e-02 1.770626310000e+00 1.956230030000e-02
4.046658430000e-02 1.772124290000e+00 1.967917570000e-02
4.079101230000e-02 1.773622270000e+00 1.986033100000e-02
4.095322640000e-02 1.774478200000e+00 1.996876490000e-02
4.111544040000e-02 1.775976180000e+00 2.015122030000e-02
4.127765450000e-02 1.777045970000e+00 2.026744560000e-02
4.152096060000e-02 1.778543950000e+00 2.044405790000e-02
4.168317470000e-02 1.779399870000e+00 2.055898500000e-02
4.200760280000e-02 1.781111960000e+00 2.073105050000e-02
4.208870980000e-02 1.781753780000e+00 2.084597760000e-02
4.225092380000e-02 1.782823800000e+00 2.095765810000e-02
4.249424490000e-02 1.784535880000e+00 2.112842720000e-02
4.273756590000e-02 1.785177710000e+00 2.124724910000e-02
4.289978000000e-02 1.786889790000e+00 2.142645790000e-02
4.306199400000e-02 1.787745710000e+00 2.154008670000e-02
4.330530020000e-02 1.789243700000e+00 2.171604710000e-02
4.346751420000e-02 1.790099620000e+00 2.182578110000e-02
4.371083530000e-02 1.791597600000e+00 2.201732430000e-02
4.387304930000e-02 1.792667390000e+00 2.211796860000e-02
4.411637040000e-02 1.793951510000e+00 2.228873780000e-02
4.427858440000e-02 1.795021300000e+00 2.240106840000e-02
4.452190550000e-02 1.796733380000e+00 2.257508230000e-02
4.476522650000e-02 1.797589300000e+00 2.269065750000e-02
4.492744060000e-02 1.798873190000e+00 2.285493170000e-02
4.508963970000e-02 1.799943210000e+00 2.296726220000e-02
4.533296080000e-02 1.801441190000e+00 2.315491070000e-02
4.549517480000e-02 1.802297120000e+00 2.326594110000e-02
4.573849590000e-02 1.804008960000e+00 2.344645000000e-02
4.590070990000e-02 1.805078980000e+00 2.355553210000e-02
4.606292400000e-02 1.805934910000e+00 2.366137130000e-02
4.638735200000e-02 1.807218790000e+00 2.382434530000e-02
4.646845910000e-02 1.808288810000e+00 2.394316720000e-02
4.679288720000e-02 1.809786800000e+00 2.412172590000e-02
4.695508630000e-02 1.811070680000e+00 2.423730680000e-02
4.719840740000e-02 1.812568660000e+00 2.436391820000e-02
4.727951440000e-02 1.813424590000e+00 2.448663670000e-02
4.760394250000e-02 1.814922570000e+00 2.464831620000e-02
4.768504950000e-02 1.815778490000e+00 2.476648990000e-02
4.792837050000e-02 1.817276480000e+00 2.494115200000e-02
4.809058460000e-02 1.818132400000e+00 2.504504100000e-02
4.833390560000e-02 1.819630380000e+00 2.522035320000e-02
4.857722670000e-02 1.820700410000e+00 2.532748880000e-02
4.873942580000e-02 1.822198390000e+00 2.548916820000e-02
4.890163990000e-02 1.823054310000e+00 2.559954860000e-02
4.914496090000e-02 1.824552300000e+00 2.579369020000e-02
4.930717500000e-02 1.825408220000e+00 2.587875170000e-02
4.955049600000e-02 1.826906200000e+00 2.606120710000e-02
4.971271010000e-02 1.827762130000e+00 2.617093920000e-02
4.979381710000e-02 1.828618050000e+00 2.629755440000e-02
5.011824520000e-02 1.830116030000e+00 2.646637340000e-02
5.028045920000e-02 1.831186060000e+00 2.656766400000e-02
5.052376540000e-02 1.832469940000e+00 2.674167790000e-02
5.068597940000e-02 1.833325860000e+00 2.686049980000e-02
5.092930050000e-02 1.834823850000e+00 2.704815010000e-02
5.109151450000e-02 1.835679770000e+00 2.716567370000e-02
5.133483560000e-02 1.836963650000e+00 2.733774110000e-02
5.149704960000e-02 1.837819810000e+00 2.747734260000e-02
5.174037070000e-02 1.839531660000e+00 2.763966840000e-02
5.190258470000e-02 1.840387580000e+00 2.776433530000e-02
5.222699790000e-02 1.841885570000e+00 2.792990770000e-02
5.230810490000e-02 1.842527630000e+00 2.805717290000e-02
5.255142600000e-02 1.844025370000e+00 2.820846250000e-02
5.271364000000e-02 1.844881530000e+00 2.830910310000e-02
5.295696110000e-02 1.846379280000e+00 2.847727200000e-02
5.311917510000e-02 1.847449300000e+00 2.859349920000e-02
5.328138920000e-02 1.848733190000e+00 2.859349920000e-02
5.352471020000e-02 1.849375250000e+00 2.902501260000e-02
5.368692430000e-02 1.850445270000e+00 2.900560570000e-02
5.393024530000e-02 1.851943250000e+00 2.910263460000e-02
5.409244450000e-02 1.853013040000e+00 2.924494630000e-02
5.433576550000e-02 1.854511020000e+00 2.934197710000e-02
5.449797960000e-02 1.855366950000e+00 2.946488750000e-02
5.482240770000e-02 1.857292890000e+00 2.964600730000e-02
5.490351470000e-02 1.858362910000e+00 2.965894710000e-02
5.506572870000e-02 1.859432940000e+00 2.996944450000e-02
5.530904980000e-02 1.860502720000e+00 3.013763020000e-02
5.555237080000e-02 1.861786840000e+00 3.014409730000e-02
5.579567700000e-02 1.862856630000e+00 3.027994000000e-02
5.595789100000e-02 1.863926650000e+00 3.059043740000e-02
5.612010510000e-02 1.864996670000e+00 3.052574950000e-02
5.644453320000e-02 1.866494660000e+00 3.067452830000e-02
5.660674720000e-02 1.867350580000e+00 3.081683810000e-02
5.676896130000e-02 1.868634460000e+00 3.116615120000e-02
5.701228230000e-02 1.869490390000e+00 3.111440130000e-02
5.717449640000e-02 1.870988370000e+00 3.130846100000e-02
5.733671040000e-02 1.871844290000e+00 3.134080400000e-02
5.758001660000e-02 1.872700450000e+00 3.149605540000e-02
5.774223060000e-02 1.874412300000e+00 3.174186500000e-02
5.790444460000e-02 1.874840260000e+00 3.175479550000e-02
5.814776570000e-02 1.876338240000e+00 3.189710900000e-02
5.830997970000e-02 1.877194170000e+00 3.198120370000e-02
5.855330080000e-02 1.878478050000e+00 3.238226470000e-02
5.871551480000e-02 1.879333970000e+00 3.233051670000e-02
5.895883590000e-02 1.880618100000e+00 3.252457450000e-02
5.903994290000e-02 1.881259920000e+00 3.260866550000e-02
5.936435610000e-02 1.882972000000e+00 3.285447880000e-02
5.944546310000e-02 1.883827920000e+00 3.288682180000e-02
5.976989120000e-02 1.885111810000e+00 3.311322260000e-02
5.993210520000e-02 1.885967730000e+00 3.319731730000e-02
6.017542630000e-02 1.887679820000e+00 3.337197010000e-02
6.033764030000e-02 1.888321640000e+00 3.344312680000e-02
6.058096140000e-02 1.889819620000e+00 3.368246930000e-02
6.074317540000e-02 1.890675540000e+00 3.374715520000e-02
6.098649650000e-02 1.891959670000e+00 3.385065500000e-02
6.114871050000e-02 1.893029450000e+00 3.400590640000e-02
6.131090970000e-02 1.893885610000e+00 3.412881120000e-02
6.155423070000e-02 1.895383360000e+00 3.438108410000e-02
6.171644480000e-02 1.896025420000e+00 3.439402580000e-02
6.195976590000e-02 1.897737260000e+00 3.449105470000e-02
6.220308690000e-02 1.899235250000e+00 3.459455070000e-02
6.236530100000e-02 1.900519370000e+00 3.476921100000e-02
6.252751500000e-02 1.901161190000e+00 3.479508680000e-02
6.277083610000e-02 1.902445080000e+00 3.490504990000e-02
6.293305010000e-02 1.903301240000e+00 3.525435920000e-02
6.325746330000e-02 1.904371020000e+00 3.535785900000e-02
6.333857030000e-02 1.905441050000e+00 3.540313990000e-02
6.366299840000e-02 1.906724930000e+00 3.570716830000e-02
6.374410540000e-02 1.907581090000e+00 3.578479220000e-02
6.398742650000e-02 1.909078840000e+00 3.583007310000e-02
6.406853350000e-02 1.909935000000e+00 3.603060170000e-02
6.439296160000e-02 1.911218880000e+00 3.612116350000e-02
6.455517560000e-02 1.912288900000e+00 3.632169590000e-02
6.479848180000e-02 1.913572790000e+00 3.645753490000e-02
6.496069580000e-02 1.914428710000e+00 3.656103830000e-02
6.512290980000e-02 1.915070770000e+00 3.669041020000e-02
6.536623090000e-02 1.916354660000e+00 3.675509620000e-02
6.552844490000e-02 1.917210580000e+00 3.692328180000e-02
6.577176600000e-02 1.918708560000e+00 3.707852960000e-02
6.593398000000e-02 1.919564490000e+00 3.724671530000e-02
6.617730110000e-02 1.920848370000e+00 3.755074370000e-02
6.633951510000e-02 1.921704530000e+00 3.751192990000e-02
6.658282130000e-02 1.922774310000e+00 3.768659010000e-02
6.674503540000e-02 1.923844340000e+00 3.775127230000e-02
6.706946340000e-02 1.925342320000e+00 3.801649440000e-02
6.715057050000e-02 1.925984140000e+00 3.808764740000e-02
6.731278450000e-02 1.927268270000e+00 3.828817610000e-02
6.755610560000e-02 1.928338050000e+00 3.833992410000e-02
6.779942660000e-02 1.929622170000e+00 3.857279940000e-02
6.796164070000e-02 1.930478100000e+00 3.857926650000e-02
6.820496170000e-02 1.931761980000e+00 3.874745220000e-02
6.836716090000e-02 1.932404040000e+00 3.887682780000e-02
6.861048190000e-02 1.933902030000e+00 3.918732700000e-02
6.869158890000e-02 1.934757950000e+00 3.902560850000e-02
6.893491000000e-02 1.935827970000e+00 3.918732700000e-02
6.917823110000e-02 1.937111850000e+00 3.935551270000e-02
6.934044510000e-02 1.937753920000e+00 3.955603760000e-02
6.958376620000e-02 1.939037800000e+00 3.969835120000e-02
6.966487320000e-02 1.939893720000e+00 3.984712810000e-02
6.998930130000e-02 1.941391710000e+00 3.993768990000e-02
7.015150040000e-02 1.942247630000e+00 4.002825540000e-02
7.039482150000e-02 1.943317650000e+00 4.022231330000e-02
7.055703550000e-02 1.944387440000e+00 4.039049890000e-02
7.080035660000e-02 1.945457460000e+00 4.046165570000e-02
7.096257060000e-02 1.946313380000e+00 4.062984140000e-02
7.120589170000e-02 1.947811370000e+00 4.073333740000e-02
7.136810570000e-02 1.948453430000e+00 4.084977510000e-02
7.161142680000e-02 1.949951410000e+00 4.097915440000e-02
7.177364080000e-02 1.950807330000e+00 4.117967930000e-02
7.193584000000e-02 1.952091220000e+00 4.130905120000e-02
7.217916100000e-02 1.952947140000e+00 4.142548890000e-02
7.242248210000e-02 1.954445120000e+00 4.167776930000e-02
7.266580310000e-02 1.955301050000e+00 4.163895550000e-02
7.266580310000e-02 1.955943110000e+00 4.172305020000e-02
7.299023120000e-02 1.957226990000e+00 4.191711170000e-02
7.315244530000e-02 1.958297010000e+00 4.204648360000e-02
7.339576630000e-02 1.959367040000e+00 4.215645050000e-02
7.355798040000e-02 1.960222960000e+00 4.213704540000e-02
7.388239350000e-02 1.961720940000e+00 4.241520170000e-02
7.404460760000e-02 1.962576870000e+00 4.257691280000e-02
7.420682160000e-02 1.963860750000e+00 4.271275920000e-02
7.436903570000e-02 1.964716670000e+00 4.291329160000e-02
7.469346370000e-02 1.966000800000e+00 4.297150670000e-02
7.477457080000e-02 1.966642620000e+00 4.315909740000e-02
7.501789180000e-02 1.967926500000e+00 4.333375020000e-02
7.518010590000e-02 1.968996520000e+00 4.332081600000e-02
7.542342690000e-02 1.970280650000e+00 4.361837360000e-02
7.550451900000e-02 1.971136570000e+00 4.356015850000e-02
7.591005410000e-02 1.972420450000e+00 4.375422000000e-02
7.599116120000e-02 1.972848420000e+00 4.385124890000e-02
7.623448220000e-02 1.974560260000e+00 4.410999640000e-02
7.639669630000e-02 1.975416420000e+00 4.421349610000e-02
7.655891030000e-02 1.976272340000e+00 4.426524420000e-02
7.680223140000e-02 1.977342370000e+00 4.445930200000e-02
7.704555240000e-02 1.977984190000e+00 4.461455350000e-02
7.720776650000e-02 1.979482170000e+00 4.471805320000e-02
7.736996560000e-02 1.980338100000e+00 4.499620570000e-02
7.761328670000e-02 1.981408120000e+00 4.497680070000e-02
7.777550070000e-02 1.982264040000e+00 4.508677120000e-02
7.801882180000e-02 1.983762030000e+00 4.531317200000e-02
7.818103580000e-02 1.984617950000e+00 4.532611000000e-02
7.842435690000e-02 1.985901830000e+00 4.553310570000e-02
7.858657090000e-02 1.986543890000e+00 4.552017150000e-02
7.882989200000e-02 1.987827780000e+00 4.563013460000e-02
7.899210600000e-02 1.988683700000e+00 4.582419620000e-02
7.923541220000e-02 1.989753720000e+00 4.613469170000e-02
7.939762620000e-02 1.990823750000e+00 4.605060440000e-02
