#  J [A] 	 V 	 L [w] 
7.562339310000e-05 1.771420240000e-03 -6.457315790000e-10
-5.483627320000e-06 1.771420240000e-03 -1.291277420000e-09
7.562339310000e-05 1.557439570000e-03 -1.484969040000e-09
7.562339310000e-05 1.557439570000e-03 -2.776107340000e-09
7.562339310000e-05 1.557439570000e-03 -1.614050450000e-09
7.562339310000e-05 1.557439570000e-03 -2.130514880000e-09
7.562339310000e-05 1.771420240000e-03 -2.969752440000e-09
8.055865760000e-04 1.376025680000e+00 1.240710960000e-06
1.130007210000e-03 1.387367250000e+00 1.651032220000e-06
1.211114230000e-03 1.396782880000e+00 2.042244430000e-06
1.535542310000e-03 1.408552410000e+00 2.647138900000e-06
1.616649330000e-03 1.415828230000e+00 2.647138900000e-06
1.941069960000e-03 1.425029750000e+00 3.800641930000e-06
2.022176980000e-03 1.431235550000e+00 4.279375840000e-06
2.265498040000e-03 1.439367290000e+00 5.015339870000e-06
2.508819100000e-03 1.444503070000e+00 5.558380960000e-06
2.671025690000e-03 1.451778890000e+00 6.380089420000e-06
2.914346750000e-03 1.456272600000e+00 6.948463580000e-06
3.076560800000e-03 1.462906360000e+00 7.819538040000e-06
3.238774840000e-03 1.466972350000e+00 8.438580150000e-06
3.482095900000e-03 1.473392010000e+00 9.368766770000e-06
3.644302490000e-03 1.477243900000e+00 1.003782470000e-05
3.968730570000e-03 1.483235600000e+00 1.105894990000e-05
4.049837590000e-03 1.486659530000e+00 1.173969940000e-05
4.293158650000e-03 1.492223260000e+00 1.282903120000e-05
4.455365240000e-03 1.495647190000e+00 1.357019210000e-05
4.617579280000e-03 1.499070880000e+00 1.431849890000e-05
4.860900340000e-03 1.504206900000e+00 1.549357330000e-05
5.023114380000e-03 1.507416730000e+00 1.627760500000e-05
5.266435440000e-03 1.512552500000e+00 1.752802930000e-05
5.428642030000e-03 1.515548230000e+00 1.837896710000e-05
5.671963100000e-03 1.520042180000e+00 1.965017870000e-05
5.834177140000e-03 1.523252010000e+00 2.056542140000e-05
6.077498200000e-03 1.527745960000e+00 2.190938720000e-05
6.239704790000e-03 1.530955790000e+00 2.289283660000e-05
6.483025850000e-03 1.535021540000e+00 2.435956780000e-05
6.645239890000e-03 1.537803410000e+00 2.534756640000e-05
6.888560950000e-03 1.542297360000e+00 2.694486100000e-05
7.050774990000e-03 1.545079230000e+00 2.803419370000e-05
7.294088600000e-03 1.548717020000e+00 2.803419370000e-05
7.456302640000e-03 1.551712990000e+00 3.107675730000e-05
7.699623700000e-03 1.555564880000e+00 3.276535790000e-05
7.861837740000e-03 1.558346750000e+00 3.405778990000e-05
8.186258380000e-03 1.562198400000e+00 3.607761760000e-05
8.348472420000e-03 1.564766410000e+00 3.738953090000e-05
8.348472420000e-03 1.567120310000e+00 3.890277730000e-05
8.672900500000e-03 1.570972200000e+00 4.116940180000e-05
8.835114540000e-03 1.573112010000e+00 4.287099730000e-05
9.078428150000e-03 1.577178000000e+00 4.555327910000e-05
9.240642190000e-03 1.579531910000e+00 4.746269410000e-05
9.483963250000e-03 1.583169700000e+00 5.092432550000e-05
9.646177290000e-03 1.585523610000e+00 5.339877680000e-05
9.808383880000e-03 1.588733430000e+00 5.750988200000e-05
1.005170490000e-02 1.591087340000e+00 6.113388370000e-05
1.029502600000e-02 1.594511270000e+00 6.807663160000e-05
1.045724000000e-02 1.596865180000e+00 7.442838250000e-05
1.070055370000e-02 1.600075010000e+00 9.048957870000e-05
1.086276770000e-02 1.602000950000e+00 1.133636470000e-04
1.110608880000e-02 1.604782820000e+00 2.142900920000e-04
1.126830280000e-02 1.605638740000e+00 2.142900920000e-04
1.151162390000e-02 1.607564690000e+00 5.068428000000e-04
1.159272340000e-02 1.608848810000e+00 6.284590930000e-04
1.191715150000e-02 1.610774520000e+00 8.067166200000e-04
1.207936560000e-02 1.612272500000e+00 9.263146790000e-04
1.224157960000e-02 1.613770480000e+00 1.043959520000e-03
1.248489320000e-02 1.615910530000e+00 1.216618230000e-03
1.264710720000e-02 1.616766450000e+00 1.340252700000e-03
1.297153530000e-02 1.619120360000e+00 1.519421810000e-03
1.305264230000e-02 1.620404240000e+00 1.640191770000e-03
1.329596340000e-02 1.622330190000e+00 1.818384280000e-03
1.345817000000e-02 1.623614070000e+00 1.935573290000e-03
1.370149110000e-02 1.625967980000e+00 2.113831000000e-03
1.386370510000e-02 1.627038000000e+00 2.235772790000e-03
1.410702620000e-02 1.629177810000e+00 2.416634700000e-03
1.418813320000e-02 1.630461930000e+00 2.539032140000e-03
1.451255380000e-02 1.632815840000e+00 2.718722210000e-03
1.467476790000e-02 1.633885620000e+00 2.841184610000e-03
1.491808890000e-02 1.636025670000e+00 2.841184610000e-03
1.499919590000e-02 1.637309550000e+00 3.154981180000e-03
1.532361660000e-02 1.639663460000e+00 3.328995080000e-03
1.540472360000e-02 1.640733480000e+00 3.455609550000e-03
1.564804460000e-02 1.642873290000e+00 3.626377090000e-03
1.589136570000e-02 1.644157410000e+00 3.743901620000e-03
1.605357230000e-02 1.645655160000e+00 3.869867650000e-03
1.629689340000e-02 1.647581100000e+00 4.044530910000e-03
1.645910740000e-02 1.648865220000e+00 4.175690930000e-03
1.670242850000e-02 1.650791170000e+00 4.328277890000e-03
1.686464250000e-02 1.652288910000e+00 4.468527620000e-03
1.710795610000e-02 1.654214860000e+00 4.649683830000e-03
1.727017020000e-02 1.655498980000e+00 4.770454950000e-03
1.751349120000e-02 1.657210830000e+00 4.948364570000e-03
1.767570530000e-02 1.658922670000e+00 5.073031410000e-03
1.783791180000e-02 1.660634760000e+00 5.245097910000e-03
1.808123290000e-02 1.662132500000e+00 5.365869030000e-03
1.824344690000e-02 1.663844590000e+00 5.547025240000e-03
1.840566100000e-02 1.665556430000e+00 5.664549770000e-03
1.873008160000e-02 1.667268510000e+00 5.848302970000e-03
1.881118860000e-02 1.668766260000e+00 5.963230970000e-03
1.905450970000e-02 1.670692210000e+00 6.156074810000e-03
1.929783080000e-02 1.671976330000e+00 6.266456100000e-03
1.946004480000e-02 1.673902270000e+00 6.443717520000e-03
1.962225880000e-02 1.675186160000e+00 6.575525270000e-03
1.986557990000e-02 1.676470040000e+00 6.699542980000e-03
2.002779390000e-02 1.678395990000e+00 6.880051460000e-03
2.027110010000e-02 1.679679870000e+00 6.994978060000e-03
2.051442120000e-02 1.681819920000e+00 7.180029530000e-03
2.067663520000e-02 1.682675840000e+00 7.302749900000e-03
2.091995630000e-02 1.684815650000e+00 7.465075240000e-03
2.100106330000e-02 1.686099770000e+00 7.591041270000e-03
2.132549140000e-02 1.688239570000e+00 7.787780840000e-03
2.148770540000e-02 1.689523460000e+00 7.902059700000e-03
2.164991950000e-02 1.691235540000e+00 8.081267590000e-03
2.189322560000e-02 1.692519430000e+00 8.188403210000e-03
2.213654670000e-02 1.694445370000e+00 8.381247520000e-03
2.229876070000e-02 1.695515390000e+00 8.505914360000e-03
2.254208180000e-02 1.697655200000e+00 8.681227450000e-03
2.270429580000e-02 1.698725220000e+00 8.807840760000e-03
2.286650990000e-02 1.700865030000e+00 8.976011540000e-03
2.310983090000e-02 1.701935050000e+00 9.105872360000e-03
2.335315200000e-02 1.703646900000e+00 9.290276100000e-03
2.351536600000e-02 1.705144880000e+00 9.425330910000e-03
2.359647300000e-02 1.706429000000e+00 9.525973350000e-03
2.392088620000e-02 1.708140850000e+00 9.709727020000e-03
2.400199320000e-02 1.709424730000e+00 9.831148200000e-03
2.432642130000e-02 1.711564780000e+00 1.001295450000e-02
2.448863540000e-02 1.712420700000e+00 1.013047710000e-02
2.465084940000e-02 1.714346650000e+00 1.031877750000e-02
2.481306340000e-02 1.715630530000e+00 1.043759940000e-02
2.505638450000e-02 1.717556480000e+00 1.060706840000e-02
2.529970560000e-02 1.718626260000e+00 1.074147600000e-02
2.554301170000e-02 1.720766310000e+00 1.091419070000e-02
2.562411870000e-02 1.721836330000e+00 1.103755920000e-02
2.586743980000e-02 1.723762040000e+00 1.122196200000e-02
2.602965380000e-02 1.724832060000e+00 1.133364160000e-02
2.635408190000e-02 1.726972100000e+00 1.151220220000e-02
2.651629600000e-02 1.728041890000e+00 1.165699680000e-02
2.675961700000e-02 1.729753970000e+00 1.181153210000e-02
2.684072410000e-02 1.730823990000e+00 1.193165310000e-02
2.708404510000e-02 1.732749700000e+00 1.211345850000e-02
2.724624430000e-02 1.734247680000e+00 1.224461850000e-02
2.748956530000e-02 1.735103610000e+00 1.236214300000e-02
2.765177940000e-02 1.737029550000e+00 1.253680700000e-02
2.781399340000e-02 1.738527540000e+00 1.266407130000e-02
2.805731450000e-02 1.740239620000e+00 1.285107150000e-02
2.821952850000e-02 1.741309400000e+00 1.296664770000e-02
2.854395660000e-02 1.743021490000e+00 1.314780400000e-02
2.862506360000e-02 1.744305370000e+00 1.326922330000e-02
2.886838470000e-02 1.746231320000e+00 1.345297790000e-02
2.903058380000e-02 1.747301340000e+00 1.357245070000e-02
2.927390490000e-02 1.749227050000e+00 1.374256800000e-02
2.943611890000e-02 1.750297070000e+00 1.386463830000e-02
2.976054700000e-02 1.752009150000e+00 1.406267560000e-02
2.984165400000e-02 1.753078940000e+00 1.416202080000e-02
3.008497510000e-02 1.755004880000e+00 1.435356490000e-02
3.032829610000e-02 1.756074910000e+00 1.448667330000e-02
3.057161720000e-02 1.757786750000e+00 1.467627010000e-02
3.073383120000e-02 1.758856770000e+00 1.477496610000e-02
3.089603040000e-02 1.760996580000e+00 1.495222560000e-02
3.113935140000e-02 1.762066600000e+00 1.508078910000e-02
3.130156550000e-02 1.762922530000e+00 1.519636530000e-02
3.154488650000e-02 1.764848470000e+00 1.538271550000e-02
3.170710060000e-02 1.765918490000e+00 1.550608410000e-02
3.195042160000e-02 1.767630340000e+00 1.567620230000e-02
3.211263570000e-02 1.768914460000e+00 1.581515370000e-02
3.227484970000e-02 1.770626310000e+00 1.599501070000e-02
3.251817080000e-02 1.771482230000e+00 1.610993780000e-02
3.276147690000e-02 1.773408170000e+00 1.628005690000e-02
3.292369100000e-02 1.774692060000e+00 1.641121690000e-02
3.316701200000e-02 1.776404140000e+00 1.658717920000e-02
3.332922610000e-02 1.777688030000e+00 1.671184600000e-02
3.349144010000e-02 1.779186010000e+00 1.689884630000e-02
3.373476120000e-02 1.780256030000e+00 1.702351310000e-02
3.389697520000e-02 1.782181980000e+00 1.719492860000e-02
3.405918930000e-02 1.783037900000e+00 1.730855930000e-02
3.430251030000e-02 1.784963850000e+00 1.749425940000e-02
3.446470950000e-02 1.785819770000e+00 1.759944860000e-02
3.470803050000e-02 1.787745710000e+00 1.779488850000e-02
3.487024460000e-02 1.788815500000e+00 1.791046560000e-02
3.511356560000e-02 1.790099620000e+00 1.802928930000e-02
3.535688670000e-02 1.791597600000e+00 1.821628770000e-02
3.551910070000e-02 1.792881490000e+00 1.833576150000e-02
3.576242180000e-02 1.794593330000e+00 1.851821690000e-02
3.584352880000e-02 1.795663360000e+00 1.865976490000e-02
3.608684990000e-02 1.797375200000e+00 1.881364920000e-02
3.633015600000e-02 1.798445220000e+00 1.893506940000e-02
3.657347710000e-02 1.800371170000e+00 1.911363010000e-02
3.665458410000e-02 1.801441190000e+00 1.923569850000e-02
3.697901220000e-02 1.803153040000e+00 1.941945220000e-02
3.714122620000e-02 1.804223060000e+00 1.951814630000e-02
3.730344030000e-02 1.805934910000e+00 1.971748470000e-02
3.754676130000e-02 1.807004930000e+00 1.984734460000e-02
3.779008240000e-02 1.808502910000e+00 2.003434490000e-02
3.795228150000e-02 1.809572700000e+00 2.014277880000e-02
3.811449560000e-02 1.811284780000e+00 2.030640470000e-02
3.827670960000e-02 1.812782760000e+00 2.043561640000e-02
3.852003070000e-02 1.814280510000e+00 2.060833200000e-02
3.868224470000e-02 1.815350530000e+00 2.071806420000e-02
3.884445880000e-02 1.816420560000e+00 2.084857600000e-02
3.916888680000e-02 1.818132400000e+00 2.103232960000e-02
3.924999390000e-02 1.819202420000e+00 2.114401010000e-02
3.949331490000e-02 1.820700410000e+00 2.132581360000e-02
3.965552900000e-02 1.821984290000e+00 2.144723760000e-02
3.997994210000e-02 1.823268180000e+00 2.164202740000e-02
4.014215620000e-02 1.824552300000e+00 2.175370980000e-02
4.038547720000e-02 1.826264140000e+00 2.192837190000e-02
4.054769130000e-02 1.827334170000e+00 2.205758360000e-02
4.070990530000e-02 1.829046010000e+00 2.224198540000e-02
4.087211940000e-02 1.829901930000e+00 2.239457330000e-02
4.119654740000e-02 1.831614020000e+00 2.255300430000e-02
4.135876150000e-02 1.832469940000e+00 2.266079000000e-02
4.160206760000e-02 1.834181790000e+00 2.284908850000e-02
4.168317470000e-02 1.835465910000e+00 2.296661210000e-02
4.192649570000e-02 1.836963650000e+00 2.314906570000e-02
4.208870980000e-02 1.838033680000e+00 2.327698100000e-02
4.233203080000e-02 1.838675740000e+00 2.338411660000e-02
4.257535190000e-02 1.840387580000e+00 2.356462370000e-02
4.265645890000e-02 1.841671470000e+00 2.369708200000e-02
4.289978000000e-02 1.842955590000e+00 2.388018560000e-02
4.314310100000e-02 1.844239470000e+00 2.399641280000e-02
4.338640720000e-02 1.845951320000e+00 2.416587990000e-02
4.346751420000e-02 1.846807240000e+00 2.431002820000e-02
4.379194230000e-02 1.848519330000e+00 2.446650900000e-02
4.395415630000e-02 1.849589350000e+00 2.460546230000e-02
4.419747740000e-02 1.851087090000e+00 2.477687780000e-02
4.435969140000e-02 1.851729150000e+00 2.489115480000e-02
4.460301250000e-02 1.853655100000e+00 2.506062390000e-02
4.468411950000e-02 1.854725120000e+00 2.517944760000e-02
4.492744060000e-02 1.856436970000e+00 2.535540980000e-02
4.517074670000e-02 1.857292890000e+00 2.548332140000e-02
4.533296080000e-02 1.858790870000e+00 2.566707510000e-02
4.549517480000e-02 1.859860900000e+00 2.577616090000e-02
4.573849590000e-02 1.861572740000e+00 2.595082300000e-02
4.590070990000e-02 1.862642770000e+00 2.606315350000e-02
4.606292400000e-02 1.863712790000e+00 2.618262540000e-02
4.638735200000e-02 1.865424630000e+00 2.635988590000e-02
4.646845910000e-02 1.866708520000e+00 2.646831980000e-02
4.671178010000e-02 1.867992640000e+00 2.664752860000e-02
4.687397930000e-02 1.869276520000e+00 2.676830070000e-02
4.719840740000e-02 1.870774510000e+00 2.695140430000e-02
4.727951440000e-02 1.871844290000e+00 2.707282450000e-02
4.752283540000e-02 1.873556380000e+00 2.722865900000e-02
4.776615650000e-02 1.874626160000e+00 2.735527230000e-02
4.800947760000e-02 1.876124140000e+00 2.753123450000e-02
4.809058460000e-02 1.877194170000e+00 2.764745990000e-02
4.833390560000e-02 1.878906010000e+00 2.783446200000e-02
4.849611970000e-02 1.879762170000e+00 2.795458400000e-02
4.865831880000e-02 1.881259920000e+00 2.812924420000e-02
4.890163990000e-02 1.882116080000e+00 2.824741970000e-02
4.922606800000e-02 1.883827920000e+00 2.842922690000e-02
4.938828200000e-02 1.884897950000e+00 2.854804880000e-02
4.955049600000e-02 1.886395690000e+00 2.854804880000e-02
4.963160310000e-02 1.887251850000e+00 2.919319830000e-02
4.987492410000e-02 1.888107780000e+00 2.899913860000e-02
5.011824520000e-02 1.889605760000e+00 2.918673120000e-02
5.028045920000e-02 1.890461680000e+00 2.917379140000e-02
5.052376540000e-02 1.892173530000e+00 2.938725800000e-02
5.068597940000e-02 1.893029450000e+00 2.948428690000e-02
5.092930050000e-02 1.894313570000e+00 2.953604240000e-02
5.109151450000e-02 1.895811320000e+00 2.983359990000e-02
5.133483560000e-02 1.897095440000e+00 2.999531850000e-02
5.149704960000e-02 1.897737260000e+00 3.008588030000e-02
5.174037070000e-02 1.899235250000e+00 3.033815700000e-02
5.190258470000e-02 1.900091170000e+00 3.042225170000e-02
5.214590580000e-02 1.901803260000e+00 3.061631140000e-02
5.238921200000e-02 1.902659180000e+00 3.071334210000e-02
5.255142600000e-02 1.904157160000e+00 3.095914980000e-02
5.271364000000e-02 1.905013080000e+00 3.107558750000e-02
5.303806810000e-02 1.906511070000e+00 3.095268270000e-02
5.320028220000e-02 1.907581090000e+00 3.136667610000e-02
5.336249620000e-02 1.909078840000e+00 3.141842780000e-02
5.352471020000e-02 1.910362960000e+00 3.158014640000e-02
5.368692430000e-02 1.911432740000e+00 3.187770770000e-02
5.401133750000e-02 1.912930730000e+00 3.192298860000e-02
5.409244450000e-02 1.913786650000e+00 3.203941880000e-02
5.433576550000e-02 1.915284630000e+00 3.215585650000e-02
5.449797960000e-02 1.916140560000e+00 3.223995490000e-02
5.474130060000e-02 1.917852640000e+00 3.236285600000e-02
5.490351470000e-02 1.918494460000e+00 3.249222790000e-02
5.514683570000e-02 1.920634510000e+00 3.270569440000e-02
5.539015680000e-02 1.921062470000e+00 3.284154090000e-02
5.555237080000e-02 1.922988410000e+00 3.296444570000e-02
5.579567700000e-02 1.923844340000e+00 3.311322260000e-02
5.595789100000e-02 1.925342320000e+00 3.326200690000e-02
5.612010510000e-02 1.926626210000e+00 3.343019260000e-02
5.644453320000e-02 1.928124190000e+00 3.363718840000e-02
5.660674720000e-02 1.929194210000e+00 3.368246930000e-02
5.685006830000e-02 1.930478100000e+00 3.389593590000e-02
5.693117530000e-02 1.931334020000e+00 3.403177860000e-02
5.717449640000e-02 1.932832000000e+00 3.407058860000e-02
5.733671040000e-02 1.933902030000e+00 3.434227780000e-02
5.749892440000e-02 1.934757950000e+00 3.443930670000e-02
5.782333760000e-02 1.936255930000e+00 3.462690110000e-02
5.790444460000e-02 1.936897750000e+00 3.476921100000e-02
5.806665870000e-02 1.938395740000e+00 3.499561180000e-02
5.830997970000e-02 1.939465760000e+00 3.499561180000e-02
5.855330080000e-02 1.940963750000e+00 3.521554540000e-02
5.871551480000e-02 1.941819670000e+00 3.534492480000e-02
5.895883590000e-02 1.943103550000e+00 3.542901200000e-02
5.903994290000e-02 1.944173570000e+00 3.557132560000e-02
5.936435610000e-02 1.945457460000e+00 3.574598210000e-02
5.952657010000e-02 1.946099520000e+00 3.586888690000e-02
5.976989120000e-02 1.947597500000e+00 3.608882050000e-02
5.993210520000e-02 1.948667290000e+00 3.621172530000e-02
6.009431930000e-02 1.950165270000e+00 3.639285270000e-02
6.033764030000e-02 1.950807330000e+00 3.647694360000e-02
6.058096140000e-02 1.952091220000e+00 3.673569110000e-02
6.074317540000e-02 1.953161240000e+00 3.676156330000e-02
6.098649650000e-02 1.954659220000e+00 3.698797150000e-02
6.122980270000e-02 1.955515150000e+00 3.709146750000e-02
6.131090970000e-02 1.956585170000e+00 3.713675220000e-02
6.163533780000e-02 1.958082910000e+00 3.744724770000e-02
6.171644480000e-02 1.958939080000e+00 3.749899570000e-02
6.195976590000e-02 1.960436820000e+00 3.763484210000e-02
6.220308690000e-02 1.961506840000e+00 3.773833810000e-02
6.228419390000e-02 1.963004830000e+00 3.788064790000e-02
6.252751500000e-02 1.963860750000e+00 3.795827180000e-02
6.268972900000e-02 1.965144630000e+00 3.817173840000e-02
6.285194310000e-02 1.966428760000e+00 3.828817610000e-02
6.317635630000e-02 1.967498540000e+00 3.848870470000e-02
6.333857030000e-02 1.968568560000e+00 3.863748910000e-02
6.358189140000e-02 1.970066550000e+00 3.875391930000e-02
6.374410540000e-02 1.970494510000e+00 3.894151000000e-02
6.406853350000e-02 1.972206350000e+00 3.905794770000e-02
6.414964050000e-02 1.973490480000e+00 3.916791830000e-02
6.447406860000e-02 1.974988460000e+00 3.929082300000e-02
6.455517560000e-02 1.975844380000e+00 3.956250470000e-02
6.479848180000e-02 1.977128270000e+00 3.962719440000e-02
6.496069580000e-02 1.977984190000e+00 3.973069040000e-02
6.512290980000e-02 1.978626250000e+00 3.982771930000e-02
6.536623090000e-02 1.980124240000e+00 4.001531380000e-02
6.552844490000e-02 1.981194020000e+00 4.009940850000e-02
6.577176600000e-02 1.982478140000e+00 4.028700290000e-02
6.593398000000e-02 1.983547930000e+00 4.042284190000e-02
6.617730110000e-02 1.984832050000e+00 4.055868460000e-02
6.633951510000e-02 1.985473870000e+00 4.072040320000e-02
6.650172920000e-02 1.986757990000e+00 4.079156000000e-02
6.674503540000e-02 1.987827780000e+00 4.096621270000e-02
6.698835640000e-02 1.989111900000e+00 4.116673770000e-02
6.715057050000e-02 1.990181680000e+00 4.145783560000e-02
6.739389150000e-02 1.991465810000e+00 4.148371150000e-02
6.747499850000e-02 1.992321730000e+00 4.156779870000e-02
6.779942660000e-02 1.993819710000e+00 4.174245890000e-02
6.796164070000e-02 1.994675640000e+00 4.191064460000e-02
6.820496170000e-02 1.995959520000e+00 4.218232630000e-02
6.836716090000e-02 1.996601580000e+00 4.207883030000e-02
6.861048190000e-02 1.998313430000e+00 4.230523110000e-02
6.877269600000e-02 1.999383450000e+00 4.239579290000e-02
6.893491000000e-02 2.000453230000e+00 4.247341680000e-02
6.917823110000e-02 2.001737360000e+00 4.270629210000e-02
6.925933810000e-02 2.002379180000e+00 4.284860190000e-02
6.958376620000e-02 2.003663300000e+00 4.295209800000e-02
6.974598020000e-02 2.004519220000e+00 4.304913060000e-02
6.990819420000e-02 2.006017210000e+00 4.332728310000e-02
7.015150040000e-02 2.006873130000e+00 4.331434520000e-02
7.039482150000e-02 2.008157010000e+00 4.351487760000e-02
7.055703550000e-02 2.009227040000e+00 4.357955980000e-02
7.080035660000e-02 2.010297060000e+00 4.381243510000e-02
7.088146360000e-02 2.011152980000e+00 4.396121200000e-02
7.120589170000e-02 2.012650970000e+00 4.405177760000e-02
7.144921270000e-02 2.013506890000e+00 4.435580600000e-02
7.153031980000e-02 2.014790770000e+00 4.453045870000e-02
7.177364080000e-02 2.015646700000e+00 4.456927250000e-02
7.201694700000e-02 2.017144680000e+00 4.461455350000e-02
7.217916100000e-02 2.018214700000e+00 4.463396220000e-02
7.242248210000e-02 2.019712690000e+00 4.482154920000e-02
7.258469610000e-02 2.020568610000e+00 4.505442460000e-02
7.282801720000e-02 2.021210430000e+00 4.516439140000e-02
7.290912420000e-02 2.022494550000e+00 4.542960970000e-02
7.315244530000e-02 2.023350480000e+00 4.538432880000e-02
7.339576630000e-02 2.024848460000e+00 4.551369700000e-02
7.355798040000e-02 2.025490280000e+00 4.563660920000e-02
7.388239350000e-02 2.026988270000e+00 4.585006830000e-02
7.396350060000e-02 2.027844190000e+00 4.595357180000e-02
7.420682160000e-02 2.028914210000e+00 4.608941080000e-02
7.436903570000e-02 2.029770140000e+00 4.617350550000e-02
7.453124970000e-02 2.031268120000e+00 4.643225670000e-02
7.477457080000e-02 2.032338140000e+00 4.649047180000e-02
7.501789180000e-02 2.033408160000e+00 4.676862810000e-02
7.518010590000e-02 2.034477950000e+00 4.686565700000e-02
7.542342690000e-02 2.035975930000e+00 4.685271530000e-02
7.558562610000e-02 2.036831860000e+00 4.698856170000e-02
7.582894710000e-02 2.037901880000e+00 4.705325140000e-02
7.599116120000e-02 2.038757800000e+00 4.727965220000e-02
7.623448220000e-02 2.040041920000e+00 4.736374690000e-02
7.639669630000e-02 2.041325810000e+00 4.756427560000e-02
7.655891030000e-02 2.041967630000e+00 4.762896150000e-02
7.680223140000e-02 2.043037650000e+00 4.777127500000e-02
7.704555240000e-02 2.044321540000e+00 4.790711780000e-02
7.720776650000e-02 2.045391560000e+00 4.808823760000e-02
7.745107260000e-02 2.046247480000e+00 4.790064690000e-02
7.761328670000e-02 2.047531600000e+00 4.834051800000e-02
7.777550070000e-02 2.048173430000e+00 4.842460900000e-02
7.801882180000e-02 2.049671410000e+00 4.866395150000e-02
7.818103580000e-02 2.050527330000e+00 4.868335650000e-02
7.842435690000e-02 2.051811460000e+00 4.890976470000e-02
7.858657090000e-02 2.052453280000e+00 4.892269890000e-02
7.882989200000e-02 2.053951260000e+00 4.912322760000e-02
7.899210600000e-02 2.054807190000e+00 4.926553740000e-02
7.931651920000e-02 2.056091070000e+00 4.943372310000e-02
7.947873320000e-02 2.056733130000e+00 4.956309870000e-02
