#  J [A] 	 V 	 L [w] 
7.562339310000e-05 1.557439570000e-03 -1.097632210000e-09
-5.483627320000e-06 1.557439570000e-03 -1.392463080000e-13
-5.483627320000e-06 1.343458890000e-03 -1.743178160000e-09
-5.483627320000e-06 1.557439570000e-03 -1.807742070000e-09
-5.483627320000e-06 1.557439570000e-03 -2.388770510000e-09
7.562339310000e-05 1.557439570000e-03 -1.226713620000e-09
3.189444540000e-04 1.258330350000e+00 6.526014430000e-07
8.866861460000e-04 1.352914570000e+00 1.193132900000e-06
1.130007210000e-03 1.364042280000e+00 1.549226570000e-06
1.211114230000e-03 1.373457910000e+00 1.925139030000e-06
1.454435290000e-03 1.385655400000e+00 2.512732410000e-06
1.616649330000e-03 1.392931220000e+00 2.512732410000e-06
1.941069960000e-03 1.402560710000e+00 3.618112710000e-06
2.103284000000e-03 1.408338550000e+00 4.073461700000e-06
2.265498040000e-03 1.416470290000e+00 4.795135280000e-06
2.427712080000e-03 1.421606060000e+00 5.297253670000e-06
2.752132710000e-03 1.429095750000e+00 6.094277520000e-06
2.833239730000e-03 1.433589460000e+00 6.626276900000e-06
3.076560800000e-03 1.439795260000e+00 7.459026160000e-06
3.319881860000e-03 1.444075110000e+00 8.039094610000e-06
3.482095900000e-03 1.450066800000e+00 8.943945430000e-06
3.644302490000e-03 1.454132800000e+00 9.572731870000e-06
3.887623550000e-03 1.459696530000e+00 1.050811350000e-05
4.049837590000e-03 1.463334320000e+00 1.114859150000e-05
4.293158650000e-03 1.468684200000e+00 1.218660510000e-05
4.536472260000e-03 1.472108130000e+00 1.285826150000e-05
4.698686300000e-03 1.475103860000e+00 1.356889240000e-05
4.860900340000e-03 1.480025770000e+00 1.463418900000e-05
5.023114380000e-03 1.483235600000e+00 1.537340180000e-05
5.347535010000e-03 1.488157510000e+00 1.649975820000e-05
5.428642030000e-03 1.490939380000e+00 1.727534620000e-05
5.671963100000e-03 1.495219230000e+00 1.844327380000e-05
5.834177140000e-03 1.498214960000e+00 1.926433290000e-05
6.077498200000e-03 1.502494810000e+00 2.047578160000e-05
6.239704790000e-03 1.505276680000e+00 2.134425990000e-05
6.483025850000e-03 1.509770630000e+00 2.264404970000e-05
6.645239890000e-03 1.512124540000e+00 2.351512740000e-05
6.888560950000e-03 1.516190290000e+00 2.492599560000e-05
7.131874560000e-03 1.518972160000e+00 2.585293260000e-05
7.294088600000e-03 1.522824050000e+00 2.724821210000e-05
7.375195620000e-03 1.525392060000e+00 2.826479070000e-05
7.618516680000e-03 1.529029850000e+00 2.826479070000e-05
7.861837740000e-03 1.531811710000e+00 3.107675730000e-05
8.105151360000e-03 1.535021540000e+00 3.253155590000e-05
8.186258380000e-03 1.537589550000e+00 3.361615380000e-05
8.429579440000e-03 1.539943460000e+00 3.470075540000e-05
8.672900500000e-03 1.543581250000e+00 3.642832600000e-05
8.754007520000e-03 1.545935150000e+00 3.779869440000e-05
9.159535170000e-03 1.549359080000e+00 3.959770770000e-05
9.240642190000e-03 1.551712990000e+00 4.081869340000e-05
9.483963250000e-03 1.554922820000e+00 4.325417830000e-05
9.646177290000e-03 1.557490590000e+00 4.451413770000e-05
9.808383880000e-03 1.560914520000e+00 4.676127360000e-05
1.005170490000e-02 1.563054560000e+00 4.846936280000e-05
1.029502600000e-02 1.566050290000e+00 5.116463580000e-05
1.045724000000e-02 1.568190340000e+00 5.306755700000e-05
1.070055370000e-02 1.571400170000e+00 5.624342520000e-05
1.086276770000e-02 1.573539970000e+00 5.853602850000e-05
1.110608880000e-02 1.576535940000e+00 6.254971230000e-05
1.126830280000e-02 1.578675990000e+00 6.545929500000e-05
1.151162390000e-02 1.581885810000e+00 7.101220400000e-05
1.175493750000e-02 1.583811760000e+00 7.589616140000e-05
1.191715150000e-02 1.586807490000e+00 8.548871850000e-05
1.207936560000e-02 1.588733430000e+00 9.569177930000e-05
1.224157960000e-02 1.590873480000e+00 1.118179210000e-04
1.248489320000e-02 1.593013290000e+00 1.676716930000e-04
1.264710720000e-02 1.594725130000e+00 2.546866600000e-04
1.289042830000e-02 1.596223120000e+00 2.546866600000e-04
1.313374940000e-02 1.597507240000e+00 5.406323470000e-04
1.329596340000e-02 1.599004980000e+00 7.142675460000e-04
1.345817000000e-02 1.600502970000e+00 8.304149960000e-04
1.370149110000e-02 1.602000950000e+00 1.005482510000e-03
1.386370510000e-02 1.603070970000e+00 1.125145590000e-03
1.410702620000e-02 1.604996920000e+00 1.300733890000e-03
1.426923270000e-02 1.606494900000e+00 1.420592420000e-03
1.451255380000e-02 1.608206750000e+00 1.599566080000e-03
1.467476790000e-02 1.609062670000e+00 1.718513200000e-03
1.491808890000e-02 1.610774520000e+00 1.893385310000e-03
1.499919590000e-02 1.612272500000e+00 2.007774780000e-03
1.532361660000e-02 1.613770480000e+00 2.188246230000e-03
1.540472360000e-02 1.615268470000e+00 2.307844120000e-03
1.572915170000e-02 1.617194410000e+00 2.480567670000e-03
1.581025870000e-02 1.618264440000e+00 2.601207470000e-03
1.605357230000e-02 1.619120360000e+00 2.716378540000e-03
1.629689340000e-02 1.621260170000e+00 2.716378540000e-03
1.645910740000e-02 1.622330190000e+00 3.045248330000e-03
1.670242850000e-02 1.624256130000e+00 3.203679340000e-03
1.686464250000e-02 1.625112060000e+00 3.320553810000e-03
1.710795610000e-02 1.627038000000e+00 3.493269670000e-03
1.727017020000e-02 1.628321890000e+00 3.610794200000e-03
1.751349120000e-02 1.630247830000e+00 3.786107060000e-03
1.767570530000e-02 1.631103750000e+00 3.910123840000e-03
1.791901890000e-02 1.633029700000e+00 4.078294150000e-03
1.808123290000e-02 1.634313820000e+00 4.202961460000e-03
1.832455400000e-02 1.635811570000e+00 4.373079170000e-03
1.848676800000e-02 1.636881590000e+00 4.494499880000e-03
1.873008160000e-02 1.638807540000e+00 4.674357830000e-03
1.881118860000e-02 1.639877560000e+00 4.794479350000e-03
1.905450970000e-02 1.641803500000e+00 4.969791510000e-03
1.921672370000e-02 1.642873290000e+00 5.076278000000e-03
1.954115180000e-02 1.644799230000e+00 5.269771440000e-03
1.962225880000e-02 1.645869260000e+00 5.389243360000e-03
1.986557990000e-02 1.647153140000e+00 5.509365350000e-03
2.010888610000e-02 1.648865220000e+00 5.689872890000e-03
2.018999310000e-02 1.649935010000e+00 5.825577300000e-03
2.051442120000e-02 1.651647090000e+00 5.982709580000e-03
2.059552820000e-02 1.652930970000e+00 6.112571340000e-03
2.083884920000e-02 1.654642820000e+00 6.275546740000e-03
2.108217030000e-02 1.655498980000e+00 6.409952880000e-03
2.132549140000e-02 1.657424690000e+00 6.573578810000e-03
2.148770540000e-02 1.658494710000e+00 6.696946920000e-03
2.173102650000e-02 1.660420660000e+00 6.870311220000e-03
2.181213350000e-02 1.661490680000e+00 6.988485340000e-03
2.213654670000e-02 1.662988660000e+00 7.178082600000e-03
2.229876070000e-02 1.664272550000e+00 7.279374640000e-03
2.246097480000e-02 1.665984390000e+00 7.468971890000e-03
2.262318880000e-02 1.667054410000e+00 7.586496420000e-03
2.294761690000e-02 1.668766260000e+00 7.749471350000e-03
2.310983090000e-02 1.669836280000e+00 7.877385240000e-03
2.335315200000e-02 1.671762230000e+00 8.053997530000e-03
2.343425900000e-02 1.672832250000e+00 8.167625400000e-03
2.367756520000e-02 1.674116130000e+00 8.307876070000e-03
2.392088620000e-02 1.675400020000e+00 8.473448460000e-03
2.400199320000e-02 1.676684140000e+00 8.581882340000e-03
2.416420730000e-02 1.678610090000e+00 8.757844570000e-03
2.448863540000e-02 1.679679870000e+00 8.889004590000e-03
2.465084940000e-02 1.681391950000e+00 9.061070160000e-03
2.481306340000e-02 1.682461740000e+00 9.183788670000e-03
2.513749150000e-02 1.683959720000e+00 9.359101760000e-03
2.521859850000e-02 1.685243610000e+00 9.464289990000e-03
2.546190470000e-02 1.686955690000e+00 9.668172340000e-03
2.562411870000e-02 1.688025710000e+00 9.757776740000e-03
2.594854680000e-02 1.689951420000e+00 9.949320930000e-03
2.602965380000e-02 1.690807580000e+00 1.005450920000e-02
2.627297490000e-02 1.692947390000e+00 1.023696460000e-02
2.651629600000e-02 1.693589450000e+00 1.035189160000e-02
2.667851000000e-02 1.695301290000e+00 1.052525550000e-02
2.684072410000e-02 1.696157220000e+00 1.064278000000e-02
2.708404510000e-02 1.698083160000e+00 1.082718370000e-02
2.732735130000e-02 1.699367050000e+00 1.094665560000e-02
2.740845830000e-02 1.700223210000e+00 1.105573870000e-02
2.765177940000e-02 1.702149150000e+00 1.125182860000e-02
2.781399340000e-02 1.703005080000e+00 1.135247290000e-02
2.813842150000e-02 1.704503060000e+00 1.153687480000e-02
2.830063550000e-02 1.705786940000e+00 1.165439930000e-02
2.846284960000e-02 1.707498790000e+00 1.183685470000e-02
2.862506360000e-02 1.708568810000e+00 1.194463860000e-02
2.886838470000e-02 1.710494760000e+00 1.213034150000e-02
2.903058380000e-02 1.711350680000e+00 1.224721690000e-02
2.927390490000e-02 1.712848660000e+00 1.240954180000e-02
2.943611890000e-02 1.713918690000e+00 1.252706630000e-02
2.967944000000e-02 1.715630530000e+00 1.271276920000e-02
2.992276100000e-02 1.716700550000e+00 1.282834540000e-02
3.008497510000e-02 1.718412400000e+00 1.301729310000e-02
3.024718910000e-02 1.719696280000e+00 1.313157100000e-02
3.057161720000e-02 1.720980170000e+00 1.330818240000e-02
3.073383120000e-02 1.722264290000e+00 1.342635690000e-02
3.097713740000e-02 1.723762040000e+00 1.360556480000e-02
3.105824440000e-02 1.724832060000e+00 1.373218000000e-02
3.130156550000e-02 1.726115940000e+00 1.383541990000e-02
3.146377950000e-02 1.727828030000e+00 1.400683540000e-02
3.170710060000e-02 1.728898050000e+00 1.414189210000e-02
3.186931460000e-02 1.730181930000e+00 1.430876370000e-02
3.203152870000e-02 1.731679920000e+00 1.442953390000e-02
3.235595670000e-02 1.732963800000e+00 1.460614610000e-02
3.251817080000e-02 1.734247680000e+00 1.472756550000e-02
3.276147690000e-02 1.735745670000e+00 1.490742340000e-02
3.292369100000e-02 1.736815690000e+00 1.502105220000e-02
3.308590500000e-02 1.738527540000e+00 1.520155930000e-02
3.332922610000e-02 1.739597560000e+00 1.531973390000e-02
3.349144010000e-02 1.741309400000e+00 1.547686480000e-02
3.365365420000e-02 1.742165330000e+00 1.560542830000e-02
3.397808220000e-02 1.743663310000e+00 1.578203960000e-02
3.405918930000e-02 1.744733330000e+00 1.590800470000e-02
3.430251030000e-02 1.746445180000e+00 1.607747380000e-02
3.446470950000e-02 1.747301340000e+00 1.620019230000e-02
3.470803050000e-02 1.749013190000e+00 1.635342840000e-02
3.487024460000e-02 1.750297070000e+00 1.649952310000e-02
3.503245860000e-02 1.751152990000e+00 1.662029330000e-02
3.535688670000e-02 1.752650980000e+00 1.679430720000e-02
3.551910070000e-02 1.753721000000e+00 1.691897400000e-02
3.568131480000e-02 1.755432840000e+00 1.708389820000e-02
3.592463580000e-02 1.756288770000e+00 1.720142180000e-02
3.616794200000e-02 1.758000850000e+00 1.739426700000e-02
3.633015600000e-02 1.759070870000e+00 1.749945250000e-02
3.657347710000e-02 1.760354760000e+00 1.767282000000e-02
3.665458410000e-02 1.761852740000e+00 1.779229010000e-02
3.689790520000e-02 1.763350730000e+00 1.795331950000e-02
3.706011920000e-02 1.763992550000e+00 1.807344150000e-02
3.730344030000e-02 1.765918490000e+00 1.826044170000e-02
3.746565430000e-02 1.766988520000e+00 1.837082390000e-02
3.770897540000e-02 1.768486500000e+00 1.856042070000e-02
3.795228150000e-02 1.769556280000e+00 1.868508760000e-02
3.819560260000e-02 1.771268370000e+00 1.883442700000e-02
3.827670960000e-02 1.772124290000e+00 1.895844560000e-02
3.852003070000e-02 1.773408170000e+00 1.913570610000e-02
3.876335170000e-02 1.774478200000e+00 1.925063320000e-02
3.884445880000e-02 1.775762080000e+00 1.937400180000e-02
3.916888680000e-02 1.777260070000e+00 1.954801570000e-02
3.924999390000e-02 1.778115990000e+00 1.967657730000e-02
3.957442190000e-02 1.779828070000e+00 1.982981340000e-02
3.965552900000e-02 1.780683990000e+00 1.994993540000e-02
3.989883510000e-02 1.782395840000e+00 2.013239080000e-02
4.014215620000e-02 1.783465860000e+00 2.024407130000e-02
4.030437020000e-02 1.784749750000e+00 2.042393010000e-02
4.046658430000e-02 1.786033630000e+00 2.054989520000e-02
4.070990530000e-02 1.787317750000e+00 2.072325910000e-02
4.095322640000e-02 1.788815500000e+00 2.083883620000e-02
4.111544040000e-02 1.790313480000e+00 2.101285010000e-02
4.127765450000e-02 1.791169400000e+00 2.112777900000e-02
4.160206760000e-02 1.792453530000e+00 2.130698410000e-02
4.168317470000e-02 1.793523310000e+00 2.142840440000e-02
4.200760280000e-02 1.795235400000e+00 2.160112190000e-02
4.208870980000e-02 1.796091320000e+00 2.171864550000e-02
4.225092380000e-02 1.796947240000e+00 2.179851010000e-02
4.257535190000e-02 1.798445220000e+00 2.201343140000e-02
4.273756590000e-02 1.799729110000e+00 2.212251350000e-02
4.298088700000e-02 1.801227090000e+00 2.229912580000e-02
4.314310100000e-02 1.802297120000e+00 2.241665120000e-02
4.338640720000e-02 1.803795100000e+00 2.258611840000e-02
4.354862120000e-02 1.804651020000e+00 2.270948700000e-02
4.371083530000e-02 1.806362870000e+00 2.288220260000e-02
4.387304930000e-02 1.807432890000e+00 2.300621940000e-02
4.411637040000e-02 1.808716770000e+00 2.316010560000e-02
4.427858440000e-02 1.809786800000e+00 2.328477050000e-02
4.452190550000e-02 1.811070680000e+00 2.346592960000e-02
4.468411950000e-02 1.811926600000e+00 2.357501160000e-02
4.492744060000e-02 1.813852550000e+00 2.375097200000e-02
4.517074670000e-02 1.814922570000e+00 2.385940960000e-02
4.533296080000e-02 1.816420560000e+00 2.403082510000e-02
4.549517480000e-02 1.817276480000e+00 2.414510400000e-02
4.581960290000e-02 1.818774460000e+00 2.433534900000e-02
4.598181690000e-02 1.819630380000e+00 2.444703130000e-02
4.606292400000e-02 1.820700410000e+00 2.457883950000e-02
4.638735200000e-02 1.822198390000e+00 2.473532220000e-02
4.646845910000e-02 1.823268180000e+00 2.483206990000e-02
4.679288720000e-02 1.824766160000e+00 2.502296680000e-02
4.687397930000e-02 1.825836180000e+00 2.514438520000e-02
4.711730030000e-02 1.827334170000e+00 2.531190590000e-02
4.727951440000e-02 1.828190090000e+00 2.542748120000e-02
4.752283540000e-02 1.829473970000e+00 2.560734000000e-02
4.768504950000e-02 1.830757860000e+00 2.571837050000e-02
4.792837050000e-02 1.832041980000e+00 2.588783950000e-02
4.809058460000e-02 1.833112000000e+00 2.600536680000e-02
4.833390560000e-02 1.834395890000e+00 2.618327360000e-02
4.849611970000e-02 1.835465910000e+00 2.630080100000e-02
4.882053290000e-02 1.836963650000e+00 2.645987830000e-02
4.898274690000e-02 1.838033680000e+00 2.659428680000e-02
4.914496090000e-02 1.839531660000e+00 2.674557450000e-02
4.930717500000e-02 1.840387580000e+00 2.686374820000e-02
4.963160310000e-02 1.841671470000e+00 2.703841030000e-02
4.971271010000e-02 1.842955590000e+00 2.714749610000e-02
4.987492410000e-02 1.843597410000e+00 2.725982670000e-02
5.011824520000e-02 1.845309500000e+00 2.743513700000e-02
5.028045920000e-02 1.846165420000e+00 2.753902600000e-02
5.052376540000e-02 1.847877260000e+00 2.772342970000e-02
5.068597940000e-02 1.848519330000e+00 2.782861520000e-02
5.092930050000e-02 1.850231170000e+00 2.801042240000e-02
5.117262150000e-02 1.851087090000e+00 2.813249450000e-02
5.133483560000e-02 1.852585080000e+00 2.829871510000e-02
5.149704960000e-02 1.853441000000e+00 2.842533030000e-02
5.174037070000e-02 1.854725120000e+00 2.858246120000e-02
5.190258470000e-02 1.855794910000e+00 2.871102280000e-02
5.214590580000e-02 1.857292890000e+00 2.871102280000e-02
5.230810490000e-02 1.858148810000e+00 2.908323330000e-02
5.247031900000e-02 1.859646800000e+00 2.917379140000e-02
5.271364000000e-02 1.860716820000e+00 2.939373070000e-02
5.295696110000e-02 1.862000700000e+00 2.940666490000e-02
5.311917510000e-02 1.863070730000e+00 2.951663550000e-02
5.344360320000e-02 1.864782570000e+00 2.967835400000e-02
5.352471020000e-02 1.865638490000e+00 2.984006700000e-02
5.368692430000e-02 1.866494660000e+00 2.990475480000e-02
5.393024530000e-02 1.867778540000e+00 3.008588030000e-02
5.417355150000e-02 1.868848560000e+00 3.021525220000e-02
5.433576550000e-02 1.870346550000e+00 3.035109680000e-02
5.449797960000e-02 1.871202470000e+00 3.049987550000e-02
5.474130060000e-02 1.872914310000e+00 3.064865250000e-02
5.498462170000e-02 1.873556380000e+00 3.075215590000e-02
5.514683570000e-02 1.874840260000e+00 3.093974290000e-02
5.530904980000e-02 1.876124140000e+00 3.082977980000e-02
5.555237080000e-02 1.877408270000e+00 3.120495940000e-02
5.571458490000e-02 1.878264190000e+00 3.131492810000e-02
5.587678400000e-02 1.879762170000e+00 3.144430000000e-02
5.612010510000e-02 1.880404000000e+00 3.177420420000e-02
5.636342610000e-02 1.882116080000e+00 3.180655090000e-02
5.652564020000e-02 1.882972000000e+00 3.190358360000e-02
5.676896130000e-02 1.884469990000e+00 3.206529470000e-02
5.693117530000e-02 1.885111810000e+00 3.199414540000e-02
5.717449640000e-02 1.886609790000e+00 3.231757510000e-02
5.733671040000e-02 1.887679820000e+00 3.242754560000e-02
5.749892440000e-02 1.888535740000e+00 3.260866550000e-02
5.774223060000e-02 1.890033720000e+00 3.271216900000e-02
5.790444460000e-02 1.890889640000e+00 3.273157030000e-02
5.814776570000e-02 1.892387630000e+00 3.297738360000e-02
5.822887270000e-02 1.893243550000e+00 3.308087960000e-02
5.855330080000e-02 1.894741540000e+00 3.330728410000e-02
5.871551480000e-02 1.895597460000e+00 3.328788280000e-02
5.887772890000e-02 1.897095440000e+00 3.352075070000e-02
5.903994290000e-02 1.897737260000e+00 3.358543660000e-02
5.936435610000e-02 1.899235250000e+00 3.401237350000e-02
5.952657010000e-02 1.900091170000e+00 3.394768390000e-02
5.985099820000e-02 1.901589160000e+00 3.410293530000e-02
5.993210520000e-02 1.902445080000e+00 3.423877430000e-02
6.017542630000e-02 1.903515100000e+00 3.441343080000e-02
6.033764030000e-02 1.904798980000e+00 3.460749240000e-02
6.058096140000e-02 1.906083110000e+00 3.465277330000e-02
6.074317540000e-02 1.907152890000e+00 3.475626930000e-02
6.098649650000e-02 1.908437010000e+00 3.503442560000e-02
6.114871050000e-02 1.909292940000e+00 3.506030140000e-02
6.131090970000e-02 1.910148860000e+00 3.516379740000e-02
6.155423070000e-02 1.911860700000e+00 3.532551600000e-02
6.171644480000e-02 1.912288900000e+00 3.558426350000e-02
6.195976590000e-02 1.914000750000e+00 3.564894940000e-02
6.212197990000e-02 1.914856670000e+00 3.575244920000e-02
6.236530100000e-02 1.916354660000e+00 3.581066800000e-02
6.252751500000e-02 1.917210580000e+00 3.602413460000e-02
6.277083610000e-02 1.918494460000e+00 3.614057230000e-02
6.285194310000e-02 1.919564490000e+00 3.633463010000e-02
6.317635630000e-02 1.920848370000e+00 3.652869160000e-02
6.325746330000e-02 1.921918390000e+00 3.652869160000e-02
6.358189140000e-02 1.923202280000e+00 3.672274950000e-02
6.374410540000e-02 1.924272300000e+00 3.682625290000e-02
6.398742650000e-02 1.925556180000e+00 3.703324870000e-02
6.414964050000e-02 1.926626210000e+00 3.711087630000e-02
6.439296160000e-02 1.927910090000e+00 3.735021870000e-02
6.455517560000e-02 1.928766250000e+00 3.736962010000e-02
6.479848180000e-02 1.930050130000e+00 3.749899570000e-02
6.487958880000e-02 1.931120160000e+00 3.752487150000e-02
6.512290980000e-02 1.931761980000e+00 3.777067740000e-02
6.528512390000e-02 1.933259960000e+00 3.789358210000e-02
6.544733790000e-02 1.934115890000e+00 3.799708560000e-02
6.577176600000e-02 1.935400010000e+00 3.820408140000e-02
6.593398000000e-02 1.936469790000e+00 3.833345700000e-02
6.617730110000e-02 1.937539820000e+00 3.846282880000e-02
6.633951510000e-02 1.938609840000e+00 3.854692350000e-02
6.666392830000e-02 1.939893720000e+00 3.879273310000e-02
6.674503540000e-02 1.940535780000e+00 3.879920020000e-02
6.698835640000e-02 1.942247630000e+00 3.899973260000e-02
6.723167750000e-02 1.943103550000e+00 3.907088940000e-02
6.739389150000e-02 1.944387440000e+00 3.933610390000e-02
6.755610560000e-02 1.945243600000e+00 3.939431910000e-02
6.779942660000e-02 1.946313380000e+00 3.971775620000e-02
6.796164070000e-02 1.947383400000e+00 3.986006980000e-02
6.820496170000e-02 1.948667290000e+00 3.997003290000e-02
6.836716090000e-02 1.949309350000e+00 4.000237960000e-02
6.861048190000e-02 1.950807330000e+00 4.017703240000e-02
6.877269600000e-02 1.951663260000e+00 4.030640420000e-02
6.893491000000e-02 1.952519180000e+00 4.038403180000e-02
6.917823110000e-02 1.954017160000e+00 4.063630850000e-02
6.925933810000e-02 1.954659220000e+00 4.077215120000e-02
6.958376620000e-02 1.956156970000e+00 4.085624220000e-02
6.966487320000e-02 1.957013130000e+00 4.090799760000e-02
6.998930130000e-02 1.958297010000e+00 4.108265040000e-02
7.015150040000e-02 1.959152940000e+00 4.117321220000e-02
7.031371440000e-02 1.960436820000e+00 4.134786500000e-02
7.055703550000e-02 1.961292980000e+00 4.146430270000e-02
7.071924950000e-02 1.963218690000e+00 4.157426580000e-02
7.096257060000e-02 1.963860750000e+00 4.171657930000e-02
7.120589170000e-02 1.965358730000e+00 4.191711170000e-02
7.136810570000e-02 1.966428760000e+00 4.193004590000e-02
7.161142680000e-02 1.967498540000e+00 4.230523110000e-02
7.177364080000e-02 1.968140600000e+00 4.222114010000e-02
7.201694700000e-02 1.969638590000e+00 4.239579290000e-02
7.226026800000e-02 1.970494510000e+00 4.253810640000e-02
7.242248210000e-02 1.971778390000e+00 4.262866820000e-02
7.258469610000e-02 1.972634550000e+00 4.270629210000e-02
7.266580310000e-02 1.973490480000e+00 4.287447780000e-02
7.299023120000e-02 1.974774360000e+00 4.304913060000e-02
7.315244530000e-02 1.975630280000e+00 4.304913060000e-02
7.339576630000e-02 1.976914170000e+00 4.328846930000e-02
7.355798040000e-02 1.977770330000e+00 4.336609320000e-02
7.380128650000e-02 1.978840110000e+00 4.357955980000e-02
7.396350060000e-02 1.979910140000e+00 4.367658870000e-02
7.428792860000e-02 1.981194020000e+00 4.381890220000e-02
7.436903570000e-02 1.981836080000e+00 4.385124890000e-02
7.453124970000e-02 1.983334060000e+00 4.406471550000e-02
7.477457080000e-02 1.984189990000e+00 4.416174440000e-02
7.509899880000e-02 1.985260010000e+00 4.442049560000e-02
7.518010590000e-02 1.986115930000e+00 4.453045870000e-02
7.542342690000e-02 1.987399820000e+00 4.467923570000e-02
7.558562610000e-02 1.988041880000e+00 4.476333410000e-02
7.582894710000e-02 1.989539860000e+00 4.497680070000e-02
7.599116120000e-02 1.990181680000e+00 4.502208160000e-02
7.623448220000e-02 1.991893770000e+00 4.522261020000e-02
7.639669630000e-02 1.992749690000e+00 4.527435820000e-02
7.655891030000e-02 1.993391510000e+00 4.539726300000e-02
7.680223140000e-02 1.994675640000e+00 4.552017150000e-02
7.704555240000e-02 1.996173620000e+00 4.555251450000e-02
7.720776650000e-02 1.997457500000e+00 4.575951400000e-02
7.736996560000e-02 1.998313430000e+00 4.583066700000e-02
7.761328670000e-02 1.999383450000e+00 4.615410040000e-02
7.777550070000e-02 2.000025270000e+00 4.609588530000e-02
7.801882180000e-02 2.001523260000e+00 4.623172430000e-02
7.826214280000e-02 2.002379180000e+00 4.636756700000e-02
7.842435690000e-02 2.003663300000e+00 4.636109990000e-02
7.858657090000e-02 2.004091260000e+00 4.658750070000e-02
7.882989200000e-02 2.005375150000e+00 4.676216100000e-02
7.899210600000e-02 2.006231070000e+00 4.691740500000e-02
7.923541220000e-02 2.007729050000e+00 4.700796680000e-02
7.939762620000e-02 2.008371110000e+00 4.709205780000e-02
