#  J [A] 	 V 	 L [w] 
7.947873320000e-02 2.056733130000e+00 4.955016080000e-02
7.923541220000e-02 2.055663110000e+00 4.938197510000e-02
7.899210600000e-02 2.054165360000e+00 4.925260320000e-02
7.874878500000e-02 2.053309200000e+00 4.896151270000e-02
7.858657090000e-02 2.051811460000e+00 4.915557430000e-02
7.842435690000e-02 2.050955300000e+00 4.876745490000e-02
7.818103580000e-02 2.049243450000e+00 4.882567000000e-02
7.801882180000e-02 2.048173430000e+00 4.860573630000e-02
7.777550070000e-02 2.046889540000e+00 4.844401780000e-02
7.761328670000e-02 2.045605660000e+00 4.842460900000e-02
7.736996560000e-02 2.044321540000e+00 4.830817130000e-02
7.720776650000e-02 2.043465610000e+00 4.800414670000e-02
7.696444540000e-02 2.041753770000e+00 4.788123820000e-02
7.680223140000e-02 2.040683750000e+00 4.759662230000e-02
7.655891030000e-02 2.039399860000e+00 4.779068010000e-02
7.639669630000e-02 2.038115980000e+00 4.746724290000e-02
7.623448220000e-02 2.037473920000e+00 4.736374690000e-02
7.599116120000e-02 2.035975930000e+00 4.722143710000e-02
7.582894710000e-02 2.034905910000e+00 4.711146650000e-02
7.558562610000e-02 2.033622030000e+00 4.693034660000e-02
7.542342690000e-02 2.032338140000e+00 4.688506570000e-02
7.518010590000e-02 2.031054260000e+00 4.667159540000e-02
7.501789180000e-02 2.029984240000e+00 4.650987680000e-02
7.477457080000e-02 2.028700350000e+00 4.649047180000e-02
7.461235670000e-02 2.027630330000e+00 4.619291420000e-02
7.436903570000e-02 2.026132350000e+00 4.603119570000e-02
7.420682160000e-02 2.025062320000e+00 4.597944770000e-02
7.396350060000e-02 2.023564340000e+00 4.577244820000e-02
7.388239350000e-02 2.022708420000e+00 4.569482430000e-02
7.355798040000e-02 2.021210430000e+00 4.542314260000e-02
7.339576630000e-02 2.020140650000e+00 4.524201530000e-02
7.315244530000e-02 2.018856530000e+00 4.515145350000e-02
7.299023120000e-02 2.017786740000e+00 4.517732560000e-02
7.274691020000e-02 2.016288760000e+00 4.497680070000e-02
7.258469610000e-02 2.015218730000e+00 4.477627200000e-02
7.242248210000e-02 2.014362810000e+00 4.467276860000e-02
7.217916100000e-02 2.012864830000e+00 4.442696270000e-02
7.201694700000e-02 2.011794810000e+00 4.443989690000e-02
7.177364080000e-02 2.010297060000e+00 4.423290120000e-02
7.161142680000e-02 2.009440900000e+00 4.413587230000e-02
7.136810570000e-02 2.007729050000e+00 4.403236880000e-02
7.120589170000e-02 2.006873130000e+00 4.382537310000e-02
7.096257060000e-02 2.005161290000e+00 4.368953030000e-02
7.080035660000e-02 2.004305120000e+00 4.352134470000e-02
7.055703550000e-02 2.003021240000e+00 4.335962610000e-02
7.039482150000e-02 2.001951220000e+00 4.328846930000e-02
7.015150040000e-02 2.000239370000e+00 4.308794440000e-02
7.007040830000e-02 1.999383450000e+00 4.297150670000e-02
6.974598020000e-02 1.997885470000e+00 4.279037940000e-02
6.950265910000e-02 1.997243400000e+00 4.274509850000e-02
6.934044510000e-02 1.995531560000e+00 4.258985440000e-02
6.917823110000e-02 1.994461540000e+00 4.242166880000e-02
6.893491000000e-02 1.993177650000e+00 4.233110320000e-02
6.869158890000e-02 1.992107630000e+00 4.203354940000e-02
6.861048190000e-02 1.990823750000e+00 4.195591810000e-02
6.836716090000e-02 1.989539860000e+00 4.182654620000e-02
6.812385470000e-02 1.988255740000e+00 4.178126530000e-02
6.796164070000e-02 1.986971860000e+00 4.156779870000e-02
6.779942660000e-02 1.985687970000e+00 4.143842680000e-02
6.755610560000e-02 1.984189990000e+00 4.128317530000e-02
6.739389150000e-02 1.983119960000e+00 4.121202230000e-02
6.715057050000e-02 1.981621980000e+00 4.089505600000e-02
6.690724940000e-02 1.980766060000e+00 4.092739890000e-02
6.674503540000e-02 1.979268070000e+00 4.072040320000e-02
6.658282130000e-02 1.978198290000e+00 4.063630850000e-02
6.642062220000e-02 1.976914170000e+00 4.034521800000e-02
6.617730110000e-02 1.975630280000e+00 4.030640420000e-02
6.593398000000e-02 1.974132300000e+00 4.013175140000e-02
6.577176600000e-02 1.973276380000e+00 4.000237960000e-02
6.552844490000e-02 1.971778390000e+00 3.982771930000e-02
6.536623090000e-02 1.970922470000e+00 3.969835120000e-02
6.512290980000e-02 1.969424490000e+00 3.958191350000e-02
6.496069580000e-02 1.968354700000e+00 3.933610390000e-02
6.471738960000e-02 1.967712640000e+00 3.934257100000e-02
6.455517560000e-02 1.965786700000e+00 3.915498030000e-02
6.447406860000e-02 1.964930770000e+00 3.883801400000e-02
6.406853350000e-02 1.963432790000e+00 3.894151000000e-02
6.398742650000e-02 1.962790730000e+00 3.876685720000e-02
6.374410540000e-02 1.961078880000e+00 3.858573360000e-02
6.358189140000e-02 1.960008860000e+00 3.843048590000e-02
6.333857030000e-02 1.958724980000e+00 3.819114710000e-02
6.317635630000e-02 1.957654950000e+00 3.831405190000e-02
6.293305010000e-02 1.956156970000e+00 3.801649440000e-02
6.277083610000e-02 1.955087180000e+00 3.787418080000e-02
6.252751500000e-02 1.953589200000e+00 3.766071420000e-02
6.236530100000e-02 1.952519180000e+00 3.755721080000e-02
6.212197990000e-02 1.951235290000e+00 3.741490100000e-02
6.195976590000e-02 1.950165270000e+00 3.733081000000e-02
6.171644480000e-02 1.948667290000e+00 3.711087630000e-02
6.155423070000e-02 1.947597500000e+00 3.700737280000e-02
6.131090970000e-02 1.946313380000e+00 3.681978210000e-02
6.114871050000e-02 1.945457460000e+00 3.659984470000e-02
6.098649650000e-02 1.944173570000e+00 3.648341070000e-02
6.082428250000e-02 1.942461730000e+00 3.639285270000e-02
6.058096140000e-02 1.941605570000e+00 3.634109720000e-02
6.025653330000e-02 1.939893720000e+00 3.611469640000e-02
6.017542630000e-02 1.938823700000e+00 3.609528770000e-02
5.993210520000e-02 1.937539820000e+00 3.587535400000e-02
5.976989120000e-02 1.936255930000e+00 3.579773380000e-02
5.952657010000e-02 1.934971810000e+00 3.556485850000e-02
5.936435610000e-02 1.933902030000e+00 3.542901200000e-02
5.912104990000e-02 1.932404040000e+00 3.517026450000e-02
5.895883590000e-02 1.931548120000e+00 3.508617360000e-02
5.879662190000e-02 1.930050130000e+00 3.509264070000e-02
5.847219380000e-02 1.928980110000e+00 3.474980220000e-02
5.830997970000e-02 1.927482130000e+00 3.465924040000e-02
5.822887270000e-02 1.926412340000e+00 3.449752180000e-02
5.790444460000e-02 1.924914360000e+00 3.427112100000e-02
5.774223060000e-02 1.923844340000e+00 3.422584010000e-02
5.749892440000e-02 1.922346350000e+00 3.403177860000e-02
5.741781740000e-02 1.921704530000e+00 3.405118730000e-02
5.725560340000e-02 1.920420410000e+00 3.379243980000e-02
5.693117530000e-02 1.918922420000e+00 3.358543660000e-02
5.685006830000e-02 1.917852640000e+00 3.351428360000e-02
5.652564020000e-02 1.916354660000e+00 3.335256500000e-02
5.636342610000e-02 1.915284630000e+00 3.324906530000e-02
5.612010510000e-02 1.913786650000e+00 3.308087960000e-02
5.603899810000e-02 1.912930730000e+00 3.297738360000e-02
5.579567700000e-02 1.911218880000e+00 3.274451200000e-02
5.555237080000e-02 1.910362960000e+00 3.262807430000e-02
5.530904980000e-02 1.908864970000e+00 3.247282650000e-02
5.514683570000e-02 1.907794950000e+00 3.229817000000e-02
5.490351470000e-02 1.906296970000e+00 3.207176920000e-02
5.474130060000e-02 1.905655150000e+00 3.196179870000e-02
5.457908660000e-02 1.903943060000e+00 3.200061250000e-02
5.433576550000e-02 1.902659180000e+00 3.176773710000e-02
5.409244450000e-02 1.901161190000e+00 3.170304750000e-02
5.393024530000e-02 1.900305270000e+00 3.142489870000e-02
5.368692430000e-02 1.898593430000e+00 3.136020900000e-02
5.360581730000e-02 1.897737260000e+00 3.121143210000e-02
5.336249620000e-02 1.896667480000e+00 3.105618060000e-02
5.311917510000e-02 1.895169500000e+00 3.099796550000e-02
5.295696110000e-02 1.893885610000e+00 3.071334210000e-02
5.279474710000e-02 1.892601490000e+00 3.059690450000e-02
5.263253300000e-02 1.891531710000e+00 3.059043740000e-02
5.230810490000e-02 1.889819620000e+00 3.027994000000e-02
5.214590580000e-02 1.888749600000e+00 3.001472540000e-02
5.198369180000e-02 1.887679820000e+00 2.995003570000e-02
5.174037070000e-02 1.886395690000e+00 2.986594100000e-02
5.149704960000e-02 1.885111810000e+00 2.966541420000e-02
5.133483560000e-02 1.884255890000e+00 2.947782170000e-02
5.109151450000e-02 1.882544040000e+00 2.954250950000e-02
5.092930050000e-02 1.881474020000e+00 2.924494630000e-02
5.068597940000e-02 1.879976030000e+00 2.901854550000e-02
5.060487240000e-02 1.878906010000e+00 2.888917360000e-02
5.028045920000e-02 1.877408270000e+00 2.883742000000e-02
5.011824520000e-02 1.876124140000e+00 2.882448580000e-02
4.987492410000e-02 1.874626160000e+00 2.845576590000e-02
4.971271010000e-02 1.873770240000e+00 2.835226990000e-02
4.955049600000e-02 1.872700450000e+00 2.828111310000e-02
4.930717500000e-02 1.871202470000e+00 2.803530540000e-02
4.914496090000e-02 1.870132450000e+00 2.790592800000e-02
4.890163990000e-02 1.868420600000e+00 2.775068210000e-02
4.873942580000e-02 1.867564440000e+00 2.766012030000e-02
4.849611970000e-02 1.866066690000e+00 2.747900040000e-02
4.841501270000e-02 1.864996670000e+00 2.733021600000e-02
4.809058460000e-02 1.863284590000e+00 2.721377830000e-02
4.792837050000e-02 1.862000700000e+00 2.704559270000e-02
4.760394250000e-02 1.860930680000e+00 2.688387970000e-02
4.752283540000e-02 1.859646800000e+00 2.671569400000e-02
4.727951440000e-02 1.858362910000e+00 2.652810140000e-02
4.719840740000e-02 1.857292890000e+00 2.643107250000e-02
4.695508630000e-02 1.855794910000e+00 2.624347810000e-02
4.671178010000e-02 1.854725120000e+00 2.624347810000e-02
4.646845910000e-02 1.852799180000e+00 2.600413750000e-02
4.630624500000e-02 1.851943250000e+00 2.588769980000e-02
4.614403100000e-02 1.850231170000e+00 2.588769980000e-02
4.590070990000e-02 1.849161150000e+00 2.562032830000e-02
4.573849590000e-02 1.848305230000e+00 2.551384080000e-02
4.557628180000e-02 1.846807240000e+00 2.533008720000e-02
4.541406780000e-02 1.845523360000e+00 2.522879470000e-02
4.508963970000e-02 1.844025370000e+00 2.504439280000e-02
4.492744060000e-02 1.842741490000e+00 2.491842580000e-02
4.476522650000e-02 1.841243510000e+00 2.473337200000e-02
4.452190550000e-02 1.840173720000e+00 2.461390380000e-02
4.435969140000e-02 1.838461640000e+00 2.446845920000e-02
4.411637040000e-02 1.837605710000e+00 2.433729920000e-02
4.395415630000e-02 1.836107730000e+00 2.416068690000e-02
4.371083530000e-02 1.835251810000e+00 2.403212520000e-02
4.346751420000e-02 1.833539960000e+00 2.385551300000e-02
4.330530020000e-02 1.832255840000e+00 2.374512890000e-02
4.314310100000e-02 1.830757860000e+00 2.357436340000e-02
4.298088700000e-02 1.829688070000e+00 2.344449980000e-02
4.273756590000e-02 1.827975990000e+00 2.327243610000e-02
4.249424490000e-02 1.827120070000e+00 2.315685900000e-02
4.225092380000e-02 1.825408220000e+00 2.295882070000e-02
4.216981680000e-02 1.824338200000e+00 2.285168510000e-02
4.184538870000e-02 1.823268180000e+00 2.272506990000e-02
4.168317470000e-02 1.821770430000e+00 2.255365440000e-02
4.152096060000e-02 1.820700410000e+00 2.243937740000e-02
4.127765450000e-02 1.818988320000e+00 2.225302530000e-02
4.119654740000e-02 1.817704440000e+00 2.213939650000e-02
4.087211940000e-02 1.816420560000e+00 2.195304450000e-02
4.070990530000e-02 1.815350530000e+00 2.182902580000e-02
4.046658430000e-02 1.813638690000e+00 2.164787050000e-02
4.030437020000e-02 1.812782760000e+00 2.151476410000e-02
4.014215620000e-02 1.811284780000e+00 2.135308830000e-02
3.997994210000e-02 1.809786800000e+00 2.122257650000e-02
3.973662110000e-02 1.808502910000e+00 2.104531600000e-02
3.949331490000e-02 1.807432890000e+00 2.091480420000e-02
3.933110090000e-02 1.805721040000e+00 2.074208860000e-02
3.908777980000e-02 1.804651020000e+00 2.062716150000e-02
3.884445880000e-02 1.803153040000e+00 2.046483570000e-02
3.876335170000e-02 1.802083020000e+00 2.032848080000e-02
3.860113770000e-02 1.801013230000e+00 2.021615020000e-02
3.827670960000e-02 1.799087290000e+00 2.003110010000e-02
3.819560260000e-02 1.798445220000e+00 1.990773160000e-02
3.795228150000e-02 1.796519280000e+00 1.972787270000e-02
3.770897540000e-02 1.795449260000e+00 1.960840080000e-02
3.754676130000e-02 1.793737410000e+00 1.942919190000e-02
3.738454730000e-02 1.792667390000e+00 1.932465470000e-02
3.706011920000e-02 1.790955540000e+00 1.912661460000e-02
3.689790520000e-02 1.789885520000e+00 1.900129950000e-02
3.673569110000e-02 1.788387540000e+00 1.880910620000e-02
3.649237010000e-02 1.787531610000e+00 1.870391700000e-02
3.633015600000e-02 1.785819770000e+00 1.852146160000e-02
3.616794200000e-02 1.784749750000e+00 1.839484650000e-02
3.584352880000e-02 1.783037900000e+00 1.821304110000e-02
3.576242180000e-02 1.781753780000e+00 1.809941230000e-02
3.551910070000e-02 1.780041930000e+00 1.792150180000e-02
3.535688670000e-02 1.778971910000e+00 1.782021110000e-02
3.503245860000e-02 1.777260070000e+00 1.763386090000e-02
3.495135160000e-02 1.775976180000e+00 1.750270090000e-02
3.470803050000e-02 1.775120260000e+00 1.739491520000e-02
3.454581650000e-02 1.773408170000e+00 1.719622870000e-02
3.430251030000e-02 1.771910190000e+00 1.708844300000e-02
3.405918930000e-02 1.770412450000e+00 1.692871380000e-02
3.397808220000e-02 1.769342420000e+00 1.679236070000e-02
3.365365420000e-02 1.767630340000e+00 1.662289160000e-02
3.349144010000e-02 1.766560550000e+00 1.649952310000e-02
3.332922610000e-02 1.765062570000e+00 1.632745560000e-02
3.308590500000e-02 1.763778690000e+00 1.620408710000e-02
3.284258400000e-02 1.761852740000e+00 1.602877490000e-02
3.268036990000e-02 1.760782720000e+00 1.590280980000e-02
3.243706380000e-02 1.759284730000e+00 1.573074420000e-02
3.235595670000e-02 1.758000850000e+00 1.561062220000e-02
3.203152870000e-02 1.756502870000e+00 1.543206260000e-02
3.186931460000e-02 1.755218980000e+00 1.530804490000e-02
3.170710060000e-02 1.753506900000e+00 1.513662840000e-02
3.146377950000e-02 1.752437110000e+00 1.501780560000e-02
3.122045840000e-02 1.750725030000e+00 1.484509000000e-02
3.113935140000e-02 1.749655250000e+00 1.471003520000e-02
3.089603040000e-02 1.748371120000e+00 1.459056230000e-02
3.073383120000e-02 1.746873140000e+00 1.440550950000e-02
3.057161720000e-02 1.745589260000e+00 1.429447900000e-02
3.024718910000e-02 1.744091270000e+00 1.410423220000e-02
3.008497510000e-02 1.743021490000e+00 1.398216190000e-02
2.992276100000e-02 1.741095540000e+00 1.380425230000e-02
2.967944000000e-02 1.739597560000e+00 1.368477940000e-02
2.943611890000e-02 1.738099580000e+00 1.349778010000e-02
2.927390490000e-02 1.737029550000e+00 1.337181400000e-02
2.911169080000e-02 1.735317710000e+00 1.320559160000e-02
2.886838470000e-02 1.734033820000e+00 1.308222390000e-02
2.862506360000e-02 1.732321740000e+00 1.290496250000e-02
2.854395660000e-02 1.731465820000e+00 1.278549150000e-02
2.821952850000e-02 1.729753970000e+00 1.260693090000e-02
2.805731450000e-02 1.728255990000e+00 1.247836930000e-02
2.789510040000e-02 1.726758000000e+00 1.230695280000e-02
2.765177940000e-02 1.725687980000e+00 1.218748000000e-02
2.740845830000e-02 1.723976140000e+00 1.200827210000e-02
2.732735130000e-02 1.722692250000e+00 1.189269400000e-02
2.708404510000e-02 1.721622230000e+00 1.176088680000e-02
2.684072410000e-02 1.719696280000e+00 1.159531250000e-02
2.667851000000e-02 1.718626260000e+00 1.146804910000e-02
2.651629600000e-02 1.717128520000e+00 1.128169710000e-02
2.635408190000e-02 1.715844630000e+00 1.116027780000e-02
2.602965380000e-02 1.714132550000e+00 1.098950950000e-02
2.594854680000e-02 1.712848660000e+00 1.085770130000e-02
2.562411870000e-02 1.711350680000e+00 1.067979080000e-02
2.554301170000e-02 1.710066800000e+00 1.056421450000e-02
2.529970560000e-02 1.708140850000e+00 1.038046090000e-02
2.513749150000e-02 1.707070830000e+00 1.026683300000e-02
2.481306340000e-02 1.705144880000e+00 1.008697410000e-02
2.465084940000e-02 1.704288960000e+00 9.974644520000e-03
2.440752830000e-02 1.702149150000e+00 9.797384030000e-03
2.424531430000e-02 1.701079130000e+00 9.653887710000e-03
2.400199320000e-02 1.698939090000e+00 9.478574620000e-03
2.392088620000e-02 1.697655200000e+00 9.370789860000e-03
2.367756520000e-02 1.695943360000e+00 9.223396890000e-03
2.343425900000e-02 1.694445370000e+00 9.086393750000e-03
2.335315200000e-02 1.693589450000e+00 8.949390610000e-03
2.310983090000e-02 1.691663500000e+00 8.779921570000e-03
2.286650990000e-02 1.690379620000e+00 8.659150450000e-03
2.262318880000e-02 1.688667540000e+00 8.487733080000e-03
2.254208180000e-02 1.687383650000e+00 8.364365440000e-03
2.229876070000e-02 1.685457710000e+00 8.191000670000e-03
2.205543970000e-02 1.684387680000e+00 8.065034640000e-03
2.189322560000e-02 1.682461740000e+00 7.879983630000e-03
2.164991950000e-02 1.681177850000e+00 7.762457240000e-03
2.148770540000e-02 1.679466010000e+00 7.585197690000e-03
2.132549140000e-02 1.678395990000e+00 7.465724830000e-03
2.100106330000e-02 1.676256180000e+00 7.289113010000e-03
2.083884920000e-02 1.675186160000e+00 7.177433460000e-03
2.067663520000e-02 1.673474070000e+00 6.991731000000e-03
2.051442120000e-02 1.672190190000e+00 6.874855610000e-03
2.027110010000e-02 1.670478340000e+00 6.693050270000e-03
2.010888610000e-02 1.668980360000e+00 6.577473600000e-03
1.986557990000e-02 1.667268510000e+00 6.389824670000e-03
1.962225880000e-02 1.665984390000e+00 6.269054020000e-03
1.954115180000e-02 1.664914610000e+00 6.148932500000e-03
1.921672370000e-02 1.662988660000e+00 5.971021950000e-03
1.913561670000e-02 1.661704540000e+00 5.856744480000e-03
1.889229570000e-02 1.659778590000e+00 5.657407460000e-03
1.873008160000e-02 1.658494710000e+00 5.542479920000e-03
1.848676800000e-02 1.656568770000e+00 5.373660010000e-03
1.824344690000e-02 1.655284880000e+00 5.249643230000e-03
1.800012590000e-02 1.653573040000e+00 5.071732680000e-03
1.800012590000e-02 1.652288910000e+00 4.959402610000e-03
1.759459820000e-02 1.650362970000e+00 4.769805350000e-03
1.751349120000e-02 1.649079080000e+00 4.649035170000e-03
1.727017020000e-02 1.647367240000e+00 4.481513980000e-03
1.710795610000e-02 1.646083350000e+00 4.362690260000e-03
1.686464250000e-02 1.643943310000e+00 4.175690930000e-03
1.670242850000e-02 1.642659430000e+00 4.070502710000e-03
1.645910740000e-02 1.640519380000e+00 3.891294590000e-03
1.621578630000e-02 1.639663460000e+00 3.752992490000e-03
1.605357230000e-02 1.637737510000e+00 3.580276620000e-03
1.589136570000e-02 1.636239530000e+00 3.455609550000e-03
1.572915170000e-02 1.634955640000e+00 3.336786760000e-03
1.548583060000e-02 1.633243800000e+00 3.177057720000e-03
1.532361660000e-02 1.631745820000e+00 3.052390650000e-03
1.508030300000e-02 1.629819870000e+00 2.868637440000e-03
1.491808890000e-02 1.628321890000e+00 2.769293260000e-03
1.467476790000e-02 1.626610040000e+00 2.576449420000e-03
1.451255380000e-02 1.625326160000e+00 2.458275300000e-03
1.426923270000e-02 1.623400210000e+00 2.266730410000e-03
1.410702620000e-02 1.622330190000e+00 2.266730410000e-03
1.386370510000e-02 1.620190140000e+00 1.967735360000e-03
1.370149110000e-02 1.618692400000e+00 1.848527930000e-03
1.345817000000e-02 1.616980310000e+00 1.671897830000e-03
1.329596340000e-02 1.615482330000e+00 1.556401610000e-03
1.305264230000e-02 1.613556620000e+00 1.379120510000e-03
1.289042830000e-02 1.612486600000e+00 1.262842910000e-03
1.264710720000e-02 1.610132690000e+00 1.085626780000e-03
1.248489320000e-02 1.609062670000e+00 9.642058870000e-04
1.224157960000e-02 1.607136730000e+00 7.940211800000e-04
1.207936560000e-02 1.605852840000e+00 6.763113200000e-04
1.191715150000e-02 1.604782820000e+00 5.569736820000e-04
1.175493750000e-02 1.602856870000e+00 3.811249630000e-04
1.151162390000e-02 1.602000950000e+00 2.602248280000e-04
1.126830280000e-02 1.599647050000e+00 1.360043970000e-04
1.110608880000e-02 1.597721100000e+00 1.024753070000e-04
1.086276770000e-02 1.594725130000e+00 1.024753070000e-04
1.070055370000e-02 1.592585330000e+00 7.342820750000e-05
1.053834710000e-02 1.589375500000e+00 6.569310060000e-05
1.037613300000e-02 1.587235450000e+00 6.189374840000e-05
1.005170490000e-02 1.583811760000e+00 5.687990420000e-05
9.889490900000e-03 1.581243750000e+00 5.443792540000e-05
9.646177290000e-03 1.578247790000e+00 5.076845260000e-05
9.483963250000e-03 1.575893880000e+00 4.861224080000e-05
9.240642190000e-03 1.572256090000e+00 4.570265080000e-05
9.078428150000e-03 1.569902180000e+00 4.402703780000e-05
8.754007520000e-03 1.566478250000e+00 4.148764130000e-05
8.672900500000e-03 1.563910480000e+00 3.981852210000e-05
8.510686460000e-03 1.560272690000e+00 3.794807340000e-05
8.348472420000e-03 1.557490590000e+00 3.649976860000e-05
8.105151360000e-03 1.555350780000e+00 3.521383040000e-05
7.861837740000e-03 1.551712990000e+00 3.322647900000e-05
7.699623700000e-03 1.549144980000e+00 3.208342600000e-05
7.456302640000e-03 1.545079230000e+00 3.026493320000e-05
7.294088600000e-03 1.542297360000e+00 2.918682370000e-05
7.050774990000e-03 1.538445470000e+00 2.763460720000e-05
6.888560950000e-03 1.535877470000e+00 2.657598450000e-05
6.645239890000e-03 1.531811710000e+00 2.504974510000e-05
6.483025850000e-03 1.529029850000e+00 2.404307820000e-05
6.320811810000e-03 1.524535890000e+00 2.258179120000e-05
6.158605220000e-03 1.521968130000e+00 2.258179120000e-05
5.834177140000e-03 1.517474170000e+00 2.029325330000e-05
5.671963100000e-03 1.514264350000e+00 1.942022940000e-05
5.428642030000e-03 1.509984490000e+00 1.814577080000e-05
5.347535010000e-03 1.506988760000e+00 1.731562040000e-05
5.023114380000e-03 1.502066850000e+00 1.611131300000e-05
4.860900340000e-03 1.498642920000e+00 1.534157130000e-05
4.617579280000e-03 1.493721250000e+00 1.418208740000e-05
4.536472260000e-03 1.490297320000e+00 1.345067080000e-05
4.374265670000e-03 1.486873390000e+00 1.272444930000e-05
4.049837590000e-03 1.481309650000e+00 1.164031620000e-05
3.887623550000e-03 1.477885720000e+00 1.097450600000e-05
3.644302490000e-03 1.472321990000e+00 9.958576810000e-06
3.482095900000e-03 1.468256240000e+00 9.298611990000e-06
3.238774840000e-03 1.462050440000e+00 8.368427190000e-06
3.076560800000e-03 1.457770590000e+00 7.751984410000e-06
2.833239730000e-03 1.451350930000e+00 6.893899810000e-06
2.671025690000e-03 1.446856980000e+00 6.330721130000e-06
2.508819100000e-03 1.439367290000e+00 5.510313260000e-06
2.265498040000e-03 1.434445620000e+00 4.994553820000e-06
2.022176980000e-03 1.426099780000e+00 4.241051100000e-06
1.859962940000e-03 1.420536040000e+00 3.767514040000e-06
1.697756350000e-03 1.410906310000e+00 3.071823130000e-06
1.454435290000e-03 1.403844590000e+00 2.653498770000e-06
1.211114230000e-03 1.392075060000e+00 2.040954090000e-06
1.130007210000e-03 1.383087400000e+00 1.659655250000e-06
9.677931670000e-04 1.372601990000e+00 1.286801530000e-06
6.433725360000e-04 1.353128670000e+00 1.286801530000e-06
4.811584950000e-04 1.335367440000e+00 5.148379500000e-07
2.378374340000e-04 1.289573190000e+00 1.635214490000e-07
1.567304130000e-04 1.205474380000e+00 1.710729160000e-08
7.562339310000e-05 5.333266850000e-01 -1.938308680000e-10
7.562339310000e-05 8.415821190000e-02 -7.102954340000e-10
7.562339310000e-05 2.627402540000e-03 -1.549532950000e-09
