#  J [A] 	 V 	 L [w] 
-5.483627320000e-06 9.154677390000e-04 -1.743178160000e-09
7.562339310000e-05 9.154677390000e-04 -1.355841330000e-09
1.567304130000e-04 9.154677390000e-04 -1.678614250000e-09
-5.483627320000e-06 9.154677390000e-04 -1.743178160000e-09
7.562339310000e-05 9.154677390000e-04 -4.520399330000e-10
-5.483627320000e-06 1.129448410000e-03 6.437821110000e-11
7.562339310000e-05 1.129448410000e-03 -1.162196120000e-09
9.677931670000e-04 1.319959880000e+00 1.034388670000e-06
1.048900190000e-03 1.332585570000e+00 1.376667000000e-06
1.292221250000e-03 1.342857120000e+00 1.727337920000e-06
1.454435290000e-03 1.355910540000e+00 2.275551650000e-06
1.616649330000e-03 1.363614320000e+00 2.681870230000e-06
1.859962940000e-03 1.373885870000e+00 2.681870230000e-06
2.022176980000e-03 1.379449610000e+00 3.736983670000e-06
2.346605060000e-03 1.388223410000e+00 4.413187530000e-06
2.508819100000e-03 1.393359180000e+00 4.888673170000e-06
2.671025690000e-03 1.400848870000e+00 5.616193450000e-06
2.833239730000e-03 1.405556680000e+00 6.115063570000e-06
2.995453770000e-03 1.411976340000e+00 6.876361570000e-06
3.238774840000e-03 1.416042330000e+00 7.399915830000e-06
3.482095900000e-03 1.422247890000e+00 8.226170390000e-06
3.644302490000e-03 1.426099780000e+00 8.819228240000e-06
3.968730570000e-03 1.431877610000e+00 9.663021050000e-06
4.049837590000e-03 1.435515400000e+00 1.024828450000e-05
4.374265670000e-03 1.440651180000e+00 1.115833490000e-05
4.455365240000e-03 1.444075110000e+00 1.177412740000e-05
4.698686300000e-03 1.447284940000e+00 1.240356230000e-05
4.860900340000e-03 1.451992750000e+00 1.333504680000e-05
5.023114380000e-03 1.455202580000e+00 1.399501160000e-05
5.185328420000e-03 1.459696530000e+00 1.498235910000e-05
5.428642030000e-03 1.462692500000e+00 1.565206730000e-05
5.671963100000e-03 1.466972350000e+00 1.667708970000e-05
5.834177140000e-03 1.470182180000e+00 1.737083220000e-05
6.077498200000e-03 1.473819970000e+00 1.840819820000e-05
6.239704790000e-03 1.476387980000e+00 1.915585380000e-05
6.483025850000e-03 1.480881690000e+00 2.024453720000e-05
6.645239890000e-03 1.483235600000e+00 2.097400280000e-05
6.969667970000e-03 1.487301350000e+00 2.213998230000e-05
7.050774990000e-03 1.489869360000e+00 2.290257910000e-05
7.294088600000e-03 1.493507150000e+00 2.404387670000e-05
7.537409660000e-03 1.496075150000e+00 2.486623270000e-05
7.618516680000e-03 1.499499080000e+00 2.608807880000e-05
7.861837740000e-03 1.501852990000e+00 2.692082670000e-05
8.105151360000e-03 1.505490780000e+00 2.815371230000e-05
8.267365400000e-03 1.507844690000e+00 2.815371230000e-05
8.429579440000e-03 1.509984490000e+00 3.009607280000e-05
8.591793480000e-03 1.513408420000e+00 3.128458770000e-05
8.835114540000e-03 1.515548230000e+00 3.216136250000e-05
9.078428150000e-03 1.518972160000e+00 3.362914870000e-05
9.240642190000e-03 1.521112200000e+00 3.449292850000e-05
9.483963250000e-03 1.524322030000e+00 3.592174470000e-05
9.646177290000e-03 1.526461840000e+00 3.694140470000e-05
9.889490900000e-03 1.529671670000e+00 3.831176950000e-05
1.005170490000e-02 1.531597610000e+00 3.949378880000e-05
1.029502600000e-02 1.535021540000e+00 4.105249900000e-05
1.045724000000e-02 1.536947490000e+00 4.209164040000e-05
1.070055370000e-02 1.539943460000e+00 4.380621980000e-05
1.078166070000e-02 1.541869400000e+00 4.495576650000e-05
1.110608880000e-02 1.544865130000e+00 4.665736200000e-05
1.126830280000e-02 1.546791080000e+00 4.787835130000e-05
1.151162390000e-02 1.549572940000e+00 4.984622140000e-05
1.167383040000e-02 1.551498890000e+00 5.108669940000e-05
1.191715150000e-02 1.554494860000e+00 5.315848100000e-05
1.199825850000e-02 1.556420800000e+00 5.450286330000e-05
1.224157960000e-02 1.558132650000e+00 5.608106580000e-05
1.240379360000e-02 1.560914520000e+00 5.831520680000e-05
1.264710720000e-02 1.562840460000e+00 6.005577230000e-05
1.280932130000e-02 1.565408470000e+00 6.266660780000e-05
1.297153530000e-02 1.567334410000e+00 6.463447790000e-05
1.321485640000e-02 1.569902180000e+00 6.775839570000e-05
1.337706300000e-02 1.571828130000e+00 7.007047680000e-05
1.370149110000e-02 1.574182030000e+00 7.394777640000e-05
1.378259810000e-02 1.575893880000e+00 7.668200850000e-05
1.410702620000e-02 1.578889850000e+00 8.180626170000e-05
1.426923270000e-02 1.580387830000e+00 8.587838970000e-05
1.451255380000e-02 1.583169700000e+00 9.352906640000e-05
1.475587490000e-02 1.584453580000e+00 1.001211130000e-04
1.491808890000e-02 1.587235450000e+00 1.140780510000e-04
1.508030300000e-02 1.588947530000e+00 1.281973670000e-04
1.532361660000e-02 1.590659380000e+00 1.729193460000e-04
1.548583060000e-02 1.592157360000e+00 2.329491840000e-04
1.572915170000e-02 1.594083310000e+00 2.329491840000e-04
1.589136570000e-02 1.595581290000e+00 4.893946460000e-04
1.597247270000e-02 1.596009250000e+00 5.970133350000e-04
1.637800040000e-02 1.597935200000e+00 7.714949320000e-04
1.637800040000e-02 1.598791120000e+00 8.830850130000e-04
1.670242850000e-02 1.600289110000e+00 1.057045650000e-03
1.686464250000e-02 1.601145030000e+00 1.174625470000e-03
1.702684910000e-02 1.603070970000e+00 1.344028740000e-03
1.718906310000e-02 1.604141000000e+00 1.459655470000e-03
1.743238420000e-02 1.605638740000e+00 1.625933680000e-03
1.759459820000e-02 1.606708770000e+00 1.737133130000e-03
1.783791180000e-02 1.608206750000e+00 1.913698040000e-03
1.808123290000e-02 1.609276770000e+00 2.030561680000e-03
1.832455400000e-02 1.610988620000e+00 2.197165510000e-03
1.840566100000e-02 1.611844540000e+00 2.317609960000e-03
1.864898200000e-02 1.613556620000e+00 2.487403810000e-03
1.881118860000e-02 1.614412550000e+00 2.600686860000e-03
1.905450970000e-02 1.616124390000e+00 2.778097990000e-03
1.921672370000e-02 1.616766450000e+00 2.778097990000e-03
1.946004480000e-02 1.618478300000e+00 3.100439440000e-03
1.970336590000e-02 1.619548320000e+00 3.209522930000e-03
1.986557990000e-02 1.620832200000e+00 3.318606180000e-03
2.002779390000e-02 1.622330190000e+00 3.484828400000e-03
2.027110010000e-02 1.623186110000e+00 3.584821940000e-03
2.043331410000e-02 1.624897960000e+00 3.778315380000e-03
2.067663520000e-02 1.625754120000e+00 3.883502910000e-03
2.091995630000e-02 1.627251860000e+00 4.055568950000e-03
2.100106330000e-02 1.628321890000e+00 4.169197290000e-03
2.132549140000e-02 1.630033970000e+00 4.362690260000e-03
2.148770540000e-02 1.631103750000e+00 4.456190390000e-03
2.164991950000e-02 1.632387880000e+00 4.625010300000e-03
2.189322560000e-02 1.633671760000e+00 4.737339910000e-03
2.205543970000e-02 1.635169740000e+00 4.912653010000e-03
2.221765370000e-02 1.636239530000e+00 5.021086890000e-03
2.246097480000e-02 1.637737510000e+00 5.204191430000e-03
2.270429580000e-02 1.638807540000e+00 5.311327060000e-03
2.286650990000e-02 1.640091420000e+00 5.491184540000e-03
2.310983090000e-02 1.641161440000e+00 5.596372300000e-03
2.335315200000e-02 1.642873290000e+00 5.756750700000e-03
2.335315200000e-02 1.643729450000e+00 5.874924830000e-03
2.359647300000e-02 1.644799230000e+00 5.990501030000e-03
2.383977920000e-02 1.646297220000e+00 6.161917930000e-03
2.400199320000e-02 1.647367240000e+00 6.260612510000e-03
2.424531430000e-02 1.648865220000e+00 6.444365720000e-03
2.440752830000e-02 1.649721150000e+00 6.567735220000e-03
2.465084940000e-02 1.651432990000e+00 6.713827610000e-03
2.481306340000e-02 1.652716880000e+00 6.846286360000e-03
2.505638450000e-02 1.654001000000e+00 7.017054600000e-03
2.521859850000e-02 1.655070780000e+00 7.129383740000e-03
2.554301170000e-02 1.656568770000e+00 7.312488280000e-03
2.570522580000e-02 1.657638790000e+00 7.415079050000e-03
2.594854680000e-02 1.659350630000e+00 7.581950630000e-03
2.602965380000e-02 1.660206790000e+00 7.695579900000e-03
2.627297490000e-02 1.661918640000e+00 7.860503160000e-03
2.643518890000e-02 1.662774560000e+00 7.973482830000e-03
2.667851000000e-02 1.664058450000e+00 8.146847600000e-03
2.684072410000e-02 1.665342570000e+00 8.273462760000e-03
2.708404510000e-02 1.666840310000e+00 8.437087760000e-03
2.732735130000e-02 1.667910340000e+00 8.546170780000e-03
2.740845830000e-02 1.668766260000e+00 8.672785950000e-03
2.765177940000e-02 1.670264240000e+00 8.841603990000e-03
2.789510040000e-02 1.671334270000e+00 8.954584600000e-03
2.805731450000e-02 1.672832250000e+00 9.122755380000e-03
2.821952850000e-02 1.673902270000e+00 9.241578170000e-03
2.846284960000e-02 1.675400020000e+00 9.400009180000e-03
2.870617060000e-02 1.676256180000e+00 9.523376820000e-03
2.886838470000e-02 1.677753930000e+00 9.692845870000e-03
2.903058380000e-02 1.679038050000e+00 9.799332360000e-03
2.927390490000e-02 1.680107830000e+00 9.972047060000e-03
2.951722590000e-02 1.681391950000e+00 1.008697410000e-02
2.959833290000e-02 1.682675840000e+00 1.027202700000e-02
2.984165400000e-02 1.683745860000e+00 1.037007290000e-02
3.008497510000e-02 1.685243610000e+00 1.054798160000e-02
3.032829610000e-02 1.686313630000e+00 1.065706550000e-02
3.049051020000e-02 1.687811610000e+00 1.082783290000e-02
3.065272420000e-02 1.688881640000e+00 1.094600560000e-02
3.097713740000e-02 1.690165520000e+00 1.112066950000e-02
3.105824440000e-02 1.691235540000e+00 1.123170090000e-02
3.130156550000e-02 1.692305330000e+00 1.134013480000e-02
3.146377950000e-02 1.693589450000e+00 1.151479780000e-02
3.162599350000e-02 1.694873330000e+00 1.162453090000e-02
3.186931460000e-02 1.696157220000e+00 1.179270170000e-02
3.211263570000e-02 1.697013140000e+00 1.190178470000e-02
3.227484970000e-02 1.698939090000e+00 1.209917390000e-02
3.251817080000e-02 1.699795250000e+00 1.219657060000e-02
3.268036990000e-02 1.701079130000e+00 1.236084480000e-02
3.284258400000e-02 1.702363010000e+00 1.247252620000e-02
3.308590500000e-02 1.703646900000e+00 1.264783830000e-02
3.332922610000e-02 1.704716920000e+00 1.273744180000e-02
3.349144010000e-02 1.706214900000e+00 1.290561260000e-02
3.365365420000e-02 1.707070830000e+00 1.302703380000e-02
3.389697520000e-02 1.708996770000e+00 1.319715100000e-02
3.414029630000e-02 1.709638830000e+00 1.330753320000e-02
3.430251030000e-02 1.711350680000e+00 1.347765140000e-02
3.446470950000e-02 1.712206600000e+00 1.357439720000e-02
3.470803050000e-02 1.713704590000e+00 1.376399490000e-02
3.487024460000e-02 1.714774610000e+00 1.387502630000e-02
3.503245860000e-02 1.715844630000e+00 1.399125250000e-02
3.527577970000e-02 1.717128520000e+00 1.415617670000e-02
3.543799370000e-02 1.717770340000e+00 1.427240300000e-02
3.568131480000e-02 1.719482420000e+00 1.444576680000e-02
3.584352880000e-02 1.720338340000e+00 1.455615000000e-02
3.608684990000e-02 1.722050190000e+00 1.470678770000e-02
3.624904900000e-02 1.722906110000e+00 1.486586780000e-02
3.649237010000e-02 1.724618200000e+00 1.500806680000e-02
3.665458410000e-02 1.725260020000e+00 1.511260400000e-02
3.689790520000e-02 1.726758000000e+00 1.528272310000e-02
3.714122620000e-02 1.727613930000e+00 1.539570190000e-02
3.730344030000e-02 1.729111910000e+00 1.556192520000e-02
3.746565430000e-02 1.729967830000e+00 1.569503170000e-02
3.770897540000e-02 1.731465820000e+00 1.584761780000e-02
3.779008240000e-02 1.732535840000e+00 1.595865000000e-02
3.819560260000e-02 1.734247680000e+00 1.613006740000e-02
3.835781660000e-02 1.734889750000e+00 1.623525470000e-02
3.852003070000e-02 1.736387730000e+00 1.640407550000e-02
3.876335170000e-02 1.737243650000e+00 1.652289740000e-02
3.884445880000e-02 1.738313670000e+00 1.663262960000e-02
3.908777980000e-02 1.739811420000e+00 1.679755370000e-02
3.924999390000e-02 1.740667580000e+00 1.690468940000e-02
3.949331490000e-02 1.742165330000e+00 1.706896540000e-02
3.965552900000e-02 1.743021490000e+00 1.718324240000e-02
3.997994210000e-02 1.744519230000e+00 1.735660620000e-02
4.014215620000e-02 1.745589260000e+00 1.746114530000e-02
4.030437020000e-02 1.746873140000e+00 1.763126250000e-02
4.054769130000e-02 1.747943160000e+00 1.775333290000e-02
4.079101230000e-02 1.749227050000e+00 1.790786720000e-02
4.095322640000e-02 1.750297070000e+00 1.801435460000e-02
4.119654740000e-02 1.751580950000e+00 1.819940660000e-02
4.135876150000e-02 1.752650980000e+00 1.830848870000e-02
4.152096060000e-02 1.753934860000e+00 1.847795770000e-02
4.168317470000e-02 1.755004880000e+00 1.858184860000e-02
4.200760280000e-02 1.756502870000e+00 1.875196580000e-02
4.208870980000e-02 1.757572890000e+00 1.886039970000e-02
4.225092380000e-02 1.758214710000e+00 1.897402850000e-02
4.249424490000e-02 1.759926800000e+00 1.913570610000e-02
4.257535190000e-02 1.760782720000e+00 1.925323160000e-02
4.289978000000e-02 1.762280700000e+00 1.941101250000e-02
4.306199400000e-02 1.763136630000e+00 1.953048450000e-02
4.330530020000e-02 1.764634610000e+00 1.967917570000e-02
4.338640720000e-02 1.765704630000e+00 1.979734930000e-02
4.371083530000e-02 1.766988520000e+00 1.996681840000e-02
4.387304930000e-02 1.768058540000e+00 2.007914710000e-02
4.411637040000e-02 1.769556280000e+00 2.024731790000e-02
4.435969140000e-02 1.770198350000e+00 2.034860850000e-02
4.452190550000e-02 1.771696330000e+00 2.051937770000e-02
4.468411950000e-02 1.772766350000e+00 2.062391490000e-02
4.500854760000e-02 1.774264100000e+00 2.079208570000e-02
4.508963970000e-02 1.775120260000e+00 2.090701460000e-02
4.525185380000e-02 1.776404140000e+00 2.107388530000e-02
4.549517480000e-02 1.777474160000e+00 2.117907440000e-02
4.573849590000e-02 1.778971910000e+00 2.135503480000e-02
4.590070990000e-02 1.779613970000e+00 2.146801350000e-02
4.606292400000e-02 1.780683990000e+00 2.158683720000e-02
4.638735200000e-02 1.781967880000e+00 2.173357830000e-02
4.646845910000e-02 1.782823800000e+00 2.184006570000e-02
4.671178010000e-02 1.784321780000e+00 2.200629000000e-02
4.695508630000e-02 1.784963850000e+00 2.211926690000e-02
4.711730030000e-02 1.786461590000e+00 2.228549120000e-02
4.727951440000e-02 1.787531610000e+00 2.239457330000e-02
4.752283540000e-02 1.789029600000e+00 2.255040590000e-02
4.768504950000e-02 1.789671660000e+00 2.267052980000e-02
4.792837050000e-02 1.791383500000e+00 2.282571050000e-02
4.817169160000e-02 1.792239430000e+00 2.293479630000e-02
4.833390560000e-02 1.793523310000e+00 2.310102060000e-02
4.849611970000e-02 1.794593330000e+00 2.320166120000e-02
4.882053290000e-02 1.795877220000e+00 2.337113020000e-02
4.890163990000e-02 1.796733380000e+00 2.347112260000e-02
4.914496090000e-02 1.798231360000e+00 2.364383820000e-02
4.930717500000e-02 1.799087290000e+00 2.374902550000e-02
4.955049600000e-02 1.800585270000e+00 2.391654810000e-02
4.971271010000e-02 1.801227090000e+00 2.403147330000e-02
4.979381710000e-02 1.802510980000e+00 2.414055910000e-02
5.011824520000e-02 1.803581000000e+00 2.431002820000e-02
5.028045920000e-02 1.804436920000e+00 2.441261900000e-02
5.044265840000e-02 1.805934910000e+00 2.457689310000e-02
5.068597940000e-02 1.807004930000e+00 2.468337680000e-02
5.092930050000e-02 1.808288810000e+00 2.485414410000e-02
5.109151450000e-02 1.809358840000e+00 2.496387810000e-02
5.141594260000e-02 1.810856820000e+00 2.512166090000e-02
5.149704960000e-02 1.811712740000e+00 2.522684820000e-02
5.165926370000e-02 1.813210730000e+00 2.539112230000e-02
5.190258470000e-02 1.813852550000e+00 2.550604750000e-02
5.214590580000e-02 1.815350530000e+00 2.567162360000e-02
5.230810490000e-02 1.816206460000e+00 2.577550900000e-02
5.255142600000e-02 1.817490580000e+00 2.593394370000e-02
5.271364000000e-02 1.818346500000e+00 2.604107740000e-02
5.295696110000e-02 1.820058350000e+00 2.620599980000e-02
5.311917510000e-02 1.820486310000e+00 2.631573190000e-02
5.336249620000e-02 1.821984290000e+00 2.647741140000e-02
5.352471020000e-02 1.823054310000e+00 2.658000220000e-02
5.368692430000e-02 1.823910240000e+00 2.670856380000e-02
5.393024530000e-02 1.825194120000e+00 2.684232220000e-02
5.417355150000e-02 1.826050040000e+00 2.695464900000e-02
5.433576550000e-02 1.827334170000e+00 2.711373010000e-02
5.449797960000e-02 1.828190090000e+00 2.721502260000e-02
5.474130060000e-02 1.829688070000e+00 2.739877630000e-02
5.482240770000e-02 1.830543990000e+00 2.748708240000e-02
5.506572870000e-02 1.832041980000e+00 2.764356510000e-02
5.530904980000e-02 1.832897900000e+00 2.773836260000e-02
5.547126380000e-02 1.834181790000e+00 2.789874370000e-02
5.571458490000e-02 1.835251810000e+00 2.799029460000e-02
5.595789100000e-02 1.836749790000e+00 2.817079980000e-02
5.612010510000e-02 1.837605710000e+00 2.826754750000e-02
5.644453320000e-02 1.838675740000e+00 2.843182350000e-02
5.652564020000e-02 1.839745520000e+00 2.852921930000e-02
5.685006830000e-02 1.841029640000e+00 2.870388140000e-02
5.693117530000e-02 1.841885570000e+00 2.870388140000e-02
5.709338930000e-02 1.843169450000e+00 2.908323330000e-02
5.733671040000e-02 1.844239470000e+00 2.916085720000e-02
5.749892440000e-02 1.844881530000e+00 2.921907230000e-02
5.774223060000e-02 1.846379280000e+00 2.938725800000e-02
5.790444460000e-02 1.847235440000e+00 2.946488750000e-02
5.814776570000e-02 1.848305230000e+00 2.962659860000e-02
5.830997970000e-02 1.849375250000e+00 2.964600730000e-02
5.855330080000e-02 1.850659130000e+00 2.982066570000e-02
5.871551480000e-02 1.851729150000e+00 2.992416170000e-02
5.895883590000e-02 1.853013040000e+00 3.009234740000e-02
5.912104990000e-02 1.853868960000e+00 3.017643840000e-02
5.936435610000e-02 1.855366950000e+00 3.035109680000e-02
5.952657010000e-02 1.856009010000e+00 3.049340840000e-02
5.976989120000e-02 1.857292890000e+00 3.066159410000e-02
5.993210520000e-02 1.858148810000e+00 3.094621560000e-02
6.017542630000e-02 1.859432940000e+00 3.093974290000e-02
6.041874740000e-02 1.860288860000e+00 3.097209150000e-02
6.058096140000e-02 1.861572740000e+00 3.112086840000e-02
6.074317540000e-02 1.862642770000e+00 3.133433680000e-02
6.098649650000e-02 1.863926650000e+00 3.135374190000e-02
6.114871050000e-02 1.864782570000e+00 3.158014640000e-02
6.122980270000e-02 1.865638490000e+00 3.165129940000e-02
6.147312370000e-02 1.866922620000e+00 3.185183180000e-02
6.171644480000e-02 1.867778540000e+00 3.192298860000e-02
6.204087290000e-02 1.869276520000e+00 3.202648460000e-02
6.212197990000e-02 1.870346550000e+00 3.204589340000e-02
6.236530100000e-02 1.871630430000e+00 3.225288540000e-02
6.252751500000e-02 1.872700450000e+00 3.230463710000e-02
6.277083610000e-02 1.873984340000e+00 3.246635570000e-02
6.293305010000e-02 1.874626160000e+00 3.255691750000e-02
6.317635630000e-02 1.876124140000e+00 3.271863610000e-02
6.333857030000e-02 1.876980070000e+00 3.285447880000e-02
6.358189140000e-02 1.878478050000e+00 3.299031780000e-02
6.374410540000e-02 1.878906010000e+00 3.308087960000e-02
6.398742650000e-02 1.880404000000e+00 3.326200690000e-02
6.414964050000e-02 1.881046060000e+00 3.333316370000e-02
6.439296160000e-02 1.882544040000e+00 3.360484540000e-02
6.455517560000e-02 1.883399960000e+00 3.363718840000e-02
6.479848180000e-02 1.884683850000e+00 3.383772080000e-02
6.496069580000e-02 1.885539770000e+00 3.387006000000e-02
6.512290980000e-02 1.886609790000e+00 3.403824570000e-02
6.536623090000e-02 1.887679820000e+00 3.420643140000e-02
6.552844490000e-02 1.888321640000e+00 3.429052980000e-02
6.577176600000e-02 1.889819620000e+00 3.446518260000e-02
6.593398000000e-02 1.890675540000e+00 3.454926980000e-02
6.617730110000e-02 1.891745570000e+00 3.482095900000e-02
6.633951510000e-02 1.892601490000e+00 3.492445500000e-02
6.650172920000e-02 1.893885610000e+00 3.496327250000e-02
6.674503540000e-02 1.894741540000e+00 3.518320620000e-02
6.706946340000e-02 1.896025420000e+00 3.520907830000e-02
6.715057050000e-02 1.896881340000e+00 3.536432980000e-02
6.731278450000e-02 1.898379330000e+00 3.551311050000e-02
6.755610560000e-02 1.899021390000e+00 3.559719770000e-02
6.779942660000e-02 1.900519370000e+00 3.583654020000e-02
6.796164070000e-02 1.901375290000e+00 3.592710200000e-02
6.812385470000e-02 1.902231220000e+00 3.608882050000e-02
6.836716090000e-02 1.903301240000e+00 3.610175480000e-02
6.861048190000e-02 1.904585120000e+00 3.622466700000e-02
6.869158890000e-02 1.905655150000e+00 3.628934920000e-02
6.893491000000e-02 1.906724930000e+00 3.641225400000e-02
6.909712400000e-02 1.908009050000e+00 3.651575740000e-02
6.934044510000e-02 1.908864970000e+00 3.661925350000e-02
6.950265910000e-02 1.910148860000e+00 3.674215820000e-02
6.974598020000e-02 1.911004780000e+00 3.685859590000e-02
6.998930130000e-02 1.912288900000e+00 3.702678160000e-02
7.015150040000e-02 1.913144830000e+00 3.710440170000e-02
7.039482150000e-02 1.914214610000e+00 3.726612030000e-02
7.047592850000e-02 1.915070770000e+00 3.747959060000e-02
7.080035660000e-02 1.916140560000e+00 3.764777630000e-02
7.096257060000e-02 1.917424680000e+00 3.759602460000e-02
7.112478460000e-02 1.918280600000e+00 3.777715190000e-02
7.136810570000e-02 1.919350620000e+00 3.788064790000e-02
7.161142680000e-02 1.920634510000e+00 3.802942860000e-02
7.177364080000e-02 1.921490430000e+00 3.817820550000e-02
7.193584000000e-02 1.922774310000e+00 3.824936230000e-02
7.217916100000e-02 1.923416380000e+00 3.843695300000e-02
7.242248210000e-02 1.924914360000e+00 3.854692350000e-02
7.258469610000e-02 1.925556180000e+00 3.867629540000e-02
7.274691020000e-02 1.926198240000e+00 3.881860900000e-02
7.299023120000e-02 1.927696230000e+00 3.899973260000e-02
7.315244530000e-02 1.928338050000e+00 3.901266680000e-02
7.339576630000e-02 1.929622170000e+00 3.923260050000e-02
7.363908740000e-02 1.930691960000e+00 3.938785200000e-02
7.372017950000e-02 1.931761980000e+00 3.956250470000e-02
7.396350060000e-02 1.932404040000e+00 3.958838060000e-02
7.412571460000e-02 1.933687930000e+00 3.969188410000e-02
7.436903570000e-02 1.934329990000e+00 3.989240900000e-02
7.461235670000e-02 1.936041830000e+00 3.998297450000e-02
7.477457080000e-02 1.936683890000e+00 3.989887610000e-02
7.501789180000e-02 1.938181880000e+00 4.033227640000e-02
7.518010590000e-02 1.939037800000e+00 4.046165570000e-02
7.542342690000e-02 1.940535780000e+00 4.032580930000e-02
7.558562610000e-02 1.941391710000e+00 4.047458990000e-02
7.582894710000e-02 1.942461730000e+00 4.051340370000e-02
7.599116120000e-02 1.943317650000e+00 4.072040320000e-02
7.631558920000e-02 1.944387440000e+00 4.079802710000e-02
7.631558920000e-02 1.945457460000e+00 4.092739890000e-02
7.664001730000e-02 1.946527480000e+00 4.094680400000e-02
7.680223140000e-02 1.947597500000e+00 4.118614640000e-02
7.696444540000e-02 1.948453430000e+00 4.132845630000e-02
7.720776650000e-02 1.949523450000e+00 4.132198910000e-02
7.736996560000e-02 1.950379370000e+00 4.148371150000e-02
7.761328670000e-02 1.951663260000e+00 4.161954670000e-02
7.769439370000e-02 1.952305320000e+00 4.174892600000e-02
7.801882180000e-02 1.953589200000e+00 4.205295440000e-02
7.818103580000e-02 1.954231260000e+00 4.213057830000e-02
7.842435690000e-02 1.955515150000e+00 4.218232630000e-02
7.858657090000e-02 1.956371070000e+00 4.230523110000e-02
7.882989200000e-02 1.957654950000e+00 4.247341680000e-02
7.899210600000e-02 1.958297010000e+00 4.273863140000e-02
7.923541220000e-02 1.959367040000e+00 4.288094490000e-02
7.939762620000e-02 1.960436820000e+00 4.279037940000e-02
