#  J [A] 	 V 	 L [w] 
-5.483627320000e-06 9.154677390000e-04 -1.291277420000e-09
-5.483627320000e-06 9.154677390000e-04 -1.484969040000e-09
-5.483627320000e-06 7.014572620000e-04 -1.549532950000e-09
-5.483627320000e-06 9.154677390000e-04 -1.291277420000e-09
-5.483627320000e-06 9.154677390000e-04 -1.355841330000e-09
7.562339310000e-05 7.014572620000e-04 -1.355841330000e-09
-5.483627320000e-06 7.272030710000e-01 2.025135760000e-07
8.055865760000e-04 1.308404450000e+00 9.691864310000e-07
1.048900190000e-03 1.321457860000e+00 1.294873870000e-06
1.211114230000e-03 1.331943510000e+00 1.635280460000e-06
1.454435290000e-03 1.345424890000e+00 2.169550040000e-06
1.616649330000e-03 1.353556630000e+00 2.564506530000e-06
1.778855920000e-03 1.363828180000e+00 2.564506530000e-06
1.941069960000e-03 1.370033980000e+00 3.605120810000e-06
2.265498040000e-03 1.378593680000e+00 4.254042780000e-06
2.346605060000e-03 1.383729460000e+00 4.704195360000e-06
2.589926120000e-03 1.391647100000e+00 5.413527110000e-06
2.833239730000e-03 1.396141050000e+00 5.896807580000e-06
2.995453770000e-03 1.402774810000e+00 6.635369570000e-06
3.238774840000e-03 1.406840560000e+00 7.151779760000e-06
3.400988880000e-03 1.413046360000e+00 7.941008330000e-06
3.563195470000e-03 1.417112110000e+00 8.492495000000e-06
3.887623550000e-03 1.422461990000e+00 9.323945050000e-06
3.968730570000e-03 1.425885920000e+00 9.874782340000e-06
4.293158650000e-03 1.431449650000e+00 1.076534410000e-05
4.455365240000e-03 1.434873580000e+00 1.134865940000e-05
4.617579280000e-03 1.438297270000e+00 1.193911790000e-05
4.779793320000e-03 1.443005080000e+00 1.284851810000e-05
5.023114380000e-03 1.446215150000e+00 1.346171390000e-05
5.185328420000e-03 1.450922970000e+00 1.441333550000e-05
5.347535010000e-03 1.453704830000e+00 1.505056390000e-05
5.671963100000e-03 1.457984690000e+00 1.600868200000e-05
5.753070120000e-03 1.460980420000e+00 1.667839020000e-05
5.996391180000e-03 1.464832310000e+00 1.765469460000e-05
6.158605220000e-03 1.467614170000e+00 1.835363400000e-05
6.483025850000e-03 1.471466060000e+00 1.938515200000e-05
6.564132870000e-03 1.474034070000e+00 2.006785140000e-05
6.807453930000e-03 1.478099820000e+00 2.115848290000e-05
7.050774990000e-03 1.480453730000e+00 2.187560860000e-05
7.212981580000e-03 1.484091520000e+00 2.293635770000e-05
7.456302640000e-03 1.486659530000e+00 2.370090440000e-05
7.618516680000e-03 1.490297320000e+00 2.482855780000e-05
7.780730720000e-03 1.492651220000e+00 2.559375390000e-05
8.024044330000e-03 1.496075150000e+00 2.674089770000e-05
8.186258380000e-03 1.498429060000e+00 2.752492760000e-05
8.348472420000e-03 1.500568870000e+00 2.831675560000e-05
8.591793480000e-03 1.503992800000e+00 2.831675560000e-05
8.835114540000e-03 1.506346700000e+00 3.058966100000e-05
9.078428150000e-03 1.509556530000e+00 3.175219900000e-05
9.159535170000e-03 1.511696580000e+00 3.256402490000e-05
9.402856230000e-03 1.514692310000e+00 3.386944450000e-05
9.565070270000e-03 1.516832350000e+00 3.473323160000e-05
9.808383880000e-03 1.519828080000e+00 3.601916980000e-05
9.970597920000e-03 1.521968130000e+00 3.696088610000e-05
1.029502600000e-02 1.524963860000e+00 3.836372340000e-05
1.037613300000e-02 1.527103900000e+00 3.930544700000e-05
1.061945410000e-02 1.530099870000e+00 4.074075700000e-05
1.078166070000e-02 1.532025810000e+00 4.172794430000e-05
1.102498170000e-02 1.534807680000e+00 4.323469330000e-05
1.118719580000e-02 1.536733630000e+00 4.422837080000e-05
1.143051680000e-02 1.539729360000e+00 4.580007230000e-05
1.159272340000e-02 1.541869400000e+00 4.690415880000e-05
1.183604450000e-02 1.544223310000e+00 4.857327800000e-05
1.199825850000e-02 1.546363120000e+00 4.973581240000e-05
1.216047260000e-02 1.547861100000e+00 5.089185290000e-05
1.240379360000e-02 1.551070930000e+00 5.268437600000e-05
1.256600020000e-02 1.552568910000e+00 5.394433170000e-05
1.289042830000e-02 1.555350780000e+00 5.591869190000e-05
1.297153530000e-02 1.557276730000e+00 5.726308520000e-05
1.321485640000e-02 1.559844490000e+00 5.939331820000e-05
1.337706300000e-02 1.561342480000e+00 6.081564790000e-05
1.362038400000e-02 1.564124350000e+00 6.318617670000e-05
1.378259810000e-02 1.565836430000e+00 6.482931350000e-05
1.402591910000e-02 1.568404200000e+00 6.751160250000e-05
1.418813320000e-02 1.570116280000e+00 6.944050260000e-05
1.451255380000e-02 1.572470190000e+00 7.251895290000e-05
1.459366080000e-02 1.574182030000e+00 7.481804640000e-05
1.483698190000e-02 1.576750040000e+00 7.852648560000e-05
1.499919590000e-02 1.578247790000e+00 8.120876010000e-05
1.524250950000e-02 1.580815790000e+00 8.613818500000e-05
1.540472360000e-02 1.582527640000e+00 8.988558690000e-05
1.564804460000e-02 1.584881540000e+00 9.649710410000e-05
1.581025870000e-02 1.586593630000e+00 1.022903090000e-04
1.597247270000e-02 1.588091610000e+00 1.091681190000e-04
1.621578630000e-02 1.590445520000e+00 1.240797720000e-04
1.637800040000e-02 1.591729400000e+00 1.389264800000e-04
1.662132140000e-02 1.593869210000e+00 1.802258050000e-04
1.678353550000e-02 1.595367190000e+00 2.346832480000e-04
1.702684910000e-02 1.597079040000e+00 2.346832480000e-04
1.718906310000e-02 1.598149060000e+00 4.710350190000e-04
1.743238420000e-02 1.599647050000e+00 6.358159590000e-04
1.751349120000e-02 1.600717070000e+00 7.457132450000e-04
1.783791180000e-02 1.602215050000e+00 9.214969470000e-04
1.800012590000e-02 1.603070970000e+00 1.034519400000e-03
1.824344690000e-02 1.604568960000e+00 1.200081660000e-03
1.840566100000e-02 1.605638740000e+00 1.314731430000e-03
1.864898200000e-02 1.606922860000e+00 1.482702680000e-03
1.881118860000e-02 1.608206750000e+00 1.593185940000e-03
1.905450970000e-02 1.609704730000e+00 1.765519030000e-03
1.921672370000e-02 1.610774520000e+00 1.879062150000e-03
1.946004480000e-02 1.612272500000e+00 2.054259880000e-03
1.962225880000e-02 1.613342520000e+00 2.170993250000e-03
1.986557990000e-02 1.614198450000e+00 2.286359430000e-03
2.002779390000e-02 1.615696430000e+00 2.452507620000e-03
2.018999310000e-02 1.616766450000e+00 2.556350080000e-03
2.043331410000e-02 1.618264440000e+00 2.728878750000e-03
2.067663520000e-02 1.619334220000e+00 2.842552030000e-03
2.083884920000e-02 1.620618340000e+00 2.842552030000e-03
2.108217030000e-02 1.621688130000e+00 3.151734830000e-03
2.124438430000e-02 1.623400210000e+00 3.310165140000e-03
2.148770540000e-02 1.624256130000e+00 3.420547350000e-03
2.164991950000e-02 1.625540020000e+00 3.587418930000e-03
2.181213350000e-02 1.626610040000e+00 3.697801150000e-03
2.205543970000e-02 1.628108020000e+00 3.870516320000e-03
2.221765370000e-02 1.629177810000e+00 3.981547900000e-03
2.254208180000e-02 1.630675790000e+00 4.150367340000e-03
2.262318880000e-02 1.631531720000e+00 4.266593610000e-03
2.286650990000e-02 1.633029700000e+00 4.434763450000e-03
2.302872390000e-02 1.634099720000e+00 4.549041390000e-03
2.327204500000e-02 1.635811570000e+00 4.715912980000e-03
2.335315200000e-02 1.636453630000e+00 4.826944790000e-03
2.367756520000e-02 1.637523650000e+00 4.939274860000e-03
2.383977920000e-02 1.639235500000e+00 5.109392570000e-03
2.400199320000e-02 1.640091420000e+00 5.221073050000e-03
2.416420730000e-02 1.641803500000e+00 5.393788680000e-03
2.440752830000e-02 1.642445330000e+00 5.505469160000e-03
2.465084940000e-02 1.644157410000e+00 5.678834390000e-03
2.481306340000e-02 1.645013330000e+00 5.791164470000e-03
2.505638450000e-02 1.646511320000e+00 5.959334780000e-03
2.513749150000e-02 1.647581100000e+00 6.073612250000e-03
2.546190470000e-02 1.649079080000e+00 6.241133440000e-03
2.562411870000e-02 1.650149110000e+00 6.355411370000e-03
2.586743980000e-02 1.651432990000e+00 6.522933020000e-03
2.602965380000e-02 1.652288910000e+00 6.628768980000e-03
2.627297490000e-02 1.654001000000e+00 6.802133750000e-03
2.643518890000e-02 1.654856920000e+00 6.914464290000e-03
2.667851000000e-02 1.656354900000e+00 7.076141890000e-03
2.684072410000e-02 1.657210830000e+00 7.196912080000e-03
2.708404510000e-02 1.658708810000e+00 7.365731990000e-03
2.724624430000e-02 1.659778590000e+00 7.477412930000e-03
2.740845830000e-02 1.660634760000e+00 7.585847280000e-03
2.765177940000e-02 1.662132500000e+00 7.750120950000e-03
2.773288640000e-02 1.663202520000e+00 7.856608370000e-03
2.805731450000e-02 1.664700510000e+00 8.018285970000e-03
2.813842150000e-02 1.665556430000e+00 8.126069790000e-03
2.846284960000e-02 1.667268510000e+00 8.292292240000e-03
2.854395660000e-02 1.668124440000e+00 8.402674460000e-03
2.886838470000e-02 1.669408320000e+00 8.576688360000e-03
2.903058380000e-02 1.670478340000e+00 8.685772310000e-03
2.919279780000e-02 1.671762230000e+00 8.846799840000e-03
2.935501190000e-02 1.673046110000e+00 8.960427720000e-03
2.967944000000e-02 1.674330230000e+00 9.135091680000e-03
2.976054700000e-02 1.675614120000e+00 9.248071350000e-03
3.000386800000e-02 1.676684140000e+00 9.414942940000e-03
3.024718910000e-02 1.677753930000e+00 9.529219940000e-03
3.049051020000e-02 1.679251910000e+00 9.699339050000e-03
3.057161720000e-02 1.680321930000e+00 9.811018590000e-03
3.089603040000e-02 1.681605820000e+00 9.981786830000e-03
3.105824440000e-02 1.682461740000e+00 1.009476560000e-02
3.122045840000e-02 1.683531760000e+00 1.020060290000e-02
3.138267250000e-02 1.685029750000e+00 1.037461680000e-02
3.162599350000e-02 1.686099770000e+00 1.048564910000e-02
3.186931460000e-02 1.687383650000e+00 1.064862400000e-02
3.203152870000e-02 1.688453670000e+00 1.076355200000e-02
3.219374270000e-02 1.689951420000e+00 1.093561760000e-02
3.243706380000e-02 1.690807580000e+00 1.104859640000e-02
3.268036990000e-02 1.692305330000e+00 1.121352150000e-02
3.284258400000e-02 1.693161490000e+00 1.132130530000e-02
3.300479800000e-02 1.694659230000e+00 1.149142440000e-02
3.316701200000e-02 1.695515390000e+00 1.160180570000e-02
3.349144010000e-02 1.697013140000e+00 1.176997550000e-02
3.365365420000e-02 1.697869300000e+00 1.188555170000e-02
3.389697520000e-02 1.699367050000e+00 1.205697000000e-02
3.397808220000e-02 1.700437070000e+00 1.216345560000e-02
3.430251030000e-02 1.701720950000e+00 1.232383400000e-02
3.446470950000e-02 1.702790980000e+00 1.243097060000e-02
3.470803050000e-02 1.704288960000e+00 1.260368530000e-02
3.478913750000e-02 1.705144880000e+00 1.271471750000e-02
3.503245860000e-02 1.706214900000e+00 1.282769630000e-02
3.527577970000e-02 1.707712890000e+00 1.299521700000e-02
3.543799370000e-02 1.708354710000e+00 1.310365090000e-02
3.568131480000e-02 1.709852700000e+00 1.326792590000e-02
3.576242180000e-02 1.710922720000e+00 1.337700990000e-02
3.608684990000e-02 1.712420700000e+00 1.353673920000e-02
3.624904900000e-02 1.713276620000e+00 1.364841870000e-02
3.649237010000e-02 1.714560510000e+00 1.381788780000e-02
3.665458410000e-02 1.715630530000e+00 1.393151560000e-02
3.689790520000e-02 1.717128520000e+00 1.409579070000e-02
3.697901220000e-02 1.717770340000e+00 1.419773230000e-02
3.730344030000e-02 1.719482420000e+00 1.435940990000e-02
3.746565430000e-02 1.720338340000e+00 1.445550560000e-02
3.770897540000e-02 1.721836330000e+00 1.461263840000e-02
3.787118940000e-02 1.722692250000e+00 1.472756550000e-02
3.811449560000e-02 1.724190240000e+00 1.489638540000e-02
3.827670960000e-02 1.725260020000e+00 1.501001320000e-02
3.843892370000e-02 1.726544140000e+00 1.517428920000e-02
3.860113770000e-02 1.727400060000e+00 1.528012470000e-02
3.876335170000e-02 1.728683950000e+00 1.538726130000e-02
3.900667280000e-02 1.729753970000e+00 1.555478290000e-02
3.916888680000e-02 1.730609890000e+00 1.566776070000e-02
3.949331490000e-02 1.731893780000e+00 1.584047640000e-02
3.957442190000e-02 1.732963800000e+00 1.595345700000e-02
3.989883510000e-02 1.734461780000e+00 1.613071560000e-02
3.997994210000e-02 1.735531810000e+00 1.624369620000e-02
4.022326320000e-02 1.736815690000e+00 1.640147720000e-02
4.046658430000e-02 1.737671610000e+00 1.651380770000e-02
4.070990530000e-02 1.739169600000e+00 1.667743180000e-02
4.079101230000e-02 1.740025520000e+00 1.679106060000e-02
4.111544040000e-02 1.741523500000e+00 1.696572450000e-02
4.127765450000e-02 1.742379430000e+00 1.707740500000e-02
4.152096060000e-02 1.743877410000e+00 1.724492570000e-02
4.160206760000e-02 1.744519230000e+00 1.735076310000e-02
4.192649570000e-02 1.746017220000e+00 1.751503720000e-02
4.200760280000e-02 1.747087240000e+00 1.762087460000e-02
4.225092380000e-02 1.747943160000e+00 1.772411540000e-02
4.249424490000e-02 1.749655250000e+00 1.789942760000e-02
4.265645890000e-02 1.750083210000e+00 1.801305450000e-02
4.289978000000e-02 1.751580950000e+00 1.817473210000e-02
4.306199400000e-02 1.752437110000e+00 1.828446610000e-02
4.330530020000e-02 1.754148960000e+00 1.844679190000e-02
4.346751420000e-02 1.754791020000e+00 1.855457760000e-02
4.362972830000e-02 1.756074910000e+00 1.871949990000e-02
4.379194230000e-02 1.757144930000e+00 1.882988210000e-02
4.411637040000e-02 1.758428810000e+00 1.899740470000e-02
4.427858440000e-02 1.759498830000e+00 1.910648680000e-02
4.452190550000e-02 1.760782720000e+00 1.926621610000e-02
4.460301250000e-02 1.761638640000e+00 1.936750860000e-02
4.492744060000e-02 1.763136630000e+00 1.952983440000e-02
4.508963970000e-02 1.763992550000e+00 1.964021660000e-02
4.533296080000e-02 1.765276430000e+00 1.980579090000e-02
4.541406780000e-02 1.766132590000e+00 1.991552300000e-02
4.565738890000e-02 1.767630340000e+00 2.008369380000e-02
4.581960290000e-02 1.768700360000e+00 2.018563450000e-02
4.598181690000e-02 1.769342420000e+00 2.028562690000e-02
4.630624500000e-02 1.770840410000e+00 2.044340780000e-02
4.638735200000e-02 1.772124290000e+00 2.055314180000e-02
4.671178010000e-02 1.773408170000e+00 2.072131070000e-02
4.687397930000e-02 1.774264100000e+00 2.082779630000e-02
4.711730030000e-02 1.775548220000e+00 2.098752560000e-02
4.727951440000e-02 1.776404140000e+00 2.108232680000e-02
4.752283540000e-02 1.777902130000e+00 2.122517300000e-02
4.752283540000e-02 1.778758050000e+00 2.133945000000e-02
4.784726350000e-02 1.780041930000e+00 2.151021920000e-02
4.809058460000e-02 1.780897860000e+00 2.162059960000e-02
4.833390560000e-02 1.782395840000e+00 2.179072050000e-02
4.841501270000e-02 1.783251760000e+00 2.190045270000e-02
4.873942580000e-02 1.784321780000e+00 2.205304060000e-02
4.890163990000e-02 1.785391810000e+00 2.216017430000e-02
4.906385390000e-02 1.786889790000e+00 2.232315020000e-02
4.922606800000e-02 1.787745710000e+00 2.243872550000e-02
4.946938900000e-02 1.789243700000e+00 2.260559800000e-02
4.971271010000e-02 1.789885520000e+00 2.271013520000e-02
4.987492410000e-02 1.790955540000e+00 2.281467620000e-02
5.011824520000e-02 1.792239430000e+00 2.297115510000e-02
5.019935220000e-02 1.793095350000e+00 2.308088910000e-02
5.052376540000e-02 1.794379470000e+00 2.324256860000e-02
5.060487240000e-02 1.795449260000e+00 2.335230070000e-02
5.092930050000e-02 1.796733380000e+00 2.351787310000e-02
5.101040750000e-02 1.797803160000e+00 2.362306230000e-02
5.133483560000e-02 1.799087290000e+00 2.377435010000e-02
5.141594260000e-02 1.799729110000e+00 2.388213200000e-02
5.165926370000e-02 1.801441190000e+00 2.404705810000e-02
5.182147770000e-02 1.802083020000e+00 2.415289360000e-02
5.206479880000e-02 1.803581000000e+00 2.431197460000e-02
5.230810490000e-02 1.804223060000e+00 2.440872230000e-02
5.255142600000e-02 1.805721040000e+00 2.456650140000e-02
5.263253300000e-02 1.806576970000e+00 2.466779390000e-02
5.287585410000e-02 1.807860850000e+00 2.482882140000e-02
5.303806810000e-02 1.808716770000e+00 2.494180200000e-02
5.336249620000e-02 1.810000900000e+00 2.510217950000e-02
5.344360320000e-02 1.811284780000e+00 2.520477030000e-02
5.360581730000e-02 1.812140700000e+00 2.530086970000e-02
5.384913830000e-02 1.813210730000e+00 2.545280570000e-02
5.401133750000e-02 1.814066650000e+00 2.556838100000e-02
5.425465850000e-02 1.815564630000e+00 2.573655170000e-02
5.449797960000e-02 1.816420560000e+00 2.584563750000e-02
5.474130060000e-02 1.817918540000e+00 2.599627340000e-02
5.482240770000e-02 1.818560360000e+00 2.608782610000e-02
5.514683570000e-02 1.820058350000e+00 2.623197440000e-02
5.530904980000e-02 1.820700410000e+00 2.634884980000e-02
5.547126380000e-02 1.821984290000e+00 2.651896700000e-02
5.571458490000e-02 1.823268180000e+00 2.663259580000e-02
5.587678400000e-02 1.824552300000e+00 2.679037490000e-02
5.603899810000e-02 1.825194120000e+00 2.689296570000e-02
5.636342610000e-02 1.826692100000e+00 2.703191900000e-02
5.644453320000e-02 1.827762130000e+00 2.712281980000e-02
5.668785420000e-02 1.829046010000e+00 2.729294080000e-02
5.693117530000e-02 1.829901930000e+00 2.742085230000e-02
5.709338930000e-02 1.831186060000e+00 2.757863330000e-02
5.725560340000e-02 1.831827880000e+00 2.767278250000e-02
5.749892440000e-02 1.832897900000e+00 2.775784400000e-02
5.766112360000e-02 1.833967920000e+00 2.790328860000e-02
5.782333760000e-02 1.835251810000e+00 2.800782580000e-02
5.806665870000e-02 1.836321830000e+00 2.817339820000e-02
5.822887270000e-02 1.837177750000e+00 2.829092370000e-02
5.847219380000e-02 1.838461640000e+00 2.844026130000e-02
5.871551480000e-02 1.839531660000e+00 2.853636070000e-02
5.887772890000e-02 1.840601680000e+00 2.869024690000e-02
5.903994290000e-02 1.841457610000e+00 2.869024690000e-02
5.936435610000e-02 1.842955590000e+00 2.907676060000e-02
5.944546310000e-02 1.843597410000e+00 2.909616750000e-02
5.968878420000e-02 1.845095400000e+00 2.921260520000e-02
5.985099820000e-02 1.845737460000e+00 2.929022720000e-02
6.009431930000e-02 1.847021340000e+00 2.944547870000e-02
6.025653330000e-02 1.848091360000e+00 2.954250950000e-02
6.049985440000e-02 1.849161150000e+00 2.971069510000e-02
6.066206840000e-02 1.850445270000e+00 2.978831720000e-02
6.090538950000e-02 1.851515050000e+00 2.993062880000e-02
6.106760350000e-02 1.852799180000e+00 3.002765960000e-02
6.122980270000e-02 1.853227140000e+00 3.013116310000e-02
6.147312370000e-02 1.854511020000e+00 3.031228300000e-02
6.171644480000e-02 1.855366950000e+00 3.043518590000e-02
6.187865880000e-02 1.856864930000e+00 3.054515640000e-02
6.204087290000e-02 1.857720850000e+00 3.061631140000e-02
6.236530100000e-02 1.859004970000e+00 3.079743120000e-02
6.244640800000e-02 1.859860900000e+00 3.086858800000e-02
6.268972900000e-02 1.861144780000e+00 3.106912040000e-02
6.285194310000e-02 1.862000700000e+00 3.110792860000e-02
6.309524920000e-02 1.863498690000e+00 3.123730610000e-02
6.325746330000e-02 1.864140750000e+00 3.134080400000e-02
6.358189140000e-02 1.865424630000e+00 3.156073760000e-02
6.358189140000e-02 1.866280560000e+00 3.165129940000e-02
6.398742650000e-02 1.867778540000e+00 3.176773710000e-02
6.406853350000e-02 1.868634460000e+00 3.187123310000e-02
6.431185450000e-02 1.869918350000e+00 3.200707960000e-02
6.447406860000e-02 1.870560410000e+00 3.211705010000e-02
6.471738960000e-02 1.872058390000e+00 3.230463710000e-02
6.487958880000e-02 1.872914310000e+00 3.238226470000e-02
6.512290980000e-02 1.873556380000e+00 3.247929360000e-02
6.536623090000e-02 1.874626160000e+00 3.264747930000e-02
6.536623090000e-02 1.875910280000e+00 3.272510320000e-02
6.569065900000e-02 1.876980070000e+00 3.289328890000e-02
6.585287300000e-02 1.877836230000e+00 3.298385070000e-02
6.609619410000e-02 1.879120110000e+00 3.313263130000e-02
6.625840810000e-02 1.879762170000e+00 3.323612730000e-02
6.658282130000e-02 1.881259920000e+00 3.339137880000e-02
6.674503540000e-02 1.881901980000e+00 3.348194060000e-02
6.690724940000e-02 1.883399960000e+00 3.363072130000e-02
6.706946340000e-02 1.884041790000e+00 3.374715520000e-02
6.731278450000e-02 1.885325910000e+00 3.390240300000e-02
6.747499850000e-02 1.886395690000e+00 3.399296480000e-02
6.771831960000e-02 1.887251850000e+00 3.414174540000e-02
6.788053360000e-02 1.888321640000e+00 3.423877430000e-02
6.812385470000e-02 1.889605760000e+00 3.436814990000e-02
6.828606870000e-02 1.890247580000e+00 3.450399640000e-02
6.852937490000e-02 1.891745570000e+00 3.464630620000e-02
6.869158890000e-02 1.892387630000e+00 3.475626930000e-02
6.893491000000e-02 1.893457410000e+00 3.484683480000e-02
6.909712400000e-02 1.894741540000e+00 3.498267750000e-02
6.925933810000e-02 1.895169500000e+00 3.509910780000e-02
6.950265910000e-02 1.896667480000e+00 3.522848710000e-02
6.966487320000e-02 1.897737260000e+00 3.531904890000e-02
6.990819420000e-02 1.898807290000e+00 3.546136250000e-02
6.998930130000e-02 1.899663210000e+00 3.554544970000e-02
7.031371440000e-02 1.900947330000e+00 3.570716830000e-02
7.055703550000e-02 1.901803260000e+00 3.575891630000e-02
7.071924950000e-02 1.903087140000e+00 3.589476270000e-02
7.088146360000e-02 1.903943060000e+00 3.599825870000e-02
7.112478460000e-02 1.905441050000e+00 3.614703940000e-02
7.120589170000e-02 1.905869010000e+00 3.624406830000e-02
7.153031980000e-02 1.907366990000e+00 3.639931980000e-02
7.169253380000e-02 1.908222910000e+00 3.649634870000e-02
7.201694700000e-02 1.909506800000e+00 3.665159640000e-02
7.209805400000e-02 1.910148860000e+00 3.672922400000e-02
7.242248210000e-02 1.911646840000e+00 3.689093520000e-02
7.258469610000e-02 1.912502770000e+00 3.698150070000e-02
7.274691020000e-02 1.913358690000e+00 3.705912080000e-02
7.299023120000e-02 1.914428710000e+00 3.724024820000e-02
7.315244530000e-02 1.915498730000e+00 3.733727710000e-02
7.331465930000e-02 1.916354660000e+00 3.747959060000e-02
7.347687330000e-02 1.916996720000e+00 3.757661950000e-02
7.380128650000e-02 1.918494460000e+00 3.771892940000e-02
7.388239350000e-02 1.919136520000e+00 3.780949490000e-02
7.412571460000e-02 1.920634510000e+00 3.794533760000e-02
7.428792860000e-02 1.921490430000e+00 3.806176780000e-02
7.453124970000e-02 1.922560450000e+00 3.821055220000e-02
7.469346370000e-02 1.923630240000e+00 3.828170900000e-02
7.501789180000e-02 1.924486400000e+00 3.843695300000e-02
7.509899880000e-02 1.925556180000e+00 3.854692350000e-02
7.534231990000e-02 1.926626210000e+00 3.868276250000e-02
7.550451900000e-02 1.927268270000e+00 3.876685720000e-02
7.574784010000e-02 1.928766250000e+00 3.891563790000e-02
7.591005410000e-02 1.929408070000e+00 3.901266680000e-02
7.615337520000e-02 1.930906060000e+00 3.912910450000e-02
7.639669630000e-02 1.931761980000e+00 3.919379410000e-02
7.647780330000e-02 1.932404040000e+00 3.931023180000e-02
7.672112440000e-02 1.933687930000e+00 3.943960000000e-02
7.696444540000e-02 1.934543850000e+00 3.953016550000e-02
7.720776650000e-02 1.935613870000e+00 3.969188410000e-02
7.728885860000e-02 1.936469790000e+00 3.978891300000e-02
7.761328670000e-02 1.937753920000e+00 3.990535070000e-02
7.769439370000e-02 1.938823700000e+00 4.002178830000e-02
7.793771480000e-02 1.940107820000e+00 4.008647050000e-02
7.809992880000e-02 1.940535780000e+00 4.015116020000e-02
7.834324990000e-02 1.941819670000e+00 4.031934590000e-02
7.850546390000e-02 1.942461730000e+00 4.038403180000e-02
7.874878500000e-02 1.943745610000e+00 4.056515170000e-02
7.899210600000e-02 1.944601540000e+00 4.062337430000e-02
7.923541220000e-02 1.946099520000e+00 4.075921330000e-02
7.939762620000e-02 1.946955440000e+00 4.088212180000e-02
