#  J [A] 	 V 	 L [w] 
7.939762620000e-02 2.046461580000e+00 4.917497930000e-02
7.923541220000e-02 2.045605660000e+00 4.912322760000e-02
7.907319810000e-02 2.044107680000e+00 4.896797980000e-02
7.882989200000e-02 2.043251750000e+00 4.884507510000e-02
7.858657090000e-02 2.041753770000e+00 4.876098040000e-02
7.842435690000e-02 2.040683750000e+00 4.850223290000e-02
7.826214280000e-02 2.039185760000e+00 4.842460900000e-02
7.809992880000e-02 2.038329840000e+00 4.832758010000e-02
7.777550070000e-02 2.036831860000e+00 4.813998570000e-02
7.769439370000e-02 2.035975930000e+00 4.802354800000e-02
7.736996560000e-02 2.034477950000e+00 4.791358490000e-02
7.720776650000e-02 2.033408160000e+00 4.773893210000e-02
7.696444540000e-02 2.031910180000e+00 4.764189570000e-02
7.672112440000e-02 2.031054260000e+00 4.749958590000e-02
7.655891030000e-02 2.029556270000e+00 4.743490370000e-02
7.639669630000e-02 2.028486250000e+00 4.723437130000e-02
7.615337520000e-02 2.027416230000e+00 4.708559070000e-02
7.599116120000e-02 2.026132350000e+00 4.694974790000e-02
7.582894710000e-02 2.024848460000e+00 4.678156230000e-02
7.558562610000e-02 2.023564340000e+00 4.667806250000e-02
7.542342690000e-02 2.022494550000e+00 4.648400470000e-02
7.518010590000e-02 2.020782470000e+00 4.636109990000e-02
7.501789180000e-02 2.019926550000e+00 4.633522410000e-02
7.477457080000e-02 2.018428560000e+00 4.607000950000e-02
7.461235670000e-02 2.017358780000e+00 4.596650600000e-02
7.445014270000e-02 2.016074660000e+00 4.579832030000e-02
7.428792860000e-02 2.015004870000e+00 4.569482430000e-02
7.396350060000e-02 2.013506890000e+00 4.552017150000e-02
7.380128650000e-02 2.012650970000e+00 4.544254390000e-02
7.347687330000e-02 2.010938880000e+00 4.519673440000e-02
7.339576630000e-02 2.010297060000e+00 4.511911050000e-02
7.323355230000e-02 2.008799080000e+00 4.504795750000e-02
7.299023120000e-02 2.007729050000e+00 4.502208160000e-02
7.274691020000e-02 2.006231070000e+00 4.473745820000e-02
7.258469610000e-02 2.005375150000e+00 4.455633460000e-02
7.242248210000e-02 2.004305120000e+00 4.441402110000e-02
7.217916100000e-02 2.002807140000e+00 4.425877710000e-02
7.201694700000e-02 2.001737360000e+00 4.408412430000e-02
7.177364080000e-02 2.000453230000e+00 4.401296750000e-02
7.169253380000e-02 1.999169350000e+00 4.401943460000e-02
7.136810570000e-02 1.998099330000e+00 4.371540620000e-02
7.120589170000e-02 1.996815440000e+00 4.372187330000e-02
7.096257060000e-02 1.995317460000e+00 4.343078290000e-02
7.080035660000e-02 1.994247670000e+00 4.328200220000e-02
7.055703550000e-02 1.992749690000e+00 4.302972180000e-02
7.039482150000e-02 1.991679670000e+00 4.301678760000e-02
7.015150040000e-02 1.990395780000e+00 4.272569720000e-02
6.998930130000e-02 1.989325760000e+00 4.266747460000e-02
6.974598020000e-02 1.988041880000e+00 4.236992080000e-02
6.958376620000e-02 1.986757990000e+00 4.244754090000e-02
6.934044510000e-02 1.985473870000e+00 4.220820220000e-02
6.917823110000e-02 1.984404090000e+00 4.218232630000e-02
6.893491000000e-02 1.983119960000e+00 4.201414060000e-02
6.869158890000e-02 1.982050180000e+00 4.197532680000e-02
6.861048190000e-02 1.980980160000e+00 4.171011220000e-02
6.836716090000e-02 1.979696270000e+00 4.144489390000e-02
6.820496170000e-02 1.978412150000e+00 4.149017480000e-02
6.796164070000e-02 1.977342370000e+00 4.124436900000e-02
6.779942660000e-02 1.976272340000e+00 4.115380720000e-02
6.755610560000e-02 1.974988460000e+00 4.092093180000e-02
6.739389150000e-02 1.973704340000e+00 4.099855200000e-02
6.715057050000e-02 1.972634550000e+00 4.047458990000e-02
6.698835640000e-02 1.971564530000e+00 4.048753160000e-02
6.682614240000e-02 1.969852450000e+00 4.042284190000e-02
6.658282130000e-02 1.968782660000e+00 4.028052840000e-02
6.642062220000e-02 1.967284680000e+00 4.014469310000e-02
6.617730110000e-02 1.966214660000e+00 3.997003290000e-02
6.593398000000e-02 1.964716670000e+00 3.969188410000e-02
6.585287300000e-02 1.963860750000e+00 3.959485140000e-02
6.544733790000e-02 1.962576870000e+00 3.947841750000e-02
6.544733790000e-02 1.961506840000e+00 3.932316600000e-02
6.504180280000e-02 1.960008860000e+00 3.918085250000e-02
6.496069580000e-02 1.958939080000e+00 3.906441480000e-02
6.479848180000e-02 1.958297010000e+00 3.894798460000e-02
6.455517560000e-02 1.956585170000e+00 3.894798460000e-02
6.439296160000e-02 1.955301050000e+00 3.866982830000e-02
6.414964050000e-02 1.954017160000e+00 3.848223760000e-02
6.390631940000e-02 1.953161240000e+00 3.835933280000e-02
6.374410540000e-02 1.951663260000e+00 3.839167210000e-02
6.358189140000e-02 1.950593230000e+00 3.811352330000e-02
6.333857030000e-02 1.949095250000e+00 3.795180470000e-02
6.317635630000e-02 1.948239330000e+00 3.771892940000e-02
6.293305010000e-02 1.946955440000e+00 3.771246220000e-02
6.277083610000e-02 1.945671560000e+00 3.750546280000e-02
6.252751500000e-02 1.943959470000e+00 3.733727710000e-02
6.236530100000e-02 1.943103550000e+00 3.728552910000e-02
6.212197990000e-02 1.941819670000e+00 3.711734340000e-02
6.195976590000e-02 1.940749650000e+00 3.692974900000e-02
6.179755180000e-02 1.939251660000e+00 3.672922400000e-02
6.155423070000e-02 1.938181880000e+00 3.661278640000e-02
6.131090970000e-02 1.936683890000e+00 3.645106780000e-02
6.114871050000e-02 1.935827970000e+00 3.634109720000e-02
6.098649650000e-02 1.934757950000e+00 3.628288210000e-02
6.074317540000e-02 1.933259960000e+00 3.606294840000e-02
6.049985440000e-02 1.932189940000e+00 3.615351020000e-02
6.033764030000e-02 1.930691960000e+00 3.594651070000e-02
6.017542630000e-02 1.929622170000e+00 3.557132560000e-02
5.993210520000e-02 1.928124190000e+00 3.543548660000e-02
5.976989120000e-02 1.927054170000e+00 3.533845020000e-02
5.952657010000e-02 1.925556180000e+00 3.516379740000e-02
5.936435610000e-02 1.924700260000e+00 3.506676850000e-02
5.912104990000e-02 1.922988410000e+00 3.492445500000e-02
5.895883590000e-02 1.922346350000e+00 3.482095900000e-02
5.871551480000e-02 1.920848370000e+00 3.456221150000e-02
5.855330080000e-02 1.919992450000e+00 3.455574440000e-02
5.830997970000e-02 1.918280600000e+00 3.427758810000e-02
5.814776570000e-02 1.917210580000e+00 3.418055920000e-02
5.790444460000e-02 1.915498730000e+00 3.400590640000e-02
5.774223060000e-02 1.914856670000e+00 3.390887750000e-02
5.749892440000e-02 1.913358690000e+00 3.370187430000e-02
5.733671040000e-02 1.912288900000e+00 3.361131250000e-02
5.725560340000e-02 1.911004780000e+00 3.359190370000e-02
5.685006830000e-02 1.909506800000e+00 3.330081700000e-02
5.676896130000e-02 1.908650880000e+00 3.323612730000e-02
5.652564020000e-02 1.906939030000e+00 3.305500750000e-02
5.636342610000e-02 1.906083110000e+00 3.282859920000e-02
5.612010510000e-02 1.904585120000e+00 3.275097530000e-02
5.603899810000e-02 1.903729200000e+00 3.257632630000e-02
5.571458490000e-02 1.902017120000e+00 3.238873180000e-02
5.555237080000e-02 1.900947330000e+00 3.225936000000e-02
5.530904980000e-02 1.899663210000e+00 3.202001750000e-02
5.514683570000e-02 1.898807290000e+00 3.198767080000e-02
5.490351470000e-02 1.897095440000e+00 3.183242680000e-02
5.474130060000e-02 1.896025420000e+00 3.169658040000e-02
5.457908660000e-02 1.894741540000e+00 3.150252250000e-02
5.433576550000e-02 1.893457410000e+00 3.140549360000e-02
5.409244450000e-02 1.891959670000e+00 3.146370870000e-02
5.393024530000e-02 1.891103510000e+00 3.119202520000e-02
5.376803130000e-02 1.889605760000e+00 3.095914980000e-02
5.352471020000e-02 1.888535740000e+00 3.068100100000e-02
5.336249620000e-02 1.887679820000e+00 3.063572010000e-02
5.320028220000e-02 1.885753870000e+00 3.050634260000e-02
5.295696110000e-02 1.884897950000e+00 3.044812570000e-02
5.279474710000e-02 1.883613820000e+00 3.024759330000e-02
5.255142600000e-02 1.882329940000e+00 3.011822140000e-02
5.238921200000e-02 1.881046060000e+00 3.008588030000e-02
5.214590580000e-02 1.879976030000e+00 2.971716230000e-02
5.190258470000e-02 1.878478050000e+00 2.975597610000e-02
5.165926370000e-02 1.877408270000e+00 2.958132330000e-02
5.149704960000e-02 1.875910280000e+00 2.913498320000e-02
5.133483560000e-02 1.874840260000e+00 2.923201210000e-02
5.109151450000e-02 1.873342280000e+00 2.904441950000e-02
5.092930050000e-02 1.872486350000e+00 2.897326460000e-02
5.068597940000e-02 1.870560410000e+00 2.877273600000e-02
5.060487240000e-02 1.869704480000e+00 2.872745510000e-02
5.036156620000e-02 1.868420600000e+00 2.845576590000e-02
5.011824520000e-02 1.867136480000e+00 2.839108370000e-02
4.987492410000e-02 1.865852590000e+00 2.811292750000e-02
4.971271010000e-02 1.864568710000e+00 2.803530540000e-02
4.955049600000e-02 1.863712790000e+00 2.802883830000e-02
4.930717500000e-02 1.862000700000e+00 2.774421500000e-02
4.914496090000e-02 1.861144780000e+00 2.758896350000e-02
4.898274690000e-02 1.859432940000e+00 2.748546750000e-02
4.882053290000e-02 1.858362910000e+00 2.727846620000e-02
4.849611970000e-02 1.857292890000e+00 2.711674760000e-02
4.841501270000e-02 1.856009010000e+00 2.696150360000e-02
4.809058460000e-02 1.854511020000e+00 2.685153300000e-02
4.792837050000e-02 1.853441000000e+00 2.671569400000e-02
4.768504950000e-02 1.851943250000e+00 2.657338230000e-02
4.752283540000e-02 1.850659130000e+00 2.657984940000e-02
4.727951440000e-02 1.848947290000e+00 2.631463480000e-02
4.711730030000e-02 1.848305230000e+00 2.612704220000e-02
4.687397930000e-02 1.846593380000e+00 2.595238950000e-02
4.671178010000e-02 1.845737460000e+00 2.584888600000e-02
4.646845910000e-02 1.844239470000e+00 2.584888600000e-02
4.630624500000e-02 1.843169450000e+00 2.561448140000e-02
4.606292400000e-02 1.841457610000e+00 2.544890900000e-02
4.590070990000e-02 1.840387580000e+00 2.532489040000e-02
4.573849590000e-02 1.839317560000e+00 2.519568060000e-02
4.549517480000e-02 1.838033680000e+00 2.502296680000e-02
4.541406780000e-02 1.837177750000e+00 2.491388100000e-02
4.508963970000e-02 1.835251810000e+00 2.473597040000e-02
4.500854760000e-02 1.834395890000e+00 2.462429180000e-02
4.476522650000e-02 1.832469940000e+00 2.443858980000e-02
4.452190550000e-02 1.831614020000e+00 2.431976610000e-02
4.427858440000e-02 1.829901930000e+00 2.413601430000e-02
4.411637040000e-02 1.829046010000e+00 2.401589040000e-02
4.395415630000e-02 1.827548030000e+00 2.384707150000e-02
4.371083530000e-02 1.826478240000e+00 2.370487340000e-02
4.346751420000e-02 1.824980260000e+00 2.354254570000e-02
4.338640720000e-02 1.823910240000e+00 2.342177740000e-02
4.314310100000e-02 1.822412250000e+00 2.324776350000e-02
4.298088700000e-02 1.821128370000e+00 2.311725170000e-02
4.273756590000e-02 1.819630380000e+00 2.294129130000e-02
4.257535190000e-02 1.818560360000e+00 2.283155730000e-02
4.225092380000e-02 1.817062620000e+00 2.263222080000e-02
4.208870980000e-02 1.815992590000e+00 2.251924200000e-02
4.192649570000e-02 1.814922570000e+00 2.239457330000e-02
4.176428170000e-02 1.813424590000e+00 2.222120760000e-02
4.152096060000e-02 1.812140700000e+00 2.210887890000e-02
4.127765450000e-02 1.810428860000e+00 2.193745970000e-02
4.119654740000e-02 1.809572700000e+00 2.182643120000e-02
4.095322640000e-02 1.807860850000e+00 2.165696210000e-02
4.079101230000e-02 1.806576970000e+00 2.152840050000e-02
4.054769130000e-02 1.805293080000e+00 2.134659330000e-02
4.030437020000e-02 1.804223060000e+00 2.122257650000e-02
4.006104920000e-02 1.802510980000e+00 2.104336580000e-02
3.989883510000e-02 1.801441190000e+00 2.093298550000e-02
3.965552900000e-02 1.799729110000e+00 2.073624540000e-02
3.957442190000e-02 1.798873190000e+00 2.063625310000e-02
3.924999390000e-02 1.797161340000e+00 2.046418560000e-02
3.908777980000e-02 1.796091320000e+00 2.034796030000e-02
3.892556580000e-02 1.794379470000e+00 2.016745320000e-02
3.860113770000e-02 1.793523310000e+00 2.003694330000e-02
3.852003070000e-02 1.792453530000e+00 1.991811950000e-02
3.827670960000e-02 1.790741440000e+00 1.975514370000e-02
3.811449560000e-02 1.789671660000e+00 1.963112690000e-02
3.787118940000e-02 1.787959580000e+00 1.944088000000e-02
3.770897540000e-02 1.787103650000e+00 1.932075810000e-02
3.754676130000e-02 1.785391810000e+00 1.916297710000e-02
3.730344030000e-02 1.784321780000e+00 1.903376540000e-02
3.714122620000e-02 1.782823800000e+00 1.884741340000e-02
3.689790520000e-02 1.781539920000e+00 1.873313640000e-02
3.665458410000e-02 1.780041930000e+00 1.855457760000e-02
3.649237010000e-02 1.778758050000e+00 1.843445560000e-02
3.624904900000e-02 1.777474160000e+00 1.825979170000e-02
3.616794200000e-02 1.776190040000e+00 1.813317650000e-02
3.592463580000e-02 1.774264100000e+00 1.796176100000e-02
3.576242180000e-02 1.773622270000e+00 1.784034070000e-02
3.543799370000e-02 1.771696330000e+00 1.767022160000e-02
3.535688670000e-02 1.770626310000e+00 1.753386860000e-02
3.511356560000e-02 1.768914460000e+00 1.736959260000e-02
3.495135160000e-02 1.768058540000e+00 1.723778250000e-02
3.470803050000e-02 1.766988520000e+00 1.710142940000e-02
3.454581650000e-02 1.765062570000e+00 1.694235020000e-02
3.430251030000e-02 1.764420510000e+00 1.682027990000e-02
3.405918930000e-02 1.762494560000e+00 1.666249710000e-02
3.389697520000e-02 1.761424780000e+00 1.652809230000e-02
3.365365420000e-02 1.759926800000e+00 1.634953170000e-02
3.357254710000e-02 1.758428810000e+00 1.621187850000e-02
3.324811910000e-02 1.756930830000e+00 1.604565790000e-02
3.308590500000e-02 1.755646940000e+00 1.591709440000e-02
3.292369100000e-02 1.754148960000e+00 1.573658920000e-02
3.268036990000e-02 1.753293040000e+00 1.561906370000e-02
3.243706380000e-02 1.751367090000e+00 1.545089300000e-02
3.235595670000e-02 1.750511170000e+00 1.531778560000e-02
3.211263570000e-02 1.748371120000e+00 1.516130290000e-02
3.195042160000e-02 1.747515200000e+00 1.502429790000e-02
3.162599350000e-02 1.745589260000e+00 1.486197300000e-02
3.146377950000e-02 1.744519230000e+00 1.474314930000e-02
3.130156550000e-02 1.743021490000e+00 1.455225330000e-02
3.105824440000e-02 1.741951470000e+00 1.443667620000e-02
3.097713740000e-02 1.740881440000e+00 1.431395770000e-02
3.065272420000e-02 1.739169600000e+00 1.414189210000e-02
3.057161720000e-02 1.738099580000e+00 1.402436760000e-02
3.024718910000e-02 1.736387730000e+00 1.384450870000e-02
3.008497510000e-02 1.734889750000e+00 1.373347830000e-02
2.984165400000e-02 1.733391760000e+00 1.354258230000e-02
2.967944000000e-02 1.732321740000e+00 1.341401970000e-02
2.951722590000e-02 1.730609890000e+00 1.322831770000e-02
2.927390490000e-02 1.729539870000e+00 1.311014410000e-02
2.903058380000e-02 1.727828030000e+00 1.293288450000e-02
2.894949170000e-02 1.726544140000e+00 1.282120310000e-02
2.862506360000e-02 1.724832060000e+00 1.265952550000e-02
2.846284960000e-02 1.723976140000e+00 1.252447070000e-02
2.830063550000e-02 1.722050190000e+00 1.235954560000e-02
2.813842150000e-02 1.720980170000e+00 1.223812620000e-02
2.789510040000e-02 1.719268320000e+00 1.204203530000e-02
2.773288640000e-02 1.717984440000e+00 1.192386170000e-02
2.748956530000e-02 1.716272590000e+00 1.175114610000e-02
2.732735130000e-02 1.714988470000e+00 1.163037490000e-02
2.716515210000e-02 1.713918690000e+00 1.151479780000e-02
2.692183110000e-02 1.712206600000e+00 1.133364160000e-02
2.667851000000e-02 1.711136820000e+00 1.120962480000e-02
2.651629600000e-02 1.709424730000e+00 1.104470160000e-02
2.627297490000e-02 1.708140850000e+00 1.094211080000e-02
2.602965380000e-02 1.706429000000e+00 1.073303450000e-02
2.594854680000e-02 1.705358980000e+00 1.061745830000e-02
2.570522580000e-02 1.703646900000e+00 1.044474170000e-02
2.554301170000e-02 1.702363010000e+00 1.032591980000e-02
2.521859850000e-02 1.700437070000e+00 1.013956780000e-02
2.513749150000e-02 1.699367050000e+00 1.002139410000e-02
2.489417050000e-02 1.697869300000e+00 9.846082890000e-03
2.473195640000e-02 1.696585180000e+00 9.726610030000e-03
2.448863540000e-02 1.694659230000e+00 9.553894400000e-03
2.424531430000e-02 1.694017410000e+00 9.432473220000e-03
2.408310030000e-02 1.691877370000e+00 9.242226370000e-03
2.383977920000e-02 1.690807580000e+00 9.133143350000e-03
2.367756520000e-02 1.689095500000e+00 8.941599170000e-03
2.351536600000e-02 1.687811610000e+00 8.826022040000e-03
2.327204500000e-02 1.686741590000e+00 8.709796700000e-03
2.302872390000e-02 1.684815650000e+00 8.518900720000e-03
2.294761690000e-02 1.683745860000e+00 8.407219310000e-03
2.262318880000e-02 1.681819920000e+00 8.232555350000e-03
2.254208180000e-02 1.680963990000e+00 8.108538580000e-03
2.221765370000e-02 1.678823950000e+00 7.937122140000e-03
2.205543970000e-02 1.677753930000e+00 7.827389050000e-03
2.181213350000e-02 1.676042080000e+00 7.627402430000e-03
2.173102650000e-02 1.674544100000e+00 7.518318950000e-03
2.148770540000e-02 1.673046110000e+00 7.333915210000e-03
2.132549140000e-02 1.671762230000e+00 7.220287340000e-03
2.108217030000e-02 1.669836280000e+00 7.046273440000e-03
2.091995630000e-02 1.668766260000e+00 6.925501860000e-03
2.067663520000e-02 1.667054410000e+00 6.752137090000e-03
2.051442120000e-02 1.665556430000e+00 6.627470250000e-03
2.027110010000e-02 1.663844590000e+00 6.443717520000e-03
2.010888610000e-02 1.662560700000e+00 6.328140390000e-03
1.978447290000e-02 1.660420660000e+00 6.156723480000e-03
1.970336590000e-02 1.659564730000e+00 6.015174560000e-03
1.962225880000e-02 1.658280850000e+00 5.900247950000e-03
1.921672370000e-02 1.656568770000e+00 5.726234060000e-03
1.905450970000e-02 1.655284880000e+00 5.605462940000e-03
1.881118860000e-02 1.653145070000e+00 5.418462210000e-03
1.864898200000e-02 1.652288910000e+00 5.304184740000e-03
1.840566100000e-02 1.650362970000e+00 5.128872120000e-03
1.824344690000e-02 1.649079080000e+00 5.015243310000e-03
1.800012590000e-02 1.647153140000e+00 4.841229410000e-03
1.791901890000e-02 1.646083350000e+00 4.721107890000e-03
1.767570530000e-02 1.644157410000e+00 4.536704630000e-03
1.751349120000e-02 1.643087390000e+00 4.424374550000e-03
1.718906310000e-02 1.641375540000e+00 4.241270940000e-03
1.702684910000e-02 1.639877560000e+00 4.125693810000e-03
1.686464250000e-02 1.637951610000e+00 3.942589740000e-03
1.670242850000e-02 1.637095690000e+00 3.820519890000e-03
1.645910740000e-02 1.634741780000e+00 3.646506000000e-03
1.629689340000e-02 1.633885620000e+00 3.528331870000e-03
1.605357230000e-02 1.631531720000e+00 3.347175660000e-03
1.589136570000e-02 1.630461930000e+00 3.239391140000e-03
1.564804460000e-02 1.629391910000e+00 3.111477710000e-03
1.548583060000e-02 1.627251860000e+00 2.940060800000e-03
1.532361660000e-02 1.626395940000e+00 2.822536040000e-03
1.508030300000e-02 1.624684100000e+00 2.638133480000e-03
1.483698190000e-02 1.623186110000e+00 2.518661320000e-03
1.467476790000e-02 1.621474270000e+00 2.349191810000e-03
1.451255380000e-02 1.620190140000e+00 2.231667980000e-03
1.426923270000e-02 1.618264440000e+00 2.231667980000e-03
1.410702620000e-02 1.616980310000e+00 1.919622650000e-03
1.378259810000e-02 1.615054370000e+00 1.741104640000e-03
1.362038400000e-02 1.613984580000e+00 1.623069170000e-03
1.345817000000e-02 1.611844540000e+00 1.445657920000e-03
1.329596340000e-02 1.610346560000e+00 1.329835970000e-03
1.305264230000e-02 1.608634710000e+00 1.153661520000e-03
1.289042830000e-02 1.607564690000e+00 1.035040130000e-03
1.264710720000e-02 1.605638740000e+00 8.578242270000e-04
1.248489320000e-02 1.604354860000e+00 7.344501210000e-04
1.224157960000e-02 1.602428910000e+00 5.643956830000e-04
1.207936560000e-02 1.601358890000e+00 4.472716540000e-04
1.191715150000e-02 1.599861150000e+00 3.308638410000e-04
1.167383040000e-02 1.598149060000e+00 1.802758630000e-04
1.143051680000e-02 1.596437220000e+00 1.240901620000e-04
1.126830280000e-02 1.593441250000e+00 9.121211770000e-05
1.110608880000e-02 1.591515300000e+00 9.121211770000e-05
1.086276770000e-02 1.588091610000e+00 7.100570660000e-05
1.070055370000e-02 1.586165670000e+00 6.639451750000e-05
1.037613300000e-02 1.583169700000e+00 6.090007080000e-05
1.021391900000e-02 1.581029890000e+00 5.793852690000e-05
1.005170490000e-02 1.577605960000e+00 5.407421850000e-05
9.889490900000e-03 1.575037960000e+00 5.164522740000e-05
9.646177290000e-03 1.572042230000e+00 4.882006760000e-05
9.483963250000e-03 1.569688320000e+00 4.700807040000e-05
9.240642190000e-03 1.566050290000e+00 4.424785950000e-05
9.078428150000e-03 1.563696380000e+00 4.263718800000e-05
8.916214110000e-03 1.560058590000e+00 4.043551230000e-05
8.672900500000e-03 1.557918790000e+00 3.893525350000e-05
8.429579440000e-03 1.554280760000e+00 3.696737990000e-05
8.267365400000e-03 1.551712990000e+00 3.562299390000e-05
8.105151360000e-03 1.549359080000e+00 3.439551070000e-05
7.861837740000e-03 1.545507190000e+00 3.265494890000e-05
7.699623700000e-03 1.543153290000e+00 3.142097190000e-05
7.456302640000e-03 1.539301400000e+00 2.972587750000e-05
7.294088600000e-03 1.536733630000e+00 2.863478040000e-05
7.050774990000e-03 1.532881740000e+00 2.721245800000e-05
6.888560950000e-03 1.530313730000e+00 2.617981040000e-05
6.645239890000e-03 1.525820020000e+00 2.467305600000e-05
6.483025850000e-03 1.523252010000e+00 2.386772390000e-05
6.239704790000e-03 1.518972160000e+00 2.386772390000e-05
6.077498200000e-03 1.516190290000e+00 2.129944000000e-05
5.834177140000e-03 1.511910440000e+00 2.003602090000e-05
5.671963100000e-03 1.508914710000e+00 1.914611130000e-05
5.428642030000e-03 1.504420760000e+00 1.793011320000e-05
5.266435440000e-03 1.501424790000e+00 1.711100410000e-05
5.023114380000e-03 1.496716980000e+00 1.592748590000e-05
4.860900340000e-03 1.493293290000e+00 1.516943670000e-05
4.698686300000e-03 1.488157510000e+00 1.401969440000e-05
4.455365240000e-03 1.485161540000e+00 1.329412410000e-05
4.374265670000e-03 1.481737610000e+00 1.258089470000e-05
4.049837590000e-03 1.476173880000e+00 1.153183710000e-05
3.887623550000e-03 1.472536090000e+00 1.084913860000e-05
3.644302490000e-03 1.466972350000e+00 9.880628570000e-06
3.400988880000e-03 1.463120460000e+00 9.221312210000e-06
3.319881860000e-03 1.456914660000e+00 8.290477130000e-06
3.076560800000e-03 1.452634810000e+00 7.704564270000e-06
2.833239730000e-03 1.446215150000e+00 6.836737160000e-06
2.671025690000e-03 1.441721200000e+00 6.287200450000e-06
2.427712080000e-03 1.434659480000e+00 5.456398870000e-06
2.346605060000e-03 1.429523710000e+00 4.945186450000e-06
2.022176980000e-03 1.421606060000e+00 4.209871800000e-06
1.859962940000e-03 1.415614130000e+00 3.735035080000e-06
1.616649330000e-03 1.405984640000e+00 3.058831910000e-06
1.454435290000e-03 1.398708820000e+00 2.602183490000e-06
1.211114230000e-03 1.387153390000e+00 2.022115950000e-06
1.048900190000e-03 1.378165720000e+00 1.632373370000e-06
8.866861460000e-04 1.367466210000e+00 1.632373370000e-06
6.433725360000e-04 1.347992900000e+00 7.881055240000e-07
4.811584950000e-04 1.329589610000e+00 5.022494070000e-07
3.189444540000e-04 1.283581500000e+00 1.568075870000e-07
7.562339310000e-05 1.197984700000e+00 1.600984410000e-08
7.562339310000e-05 5.236970780000e-01 3.226336980000e-10
-5.483627320000e-06 8.009237050000e-02 -1.033068410000e-09
-5.483627320000e-06 2.841383220000e-03 -7.102954340000e-10
