#  J [A] 	 V 	 L [w] 
-5.483627320000e-06 1.343458890000e-03 -1.226713620000e-09
-5.483627320000e-06 1.557439570000e-03 -1.162196120000e-09
-5.483627320000e-06 1.557439570000e-03 -1.226713620000e-09
7.562339310000e-05 1.557439570000e-03 -1.097632210000e-09
-5.483627320000e-06 1.771420240000e-03 -1.226713620000e-09
-5.483627320000e-06 1.771420240000e-03 -1.226713620000e-09
4.000514750000e-04 1.299844740000e+00 7.594424570000e-07
9.677931670000e-04 1.391647100000e+00 1.350650790000e-06
1.130007210000e-03 1.402132750000e+00 1.731598670000e-06
1.292221250000e-03 1.410692450000e+00 2.127652810000e-06
1.454435290000e-03 1.422461990000e+00 2.747072360000e-06
1.616649330000e-03 1.429951670000e+00 2.747072360000e-06
1.859962940000e-03 1.439367290000e+00 3.922761150000e-06
2.022176980000e-03 1.445145130000e+00 4.406041630000e-06
2.265498040000e-03 1.453276870000e+00 5.172536020000e-06
2.427712080000e-03 1.458626510000e+00 5.709081960000e-06
2.671025690000e-03 1.465688230000e+00 6.555472740000e-06
2.833239730000e-03 1.470396040000e+00 7.130992800000e-06
3.157667820000e-03 1.477243900000e+00 8.027402150000e-06
3.238774840000e-03 1.481523750000e+00 8.658134900000e-06
3.482095900000e-03 1.487943410000e+00 9.628594850000e-06
3.644302490000e-03 1.492009160000e+00 1.032103770000e-05
3.968730570000e-03 1.497787000000e+00 1.136749600000e-05
4.049837590000e-03 1.501638890000e+00 1.206513480000e-05
4.374265670000e-03 1.507202630000e+00 1.320708090000e-05
4.455365240000e-03 1.510626550000e+00 1.396707920000e-05
4.698686300000e-03 1.514478450000e+00 1.474461620000e-05
4.860900340000e-03 1.519400120000e+00 1.595866520000e-05
5.023114380000e-03 1.522824050000e+00 1.678427000000e-05
5.266435440000e-03 1.527745960000e+00 1.809120840000e-05
5.428642030000e-03 1.530955790000e+00 1.897852050000e-05
5.671963100000e-03 1.535663600000e+00 2.033352580000e-05
5.753070120000e-03 1.538873430000e+00 2.128254890000e-05
6.158605220000e-03 1.543367150000e+00 2.272329950000e-05
6.239704790000e-03 1.546363120000e+00 2.375936490000e-05
6.483025850000e-03 1.550857070000e+00 2.533717270000e-05
6.645239890000e-03 1.553638940000e+00 2.640311690000e-05
6.969667970000e-03 1.558132650000e+00 2.813747410000e-05
7.050774990000e-03 1.561128620000e+00 2.813747410000e-05
7.294088600000e-03 1.564980510000e+00 3.135603040000e-05
7.456302640000e-03 1.567762370000e+00 3.258351350000e-05
7.699623700000e-03 1.572042230000e+00 3.460334120000e-05
7.861837740000e-03 1.574609990000e+00 3.601916980000e-05
8.105151360000e-03 1.578675990000e+00 3.829878190000e-05
8.267365400000e-03 1.581243750000e+00 3.989645850000e-05
8.510686460000e-03 1.583811760000e+00 4.165000790000e-05
8.672900500000e-03 1.587663410000e+00 4.443620130000e-05
8.835114540000e-03 1.590231420000e+00 4.660540800000e-05
8.997321130000e-03 1.593869210000e+00 5.019043600000e-05
9.240642190000e-03 1.596437220000e+00 5.289869660000e-05
9.483963250000e-03 1.600075010000e+00 5.811387380000e-05
9.646177290000e-03 1.602428910000e+00 6.244578980000e-05
9.808383880000e-03 1.605638740000e+00 7.144734990000e-05
9.970597920000e-03 1.607992650000e+00 8.228686780000e-05
1.029502600000e-02 1.611202720000e+00 1.223457070000e-04
1.045724000000e-02 1.612914560000e+00 1.978716900000e-04
1.061945410000e-02 1.614626410000e+00 1.978716900000e-04
1.086276770000e-02 1.616124390000e+00 4.864649670000e-04
1.102498170000e-02 1.618050340000e+00 6.649179270000e-04
1.118719580000e-02 1.619548320000e+00 7.810653770000e-04
1.143051680000e-02 1.621688130000e+00 9.619923660000e-04
1.167383040000e-02 1.622972250000e+00 1.084519900000e-03
1.191715150000e-02 1.625112060000e+00 1.264014750000e-03
1.207936560000e-02 1.626823900000e+00 1.386282030000e-03
1.224157960000e-02 1.628108020000e+00 1.504512740000e-03
1.248489320000e-02 1.630461930000e+00 1.679385080000e-03
1.264710720000e-02 1.631745820000e+00 1.803214780000e-03
1.289042830000e-02 1.633885620000e+00 1.984923150000e-03
1.305264230000e-02 1.635383610000e+00 2.105367370000e-03
1.329596340000e-02 1.637737510000e+00 2.285968980000e-03
1.345817000000e-02 1.638807540000e+00 2.405046020000e-03
1.370149110000e-02 1.641161440000e+00 2.584801060000e-03
1.378259810000e-02 1.642659430000e+00 2.706873000000e-03
1.410702620000e-02 1.645013330000e+00 2.706873000000e-03
1.426923270000e-02 1.646297220000e+00 3.049793650000e-03
1.451255380000e-02 1.648651120000e+00 3.210821650000e-03
1.467476790000e-02 1.649935010000e+00 3.328345720000e-03
1.491808890000e-02 1.652075050000e+00 3.504307940000e-03
1.508030300000e-02 1.653145070000e+00 3.622481130000e-03
1.532361660000e-02 1.655498980000e+00 3.808182660000e-03
1.548583060000e-02 1.656996730000e+00 3.929603380000e-03
1.564804460000e-02 1.659136770000e+00 4.108162600000e-03
1.581025870000e-02 1.660634760000e+00 4.234777300000e-03
1.605357230000e-02 1.661704540000e+00 4.352950960000e-03
1.629689340000e-02 1.664058450000e+00 4.532808440000e-03
1.637800040000e-02 1.665342570000e+00 4.650982560000e-03
1.670242850000e-02 1.667696480000e+00 4.834087100000e-03
1.686464250000e-02 1.668980360000e+00 4.955506880000e-03
1.710795610000e-02 1.671120170000e+00 5.136664030000e-03
1.727017020000e-02 1.672404290000e+00 5.260032140000e-03
1.751349120000e-02 1.674330230000e+00 5.438591350000e-03
1.759459820000e-02 1.675827980000e+00 5.556764550000e-03
1.783791180000e-02 1.677968030000e+00 5.744414400000e-03
1.800012590000e-02 1.679679870000e+00 5.866483790000e-03
1.824344690000e-02 1.681391950000e+00 6.043744270000e-03
1.848676800000e-02 1.682675840000e+00 6.169060250000e-03
1.873008160000e-02 1.684815650000e+00 6.349567320000e-03
1.881118860000e-02 1.686099770000e+00 6.469689310000e-03
1.905450970000e-02 1.688239570000e+00 6.655389910000e-03
1.921672370000e-02 1.689737560000e+00 6.777460690000e-03
1.946004480000e-02 1.691877370000e+00 6.961862560000e-03
1.970336590000e-02 1.692947390000e+00 7.085230670000e-03
1.986557990000e-02 1.694445370000e+00 7.207951040000e-03
2.002779390000e-02 1.696585180000e+00 7.386509330000e-03
2.027110010000e-02 1.697869300000e+00 7.505333050000e-03
2.043331410000e-02 1.699795250000e+00 7.693631570000e-03
2.059552820000e-02 1.701079130000e+00 7.815051820000e-03
2.091995630000e-02 1.703218940000e+00 7.996857170000e-03
2.100106330000e-02 1.704288960000e+00 8.119577540000e-03
2.132549140000e-02 1.706642870000e+00 8.300733750000e-03
2.148770540000e-02 1.707712890000e+00 8.424101400000e-03
2.173102650000e-02 1.709638830000e+00 8.600713690000e-03
2.181213350000e-02 1.711136820000e+00 8.723432200000e-03
2.205543970000e-02 1.713062520000e+00 8.907184000000e-03
2.221765370000e-02 1.714132550000e+00 9.030554440000e-03
2.246097480000e-02 1.716486450000e+00 9.209762330000e-03
2.270429580000e-02 1.717770340000e+00 9.335727430000e-03
2.294761690000e-02 1.719696280000e+00 9.516234510000e-03
2.302872390000e-02 1.720980170000e+00 9.641551410000e-03
2.327204500000e-02 1.722692250000e+00 9.820759300000e-03
2.343425900000e-02 1.724190240000e+00 9.937633760000e-03
2.367756520000e-02 1.725687980000e+00 1.006165150000e-02
2.383977920000e-02 1.727400060000e+00 1.024345770000e-02
2.400199320000e-02 1.728898050000e+00 1.036422790000e-02
2.424531430000e-02 1.730609890000e+00 1.054863070000e-02
2.440752830000e-02 1.732107880000e+00 1.067264840000e-02
2.473195640000e-02 1.734033820000e+00 1.085835140000e-02
2.481306340000e-02 1.735317710000e+00 1.097912160000e-02
2.505638450000e-02 1.737029550000e+00 1.115962770000e-02
2.521859850000e-02 1.738313670000e+00 1.128364540000e-02
2.546190470000e-02 1.740239620000e+00 1.146350340000e-02
2.562411870000e-02 1.741737370000e+00 1.158622280000e-02
2.586743980000e-02 1.743449450000e+00 1.176543070000e-02
2.602965380000e-02 1.744519230000e+00 1.188425440000e-02
2.627297490000e-02 1.746445180000e+00 1.207255290000e-02
2.651629600000e-02 1.747943160000e+00 1.219397320000e-02
2.667851000000e-02 1.749655250000e+00 1.236993540000e-02
2.684072410000e-02 1.750939130000e+00 1.249590140000e-02
2.708404510000e-02 1.752865080000e+00 1.267900410000e-02
2.724624430000e-02 1.754148960000e+00 1.279977620000e-02
2.740845830000e-02 1.755432840000e+00 1.291924720000e-02
2.773288640000e-02 1.757144930000e+00 1.310105440000e-02
2.781399340000e-02 1.758428810000e+00 1.321922710000e-02
2.805731450000e-02 1.760140660000e+00 1.340363080000e-02
2.821952850000e-02 1.761424780000e+00 1.352829770000e-02
2.854395660000e-02 1.763350730000e+00 1.371205130000e-02
2.870617060000e-02 1.764420510000e+00 1.383347160000e-02
2.886838470000e-02 1.766132590000e+00 1.401722520000e-02
2.894949170000e-02 1.767416480000e+00 1.413864550000e-02
2.935501190000e-02 1.769128320000e+00 1.431525680000e-02
2.943611890000e-02 1.770412450000e+00 1.443927460000e-02
2.967944000000e-02 1.772338150000e+00 1.462432560000e-02
2.984165400000e-02 1.773622270000e+00 1.474314930000e-02
3.016608210000e-02 1.775120260000e+00 1.493079870000e-02
3.032829610000e-02 1.776618000000e+00 1.505416630000e-02
3.049051020000e-02 1.778115990000e+00 1.523662170000e-02
3.073383120000e-02 1.779828070000e+00 1.536128860000e-02
3.097713740000e-02 1.781539920000e+00 1.554504220000e-02
3.113935140000e-02 1.782181980000e+00 1.567165550000e-02
3.130156550000e-02 1.783679720000e+00 1.578528620000e-02
3.146377950000e-02 1.785391810000e+00 1.597163640000e-02
3.162599350000e-02 1.786675690000e+00 1.609240840000e-02
3.195042160000e-02 1.788173680000e+00 1.626707050000e-02
3.203152870000e-02 1.789671660000e+00 1.639628220000e-02
3.235595670000e-02 1.791383500000e+00 1.658263240000e-02
3.243706380000e-02 1.792881490000e+00 1.670405450000e-02
3.276147690000e-02 1.794593330000e+00 1.688715820000e-02
3.292369100000e-02 1.795663360000e+00 1.700598190000e-02
3.316701200000e-02 1.797589300000e+00 1.718584080000e-02
3.324811910000e-02 1.798659320000e+00 1.730985570000e-02
3.349144010000e-02 1.800371170000e+00 1.749296110000e-02
3.365365420000e-02 1.801441190000e+00 1.761503150000e-02
3.389697520000e-02 1.803367140000e+00 1.779943330000e-02
3.405918930000e-02 1.804436920000e+00 1.791955530000e-02
3.430251030000e-02 1.806149010000e+00 1.809811410000e-02
3.454581650000e-02 1.807218790000e+00 1.821693780000e-02
3.470803050000e-02 1.809144740000e+00 1.840134150000e-02
3.495135160000e-02 1.810214760000e+00 1.852925310000e-02
3.503245860000e-02 1.811284780000e+00 1.865197160000e-02
3.535688670000e-02 1.813210730000e+00 1.883637530000e-02
3.543799370000e-02 1.814280510000e+00 1.895649730000e-02
3.576242180000e-02 1.815992590000e+00 1.914089920000e-02
3.584352880000e-02 1.817276480000e+00 1.926296950000e-02
3.608684990000e-02 1.818774460000e+00 1.944217830000e-02
3.624904900000e-02 1.819844480000e+00 1.956554690000e-02
3.649237010000e-02 1.821556330000e+00 1.974735220000e-02
3.673569110000e-02 1.822840210000e+00 1.987007070000e-02
3.689790520000e-02 1.824552300000e+00 2.004992780000e-02
3.706011920000e-02 1.825622080000e+00 2.016940150000e-02
3.730344030000e-02 1.827334170000e+00 2.036094670000e-02
3.746565430000e-02 1.828403950000e+00 2.048236690000e-02
3.779008240000e-02 1.830116030000e+00 2.065573070000e-02
3.787118940000e-02 1.831399920000e+00 2.077909930000e-02
3.819560260000e-02 1.832897900000e+00 2.095765810000e-02
3.827670960000e-02 1.833967920000e+00 2.108037660000e-02
3.860113770000e-02 1.835679770000e+00 2.126413020000e-02
3.868224470000e-02 1.836749790000e+00 2.138750070000e-02
3.884445880000e-02 1.838033680000e+00 2.151216570000e-02
3.916888680000e-02 1.839531660000e+00 2.169202270000e-02
3.924999390000e-02 1.840601680000e+00 2.181344290000e-02
3.949331490000e-02 1.842099430000e+00 2.198746060000e-02
3.965552900000e-02 1.843383550000e+00 2.210303580000e-02
3.989883510000e-02 1.845095400000e+00 2.229133430000e-02
4.006104920000e-02 1.846165420000e+00 2.241599930000e-02
4.030437020000e-02 1.847663400000e+00 2.259975490000e-02
4.046658430000e-02 1.848947290000e+00 2.272766830000e-02
4.070990530000e-02 1.850445270000e+00 2.290817350000e-02
4.087211940000e-02 1.851729150000e+00 2.302504890000e-02
4.111544040000e-02 1.853441000000e+00 2.319906280000e-02
4.135876150000e-02 1.854297160000e+00 2.331918660000e-02
4.160206760000e-02 1.856222870000e+00 2.350488680000e-02
4.176428170000e-02 1.857079030000e+00 2.363020370000e-02
4.200760280000e-02 1.858576770000e+00 2.381590570000e-02
4.208870980000e-02 1.859860900000e+00 2.393342740000e-02
4.225092380000e-02 1.860930680000e+00 2.404900450000e-02
4.257535190000e-02 1.862856630000e+00 2.423081170000e-02
4.265645890000e-02 1.863712790000e+00 2.435482850000e-02
4.298088700000e-02 1.865424630000e+00 2.452949060000e-02
4.306199400000e-02 1.866494660000e+00 2.465545760000e-02
4.338640720000e-02 1.868206500000e+00 2.484115960000e-02
4.346751420000e-02 1.869276520000e+00 2.496647460000e-02
4.379194230000e-02 1.870774510000e+00 2.514698360000e-02
4.387304930000e-02 1.871844290000e+00 2.526385900000e-02
4.411637040000e-02 1.873342280000e+00 2.544241770000e-02
4.435969140000e-02 1.874412300000e+00 2.555799300000e-02
4.452190550000e-02 1.876124140000e+00 2.573915010000e-02
4.476522650000e-02 1.877194170000e+00 2.585927020000e-02
4.500854760000e-02 1.878692150000e+00 2.604432400000e-02
4.517074670000e-02 1.879762170000e+00 2.617288570000e-02
4.533296080000e-02 1.881259920000e+00 2.635728750000e-02
4.557628180000e-02 1.882329940000e+00 2.646961810000e-02
4.573849590000e-02 1.884041790000e+00 2.665077520000e-02
4.598181690000e-02 1.885325910000e+00 2.677739040000e-02
4.614403100000e-02 1.886181830000e+00 2.690270730000e-02
4.630624500000e-02 1.887679820000e+00 2.708646100000e-02
4.654956610000e-02 1.888963700000e+00 2.720787930000e-02
4.679288720000e-02 1.890033720000e+00 2.738773820000e-02
4.695508630000e-02 1.891317610000e+00 2.750656190000e-02
4.719840740000e-02 1.892601490000e+00 2.768576890000e-02
4.736062140000e-02 1.894099470000e+00 2.780848740000e-02
4.752283540000e-02 1.895383360000e+00 2.799029460000e-02
4.768504950000e-02 1.896239520000e+00 2.811820990000e-02
4.792837050000e-02 1.897951360000e+00 2.829806690000e-02
4.809058460000e-02 1.899021390000e+00 2.841558870000e-02
4.841501270000e-02 1.900733230000e+00 2.858635780000e-02
4.849611970000e-02 1.901589160000e+00 2.870258130000e-02
4.882053290000e-02 1.903087140000e+00 2.870258130000e-02
4.898274690000e-02 1.904157160000e+00 2.914145030000e-02
4.922606800000e-02 1.905655150000e+00 2.921260520000e-02
4.930717500000e-02 1.906939030000e+00 2.928376010000e-02
4.946938900000e-02 1.908650880000e+00 2.945841290000e-02
4.971271010000e-02 1.909506800000e+00 2.954250950000e-02
4.987492410000e-02 1.910790920000e+00 2.963954020000e-02
5.011824520000e-02 1.912288900000e+00 2.980125880000e-02
5.028045920000e-02 1.913358690000e+00 2.996296990000e-02
5.052376540000e-02 1.914642810000e+00 3.013763020000e-02
5.076708640000e-02 1.915926690000e+00 3.026053310000e-02
5.092930050000e-02 1.917210580000e+00 3.042871880000e-02
5.109151450000e-02 1.918280600000e+00 3.053868930000e-02
5.133483560000e-02 1.919778590000e+00 3.070687500000e-02
5.149704960000e-02 1.921062470000e+00 3.081037290000e-02
5.174037070000e-02 1.922346350000e+00 3.101089970000e-02
5.190258470000e-02 1.923416380000e+00 3.113380260000e-02
5.222699790000e-02 1.924914360000e+00 3.131492810000e-02
5.230810490000e-02 1.925556180000e+00 3.145077450000e-02
5.255142600000e-02 1.927268270000e+00 3.158014640000e-02
5.279474710000e-02 1.928124190000e+00 3.172892330000e-02
5.287585410000e-02 1.929836030000e+00 3.190358360000e-02
5.311917510000e-02 1.930906060000e+00 3.202001750000e-02
5.336249620000e-02 1.932404040000e+00 3.218820320000e-02
5.352471020000e-02 1.933259960000e+00 3.233051670000e-02
5.368692430000e-02 1.934115890000e+00 3.245342150000e-02
5.393024530000e-02 1.935400010000e+00 3.261513260000e-02
5.409244450000e-02 1.936469790000e+00 3.277685120000e-02
5.441687260000e-02 1.937967780000e+00 3.296444570000e-02
5.449797960000e-02 1.939037800000e+00 3.308087960000e-02
5.474130060000e-02 1.940535780000e+00 3.322966020000e-02
5.490351470000e-02 1.941605570000e+00 3.335256500000e-02
5.514683570000e-02 1.943103550000e+00 3.353368860000e-02
5.530904980000e-02 1.943745610000e+00 3.365659340000e-02
5.555237080000e-02 1.945457460000e+00 3.383124620000e-02
5.571458490000e-02 1.946313380000e+00 3.395415840000e-02
5.595789100000e-02 1.947811370000e+00 3.413527830000e-02
5.612010510000e-02 1.949095250000e+00 3.425817940000e-02
5.636342610000e-02 1.950379370000e+00 3.442636500000e-02
5.652564020000e-02 1.951235290000e+00 3.453633560000e-02
5.676896130000e-02 1.952733280000e+00 3.471098840000e-02
5.693117530000e-02 1.953589200000e+00 3.483389320000e-02
5.717449640000e-02 1.955087180000e+00 3.500207890000e-02
5.733671040000e-02 1.956371070000e+00 3.511204940000e-02
5.749892440000e-02 1.957441090000e+00 3.521554540000e-02
5.774223060000e-02 1.958939080000e+00 3.538373110000e-02
5.790444460000e-02 1.960008860000e+00 3.550664340000e-02
5.814776570000e-02 1.961292980000e+00 3.568776320000e-02
5.830997970000e-02 1.962576870000e+00 3.581066800000e-02
5.855330080000e-02 1.963646890000e+00 3.598532450000e-02
5.879662190000e-02 1.964716670000e+00 3.610175480000e-02
5.895883590000e-02 1.966214660000e+00 3.628288210000e-02
5.903994290000e-02 1.966856720000e+00 3.640578690000e-02
5.936435610000e-02 1.968568560000e+00 3.654809670000e-02
5.952657010000e-02 1.969638590000e+00 3.669041020000e-02
5.976989120000e-02 1.970708610000e+00 3.685859590000e-02
5.993210520000e-02 1.971564530000e+00 3.696856650000e-02
6.017542630000e-02 1.973276380000e+00 3.713675220000e-02
6.033764030000e-02 1.974132300000e+00 3.725965320000e-02
6.058096140000e-02 1.975630280000e+00 3.744077310000e-02
6.066206840000e-02 1.976700310000e+00 3.757015240000e-02
6.098649650000e-02 1.977984190000e+00 3.774480520000e-02
6.106760350000e-02 1.978840110000e+00 3.784183410000e-02
6.131090970000e-02 1.979910140000e+00 3.799708560000e-02
6.155423070000e-02 1.981194020000e+00 3.813292460000e-02
6.171644480000e-02 1.982050180000e+00 3.828170900000e-02
6.204087290000e-02 1.983547930000e+00 3.844342010000e-02
6.212197990000e-02 1.984404090000e+00 3.857279940000e-02
6.236530100000e-02 1.985687970000e+00 3.874745220000e-02
6.252751500000e-02 1.986757990000e+00 3.888329490000e-02
6.277083610000e-02 1.988255740000e+00 3.907735650000e-02
6.293305010000e-02 1.988897800000e+00 3.919379410000e-02
6.317635630000e-02 1.990395780000e+00 3.936197980000e-02
6.325746330000e-02 1.991465810000e+00 3.947841750000e-02
6.358189140000e-02 1.992749690000e+00 3.963366150000e-02
6.366299840000e-02 1.993819710000e+00 3.976303710000e-02
6.398742650000e-02 1.995103600000e+00 3.995709870000e-02
6.406853350000e-02 1.996173620000e+00 4.006706180000e-02
6.439296160000e-02 1.997457500000e+00 4.026759420000e-02
6.455517560000e-02 1.998313430000e+00 4.035815970000e-02
6.479848180000e-02 2.000025270000e+00 4.051340370000e-02
6.496069580000e-02 2.000667330000e+00 4.062984140000e-02
6.512290980000e-02 2.001523260000e+00 4.074627910000e-02
6.536623090000e-02 2.003021240000e+00 4.092739890000e-02
6.544733790000e-02 2.004305120000e+00 4.101149370000e-02
6.569065900000e-02 2.005803110000e+00 4.116673770000e-02
6.593398000000e-02 2.006659030000e+00 4.128317530000e-02
6.617730110000e-02 2.008157010000e+00 4.145136100000e-02
6.633951510000e-02 2.009012940000e+00 4.155486450000e-02
6.658282130000e-02 2.010297060000e+00 4.175539310000e-02
6.674503540000e-02 2.011366840000e+00 4.185242210000e-02
6.690724940000e-02 2.012650970000e+00 4.202707480000e-02
6.723167750000e-02 2.013506890000e+00 4.211763670000e-02
6.731278450000e-02 2.014790770000e+00 4.230523110000e-02
6.755610560000e-02 2.015432830000e+00 4.243460300000e-02
6.779942660000e-02 2.017358780000e+00 4.259632160000e-02
6.796164070000e-02 2.018000600000e+00 4.271922630000e-02
6.820496170000e-02 2.019284730000e+00 4.288741200000e-02
6.844826790000e-02 2.020140650000e+00 4.302325470000e-02
6.861048190000e-02 2.021424530000e+00 4.319144040000e-02
6.877269600000e-02 2.022066590000e+00 4.329494390000e-02
6.893491000000e-02 2.023350480000e+00 4.340490700000e-02
6.917823110000e-02 2.024420500000e+00 4.356662560000e-02
6.925933810000e-02 2.025276420000e+00 4.369599740000e-02
6.958376620000e-02 2.026560310000e+00 4.387065770000e-02
6.974598020000e-02 2.027416230000e+00 4.398062080000e-02
6.998930130000e-02 2.028914210000e+00 4.416174440000e-02
7.007040830000e-02 2.029770140000e+00 4.425877710000e-02
7.039482150000e-02 2.031268120000e+00 4.443342980000e-02
7.055703550000e-02 2.031910180000e+00 4.454986750000e-02
7.080035660000e-02 2.033408160000e+00 4.473099110000e-02
7.088146360000e-02 2.034477950000e+00 4.482802000000e-02
7.120589170000e-02 2.035762070000e+00 4.501561450000e-02
7.136810570000e-02 2.036617990000e+00 4.514498640000e-02
7.161142680000e-02 2.037901880000e+00 4.530023040000e-02
7.185474780000e-02 2.038971900000e+00 4.541020100000e-02
7.201694700000e-02 2.040041920000e+00 4.558485370000e-02
7.226026800000e-02 2.041111710000e+00 4.566894840000e-02
7.242248210000e-02 2.042395830000e+00 4.586301000000e-02
7.258469610000e-02 2.043037650000e+00 4.596650600000e-02
7.274691020000e-02 2.043893580000e+00 4.607000950000e-02
7.290912420000e-02 2.045177700000e+00 4.625112940000e-02
7.315244530000e-02 2.046247480000e+00 4.634815830000e-02
7.339576630000e-02 2.047745470000e+00 4.651634400000e-02
7.355798040000e-02 2.049457550000e+00 4.653575270000e-02
7.380128650000e-02 2.050527330000e+00 4.671040550000e-02
7.396350060000e-02 2.051383260000e+00 4.681390900000e-02
7.412571460000e-02 2.052667380000e+00 4.696268590000e-02
7.436903570000e-02 2.053523300000e+00 4.707912360000e-02
7.461235670000e-02 2.054807190000e+00 4.726024340000e-02
7.485567780000e-02 2.055449250000e+00 4.737021400000e-02
7.493678480000e-02 2.056947230000e+00 4.753193260000e-02
7.518010590000e-02 2.058017020000e+00 4.764189570000e-02
7.550451900000e-02 2.059087040000e+00 4.781008140000e-02
7.550451900000e-02 2.059942960000e+00 4.792651910000e-02
7.582894710000e-02 2.061012980000e+00 4.808823760000e-02
7.591005410000e-02 2.061655040000e+00 4.819820820000e-02
7.615337520000e-02 2.062938930000e+00 4.837286100000e-02
7.639669630000e-02 2.064008950000e+00 4.846342280000e-02
7.655891030000e-02 2.064864870000e+00 4.859279470000e-02
7.680223140000e-02 2.065934900000e+00 4.874157160000e-02
7.696444540000e-02 2.067004680000e+00 4.883860800000e-02
7.728885860000e-02 2.068288800000e+00 4.898091410000e-02
7.736996560000e-02 2.068930630000e+00 4.909088460000e-02
7.753217970000e-02 2.070642710000e+00 4.925907030000e-02
7.777550070000e-02 2.071284530000e+00 4.934963210000e-02
7.801882180000e-02 2.072782520000e+00 4.951781780000e-02
7.818103580000e-02 2.073424580000e+00 4.961485040000e-02
7.842435690000e-02 2.074922560000e+00 4.977656900000e-02
7.850546390000e-02 2.075564380000e+00 4.987359790000e-02
7.882989200000e-02 2.076848270000e+00 5.006118860000e-02
7.899210600000e-02 2.077490330000e+00 5.016468840000e-02
7.923541220000e-02 2.078988310000e+00 5.031346530000e-02
7.939762620000e-02 2.079844240000e+00 5.038462210000e-02
