#  J [A] 	 V 	 L [w] 
7.995963100000e-05 -2.067387100000e-04 -1.614050450000e-09
7.995963100000e-05 7.212162020000e-06 -1.420405240000e-09
7.995963100000e-05 -2.067387100000e-04 -1.549532950000e-09
1.610219480000e-04 -2.067387100000e-04 -1.484969040000e-09
1.610219480000e-04 7.212162020000e-06 -1.484969040000e-09
1.610219480000e-04 7.212162020000e-06 -1.549532950000e-09
7.995963100000e-05 7.212162020000e-06 -1.420405240000e-09
1.610219480000e-04 7.212162020000e-06 -1.549532950000e-09
1.610219480000e-04 5.723228450000e-01 -1.291277420000e-09
3.231391310000e-04 1.431759120000e+00 2.809497060000e-07
2.420768140000e-04 1.437107920000e+00 3.200063650000e-07
4.041939970000e-04 1.461498140000e+00 5.720995660000e-07
4.041939970000e-04 1.480539680000e+00 8.449152350000e-07
5.663111810000e-04 1.495302200000e+00 1.116375420000e-06
5.663111810000e-04 1.508781080000e+00 1.422954140000e-06
7.284283640000e-04 1.520976190000e+00 1.735472100000e-06
7.284283640000e-04 1.531887650000e+00 2.067356950000e-06
8.905455470000e-04 1.541515350000e+00 2.385039580000e-06
8.905455470000e-04 1.551784990000e+00 2.777220060000e-06
9.716078640000e-04 1.561412690000e+00 2.777220060000e-06
1.052662730000e-03 1.570612550000e+00 3.643445780000e-06
1.214787360000e-03 1.578528760000e+00 4.103991610000e-06
1.295842230000e-03 1.587300660000e+00 4.654178160000e-06
1.376904550000e-03 1.595002890000e+00 5.259578760000e-06
1.457959410000e-03 1.602705000000e+00 5.990995310000e-06
1.457959410000e-03 1.609765410000e+00 6.841934010000e-06
1.539021730000e-03 1.617039680000e+00 8.061828340000e-06
1.701138910000e-03 1.623886110000e+00 9.890371980000e-06
1.782193780000e-03 1.630518560000e+00 1.390082340000e-05
1.782193780000e-03 1.635867240000e+00 1.390082340000e-05
1.944310960000e-03 1.641429900000e+00 5.876983780000e-05
2.025373280000e-03 1.646778700000e+00 8.675516440000e-05
2.025373280000e-03 1.652127390000e+00 1.142923720000e-04
2.106428150000e-03 1.657262210000e+00 1.397512970000e-04
2.187490460000e-03 1.662611010000e+00 1.688407210000e-04
2.268545330000e-03 1.668173670000e+00 1.980535600000e-04
2.430662510000e-03 1.673308490000e+00 2.271559640000e-04
2.511724830000e-03 1.678443310000e+00 2.539462880000e-04
2.511724830000e-03 1.683364150000e+00 2.816393680000e-04
2.673842010000e-03 1.688498850000e+00 2.816393680000e-04
2.754896880000e-03 1.693633680000e+00 3.373743380000e-04
2.835959200000e-03 1.698126670000e+00 3.625049430000e-04
2.917014060000e-03 1.703475360000e+00 3.906302740000e-04
2.998076380000e-03 1.708182330000e+00 4.179744280000e-04
3.079131250000e-03 1.713103180000e+00 4.465555540000e-04
3.160193560000e-03 1.718024020000e+00 4.722720190000e-04
3.160193560000e-03 1.722730880000e+00 4.982489040000e-04
3.322310750000e-03 1.727437730000e+00 5.237701120000e-04
3.322310750000e-03 1.731930730000e+00 5.507236930000e-04
3.322310750000e-03 1.736637590000e+00 5.754635790000e-04
3.484427930000e-03 1.741558550000e+00 6.035238040000e-04
3.565490250000e-03 1.746051310000e+00 6.309981690000e-04
3.646545110000e-03 1.750544310000e+00 6.590583940000e-04
3.808662300000e-03 1.755251170000e+00 6.856213440000e-04
3.889724610000e-03 1.759958030000e+00 7.135513590000e-04
3.889724610000e-03 1.764237170000e+00 7.403095370000e-04
4.051841800000e-03 1.768944030000e+00 7.671979840000e-04
4.051841800000e-03 1.772795200000e+00 7.933051090000e-04
4.213958980000e-03 1.777715920000e+00 8.207794740000e-04
4.295013840000e-03 1.782208920000e+00 8.470168100000e-04
4.457131030000e-03 1.786701920000e+00 8.736447200000e-04
4.457131030000e-03 1.790766950000e+00 8.989706400000e-04
4.457131030000e-03 1.794831990000e+00 9.251427840000e-04
4.538193350000e-03 1.799324990000e+00 9.478645520000e-04
4.619248210000e-03 1.803390030000e+00 9.712371980000e-04
4.781365390000e-03 1.807455060000e+00 9.925265330000e-04
4.862427710000e-03 1.811947820000e+00 1.018112760000e-03
4.943482580000e-03 1.816440820000e+00 1.045391780000e-03
5.024544890000e-03 1.820078130000e+00 1.068894750000e-03
5.024544890000e-03 1.824570890000e+00 1.097736300000e-03
5.105599760000e-03 1.828635930000e+00 1.129312440000e-03
5.267724390000e-03 1.832700970000e+00 1.159455980000e-03
5.348779260000e-03 1.837193970000e+00 1.189404280000e-03
5.429841580000e-03 1.840831040000e+00 1.214925430000e-03
5.429841580000e-03 1.845110180000e+00 1.241097810000e-03
5.510896440000e-03 1.849175210000e+00 1.266228270000e-03
5.591958760000e-03 1.853240250000e+00 1.292856180000e-03
5.673013630000e-03 1.857305290000e+00 1.318117140000e-03
5.835130810000e-03 1.861156460000e+00 1.344810120000e-03
5.835130810000e-03 1.865007400000e+00 1.371698570000e-03
5.997247990000e-03 1.868858580000e+00 1.398782130000e-03
6.078310310000e-03 1.872281790000e+00 1.422285220000e-03
6.078310310000e-03 1.876346830000e+00 1.449499050000e-03
6.240427490000e-03 1.880198000000e+00 1.475606110000e-03
6.321482360000e-03 1.884476900000e+00 1.503145670000e-03
6.402544680000e-03 1.888113980000e+00 1.527559940000e-03
6.402544680000e-03 1.891751290000e+00 1.553797400000e-03
6.483599540000e-03 1.895816330000e+00 1.579904460000e-03
6.645716730000e-03 1.899667260000e+00 1.606076720000e-03
6.726779040000e-03 1.903304580000e+00 1.631272370000e-03
6.807833910000e-03 1.906941650000e+00 1.656272680000e-03
6.888896230000e-03 1.910792830000e+00 1.678799160000e-03
6.969951090000e-03 1.914643760000e+00 1.704320200000e-03
6.969951090000e-03 1.918066980000e+00 1.726325720000e-03
7.132075730000e-03 1.922132020000e+00 1.754255850000e-03
7.213130590000e-03 1.925769090000e+00 1.783618240000e-03
7.213130590000e-03 1.929406400000e+00 1.812394590000e-03
7.375247780000e-03 1.932829620000e+00 1.836483480000e-03
7.375247780000e-03 1.936680560000e+00 1.863437010000e-03
7.456310090000e-03 1.940317870000e+00 1.888046740000e-03
7.537364960000e-03 1.944168810000e+00 1.911549710000e-03
7.699482140000e-03 1.947592020000e+00 1.933750460000e-03
7.699482140000e-03 1.951015230000e+00 1.960834020000e-03
7.861599330000e-03 1.954866410000e+00 1.986420480000e-03
7.942661640000e-03 1.958503480000e+00 2.013243730000e-03
8.023716510000e-03 1.961926700000e+00 2.040587830000e-03
8.023716510000e-03 1.965563770000e+00 2.067541470000e-03
8.104778830000e-03 1.968986990000e+00 2.093257850000e-03
8.185833690000e-03 1.972624300000e+00 2.118453620000e-03
8.266896010000e-03 1.975833420000e+00 2.140914790000e-03
8.429013190000e-03 1.979470490000e+00 2.166045360000e-03
8.429013190000e-03 1.982679840000e+00 2.189873720000e-03
8.510068060000e-03 1.986316920000e+00 2.217869040000e-03
8.672185240000e-03 1.989526270000e+00 2.245668790000e-03
8.672185240000e-03 1.993377450000e+00 2.273663880000e-03
8.753247560000e-03 1.996586560000e+00 2.298729490000e-03
8.915364740000e-03 2.000223640000e+00 2.324706410000e-03
8.915364740000e-03 2.004074810000e+00 2.348925450000e-03
8.996419610000e-03 2.007284160000e+00 2.372232960000e-03
9.077481930000e-03 2.010279420000e+00 2.391959770000e-03
9.158544240000e-03 2.013916490000e+00 2.412988800000e-03
9.239599110000e-03 2.017339710000e+00 2.433106300000e-03
9.401716290000e-03 2.021190880000e+00 2.455762820000e-03
9.482778610000e-03 2.024400000000e+00 2.478549720000e-03
9.563833480000e-03 2.027823210000e+00 2.504396250000e-03
9.644895790000e-03 2.031032560000e+00 2.532261420000e-03
9.725950660000e-03 2.034027810000e+00 2.561168050000e-03
9.807012980000e-03 2.037236930000e+00 2.586689080000e-03
9.644895790000e-03 2.038092850000e+00 2.587014580000e-03
9.969130160000e-03 2.040232420000e+00 2.609150480000e-03
9.969130160000e-03 2.043227670000e+00 2.631676620000e-03
1.005018500000e-02 2.048148390000e+00 2.656221160000e-03
1.013124730000e-02 2.050074100000e+00 2.680375240000e-03
1.021230220000e-02 2.053925040000e+00 2.707914910000e-03
1.029336450000e-02 2.056920530000e+00 2.733761210000e-03
1.037441940000e-02 2.060343500000e+00 2.758631720000e-03
1.045548170000e-02 2.063766720000e+00 2.782850760000e-03
1.053653660000e-02 2.066976070000e+00 2.805572240000e-03
1.061759890000e-02 2.069971320000e+00 2.821458040000e-03
1.061759890000e-02 2.073394540000e+00 2.843202790000e-03
1.069865380000e-02 2.076817750000e+00 2.864297250000e-03
1.086077090000e-02 2.079813000000e+00 2.864297250000e-03
1.094183330000e-02 2.082808260000e+00 2.937463810000e-03
1.102288810000e-02 2.086231470000e+00 2.945904150000e-03
1.102288810000e-02 2.089226960000e+00 2.966682660000e-03
1.118501280000e-02 2.092222210000e+00 2.988109600000e-03
1.118501280000e-02 2.095003600000e+00 3.008237810000e-03
1.126606760000e-02 2.098640680000e+00 3.033560700000e-03
1.142818480000e-02 2.101422070000e+00 3.056286600000e-03
1.150924710000e-02 2.104845290000e+00 3.080959900000e-03
1.159030200000e-02 2.108054400000e+00 3.103036430000e-03
1.167136430000e-02 2.111049650000e+00 3.124463370000e-03
1.175241920000e-02 2.114044900000e+00 3.145890540000e-03
1.175241920000e-02 2.117040400000e+00 3.166668820000e-03
1.183348150000e-02 2.119821550000e+00 3.188745350000e-03
1.191453640000e-02 2.123030900000e+00 3.216665240000e-03
1.207665350000e-02 2.126240250000e+00 3.241338770000e-03
1.207665350000e-02 2.129449370000e+00 3.265363400000e-03
1.223877070000e-02 2.132658720000e+00 3.281595650000e-03
1.231983300000e-02 2.135440110000e+00 3.303022820000e-03
1.240088790000e-02 2.138649230000e+00 3.327696120000e-03
1.240088790000e-02 2.141644480000e+00 3.347825030000e-03
1.256300510000e-02 2.144639730000e+00 3.369252200000e-03
1.264406740000e-02 2.147635220000e+00 3.391978100000e-03
1.264406740000e-02 2.150630470000e+00 3.416002030000e-03
1.280618460000e-02 2.153839590000e+00 3.438078570000e-03
1.288723950000e-02 2.156620980000e+00 3.459505500000e-03
1.296830180000e-02 2.160044190000e+00 3.482880770000e-03
1.296830180000e-02 2.162397620000e+00 3.503658340000e-03
1.313041900000e-02 2.165820840000e+00 3.523137890000e-03
1.321148130000e-02 2.168388370000e+00 3.546512450000e-03
1.329253610000e-02 2.171383620000e+00 3.565342400000e-03
1.329253610000e-02 2.174378870000e+00 3.581575580000e-03
1.337359850000e-02 2.177374120000e+00 3.608845870000e-03
1.353571560000e-02 2.180369380000e+00 3.636117090000e-03
1.353571560000e-02 2.183364630000e+00 3.660790620000e-03
1.361677050000e-02 2.185718300000e+00 3.686113520000e-03
1.369783280000e-02 2.189141270000e+00 3.702995130000e-03
1.377888770000e-02 2.191708800000e+00 3.721825310000e-03
1.394100490000e-02 2.194917920000e+00 3.743901620000e-03
1.394100490000e-02 2.197699310000e+00 3.763381160000e-03
1.402206720000e-02 2.200480700000e+00 3.788704050000e-03
1.402206720000e-02 2.203475950000e+00 3.810130990000e-03
1.418418440000e-02 2.206685300000e+00 3.832207530000e-03
1.434630160000e-02 2.209466700000e+00 3.856881060000e-03
1.442735640000e-02 2.212461950000e+00 3.877658630000e-03
1.442735640000e-02 2.215029240000e+00 3.895190540000e-03
1.450841870000e-02 2.217810630000e+00 3.918564880000e-03
1.458947360000e-02 2.220805880000e+00 3.941940610000e-03
1.475159080000e-02 2.223587270000e+00 3.968561530000e-03
1.483265310000e-02 2.226154800000e+00 3.992586400000e-03
1.491370800000e-02 2.229363920000e+00 4.012714140000e-03
1.491370800000e-02 2.232145310000e+00 4.032843280000e-03
1.499477030000e-02 2.234926700000e+00 4.049075300000e-03
1.515688750000e-02 2.237493990000e+00 4.068554840000e-03
1.523794980000e-02 2.240489240000e+00 4.087384790000e-03
1.523794980000e-02 2.243484740000e+00 4.104916010000e-03
1.540006700000e-02 2.246052030000e+00 4.120499830000e-03
1.548112180000e-02 2.248833420000e+00 4.141926770000e-03
1.556218420000e-02 2.252042530000e+00 4.164003300000e-03
1.564323900000e-02 2.254610060000e+00 4.188676360000e-03
1.572430130000e-02 2.257177350000e+00 4.210103770000e-03
1.580535620000e-02 2.260172610000e+00 4.230232440000e-03
1.588641850000e-02 2.262954000000e+00 4.252308050000e-03
1.588641850000e-02 2.265521530000e+00 4.273735920000e-03
1.604853570000e-02 2.268302920000e+00 4.294513720000e-03
1.604853570000e-02 2.270870210000e+00 4.314641470000e-03
1.621065290000e-02 2.273651600000e+00 4.330225290000e-03
1.621065290000e-02 2.276432990000e+00 4.345159510000e-03
1.629170780000e-02 2.279214140000e+00 4.363339860000e-03
1.637277010000e-02 2.281781670000e+00 4.385416400000e-03
1.653488730000e-02 2.284563060000e+00 4.408791660000e-03
1.653488730000e-02 2.287130360000e+00 4.423076290000e-03
1.661594210000e-02 2.289911750000e+00 4.443204500000e-03
1.669700440000e-02 2.292479040000e+00 4.463333640000e-03
1.677805930000e-02 2.295474530000e+00 4.480215260000e-03
1.685912160000e-02 2.298041820000e+00 4.495149480000e-03
1.694017650000e-02 2.300823210000e+00 4.515926820000e-03
1.710230110000e-02 2.303604600000e+00 4.530861040000e-03
1.718335600000e-02 2.305958030000e+00 4.546444400000e-03
1.718335600000e-02 2.308739420000e+00 4.562027290000e-03
1.734547320000e-02 2.311092850000e+00 4.578260240000e-03
1.734547320000e-02 2.314088110000e+00 4.598388450000e-03
1.750759040000e-02 2.316441540000e+00 4.612024410000e-03
1.750759040000e-02 2.319222930000e+00 4.631503020000e-03
1.758865270000e-02 2.322004320000e+00 4.649035170000e-03
1.766970750000e-02 2.324143650000e+00 4.667215510000e-03
1.775076990000e-02 2.326925040000e+00 4.683448000000e-03
1.783182470000e-02 2.329706430000e+00 4.702927080000e-03
1.799394190000e-02 2.332059860000e+00 4.718509970000e-03
1.799394190000e-02 2.334627150000e+00 4.736042120000e-03
1.815605910000e-02 2.337194680000e+00 4.756170320000e-03
1.815605910000e-02 2.339761970000e+00 4.774350670000e-03
1.831817630000e-02 2.342757230000e+00 4.792531020000e-03
1.839923860000e-02 2.344682930000e+00 4.806166510000e-03
1.848029350000e-02 2.347678180000e+00 4.823049060000e-03
1.856135580000e-02 2.350245480000e+00 4.842527680000e-03
1.864241060000e-02 2.353026870000e+00 4.860059360000e-03
1.872347300000e-02 2.355808260000e+00 4.877590570000e-03
1.880452780000e-02 2.357947830000e+00 4.897069190000e-03
1.888559010000e-02 2.360515120000e+00 4.913951740000e-03
1.888559010000e-02 2.363296510000e+00 4.935378670000e-03
1.896665250000e-02 2.366077900000e+00 4.949663300000e-03
1.904770730000e-02 2.368645190000e+00 4.969142840000e-03
1.912876960000e-02 2.371426580000e+00 4.987972320000e-03
1.912876960000e-02 2.370998620000e+00 4.989271050000e-03
1.920982450000e-02 2.373566150000e+00 5.008750600000e-03
1.929088680000e-02 2.376133440000e+00 5.022385620000e-03
1.945300400000e-02 2.378700970000e+00 5.043812560000e-03
1.953405890000e-02 2.381054400000e+00 5.073681010000e-03
