#  J [A] 	 V 	 L [w] 
7.995963100000e-05 7.212162020000e-06 -1.665372400000e-09
1.610219480000e-04 2.211630340000e-04 -1.450480620000e-09
7.995963100000e-05 2.211630340000e-04 -1.504203540000e-09
7.995963100000e-05 2.211630340000e-04 -1.557926450000e-09
1.610219480000e-04 2.211630340000e-04 -1.719056670000e-09
1.610219480000e-04 7.212162020000e-06 -1.557926450000e-09
1.610219480000e-04 2.211630340000e-04 -1.611649370000e-09
1.610219480000e-04 2.211630340000e-04 -1.450480620000e-09
1.610219480000e-04 3.592288790000e-01 -1.557926450000e-09
3.231391310000e-04 1.147847770000e+00 6.240279050000e-07
3.231391310000e-04 1.161112670000e+00 8.006487630000e-07
4.041939970000e-04 1.193205120000e+00 1.557303450000e-06
4.041939970000e-04 1.216097830000e+00 2.315032590000e-06
4.852563140000e-04 1.232999800000e+00 2.315032590000e-06
5.663111810000e-04 1.249046090000e+00 3.784592080000e-06
6.473734970000e-04 1.262097000000e+00 4.480757980000e-06
8.094906810000e-04 1.273864270000e+00 5.171519210000e-06
8.905455470000e-04 1.283705950000e+00 5.781204890000e-06
9.716078640000e-04 1.294403430000e+00 6.487640800000e-06
8.905455470000e-04 1.304031130000e+00 7.151915720000e-06
1.133725050000e-03 1.313017010000e+00 7.811869180000e-06
1.133725050000e-03 1.321361060000e+00 8.439931660000e-06
1.214787360000e-03 1.330132960000e+00 9.099883750000e-06
1.295842230000e-03 1.337193370000e+00 9.726865760000e-06
1.376904550000e-03 1.344895600000e+00 1.036087360000e-05
1.539021730000e-03 1.351741910000e+00 1.095380320000e-05
1.620076600000e-03 1.358802320000e+00 1.160672950000e-05
1.701138910000e-03 1.365434770000e+00 1.223749500000e-05
1.701138910000e-03 1.372281070000e+00 1.288123170000e-05
1.863256100000e-03 1.378057720000e+00 1.351577980000e-05
1.863256100000e-03 1.384262320000e+00 1.418546250000e-05
1.944310960000e-03 1.390038970000e+00 1.488270940000e-05
2.025373280000e-03 1.395601630000e+00 1.561292630000e-05
2.106428150000e-03 1.400950430000e+00 1.633503600000e-05
2.187490460000e-03 1.406727080000e+00 1.722740490000e-05
2.268545330000e-03 1.412503720000e+00 1.824030550000e-05
2.430662510000e-03 1.417638420000e+00 1.948615860000e-05
2.430662510000e-03 1.422987220000e+00 2.129143470000e-05
2.511724830000e-03 1.428122040000e+00 2.129143470000e-05
2.673842010000e-03 1.432187080000e+00 4.877207900000e-05
2.754896880000e-03 1.436466100000e+00 7.546297270000e-05
2.835959200000e-03 1.440531130000e+00 9.933833640000e-05
2.917014060000e-03 1.444810150000e+00 1.244998710000e-04
2.998076380000e-03 1.448875190000e+00 1.489264540000e-04
2.998076380000e-03 1.452726240000e+00 1.716345290000e-04
3.079131250000e-03 1.457005260000e+00 1.927753910000e-04
3.241255880000e-03 1.460856320000e+00 2.150024810000e-04
3.241255880000e-03 1.464493510000e+00 2.382239620000e-04
3.322310750000e-03 1.468558550000e+00 2.382239620000e-04
3.484427930000e-03 1.472409610000e+00 2.869556770000e-04
3.565490250000e-03 1.476474640000e+00 3.124712380000e-04
3.646545110000e-03 1.480325820000e+00 3.395578530000e-04
3.727607430000e-03 1.484176870000e+00 3.654526950000e-04
3.727607430000e-03 1.487813950000e+00 3.895056140000e-04
3.808662300000e-03 1.492092970000e+00 4.161046530000e-04
3.889724610000e-03 1.495944140000e+00 4.412410490000e-04
3.970779480000e-03 1.499795200000e+00 4.661607670000e-04
4.132896660000e-03 1.503004430000e+00 4.896177560000e-04
4.213958980000e-03 1.506855490000e+00 5.160001460000e-04
4.295013840000e-03 1.510492680000e+00 5.413531910000e-04
4.295013840000e-03 1.514129880000e+00 5.669771930000e-04
4.376076160000e-03 1.517766950000e+00 5.902716660000e-04
4.538193350000e-03 1.521618130000e+00 6.151914130000e-04
4.619248210000e-03 1.525041220000e+00 6.397860120000e-04
4.619248210000e-03 1.528464440000e+00 6.628638370000e-04
4.781365390000e-03 1.531887650000e+00 6.846956090000e-04
4.862427710000e-03 1.535524850000e+00 7.099944630000e-04
4.943482580000e-03 1.539161920000e+00 7.330181540000e-04
4.943482580000e-03 1.542585130000e+00 7.563668190000e-04
5.024544890000e-03 1.546008350000e+00 7.801488970000e-04
5.186662080000e-03 1.549431560000e+00 8.042017580000e-04
5.186662080000e-03 1.552854780000e+00 8.272254490000e-04
5.348779260000e-03 1.556277990000e+00 8.516575910000e-04
5.348779260000e-03 1.559273240000e+00 8.737602620000e-04
5.510896440000e-03 1.562696460000e+00 8.966755700000e-04
5.591958760000e-03 1.566333530000e+00 9.189949490000e-04
5.673013630000e-03 1.569114920000e+00 9.417478580000e-04
5.754075940000e-03 1.572538140000e+00 9.628753760000e-04
5.754075940000e-03 1.576175210000e+00 9.862240400000e-04
5.916193130000e-03 1.579170580000e+00 1.008055870000e-03
5.997247990000e-03 1.582593800000e+00 1.030429380000e-03
5.997247990000e-03 1.585589050000e+00 1.051286120000e-03
6.078310310000e-03 1.589226250000e+00 1.074743110000e-03
6.240427490000e-03 1.592435480000e+00 1.097875180000e-03
6.321482360000e-03 1.595430730000e+00 1.122144630000e-03
6.402544680000e-03 1.598212120000e+00 1.143434780000e-03
6.402544680000e-03 1.602063180000e+00 1.167379320000e-03
6.483599540000e-03 1.604844570000e+00 1.190348760000e-03
6.645716730000e-03 1.607625840000e+00 1.212126580000e-03
6.645716730000e-03 1.611477020000e+00 1.233091460000e-03
6.726779040000e-03 1.615542050000e+00 1.256440300000e-03
6.888896230000e-03 1.617895480000e+00 1.277026020000e-03
6.807833910000e-03 1.621960520000e+00 1.298966240000e-03
6.969951090000e-03 1.624099970000e+00 1.319118660000e-03
7.051013410000e-03 1.627737160000e+00 1.339541980000e-03
7.132075730000e-03 1.630732420000e+00 1.360019440000e-03
7.375247780000e-03 1.634369610000e+00 1.380496890000e-03
7.213130590000e-03 1.637151000000e+00 1.398157440000e-03
7.375247780000e-03 1.639290450000e+00 1.419393350000e-03
7.456310090000e-03 1.642499690000e+00 1.438462290000e-03
7.618427280000e-03 1.645708920000e+00 1.457802140000e-03
7.618427280000e-03 1.649346110000e+00 1.476166890000e-03
7.699482140000e-03 1.652555350000e+00 1.494639900000e-03
7.780544460000e-03 1.654908780000e+00 1.514142260000e-03
7.861599330000e-03 1.658331990000e+00 1.533157190000e-03
7.942661640000e-03 1.661113380000e+00 1.551088410000e-03
8.023716510000e-03 1.664108630000e+00 1.571078440000e-03
8.104778830000e-03 1.667531850000e+00 1.589605700000e-03
8.185833690000e-03 1.670313120000e+00 1.608674650000e-03
8.266896010000e-03 1.672880530000e+00 1.626551850000e-03
8.429013190000e-03 1.676089760000e+00 1.645404030000e-03
8.510068060000e-03 1.679085140000e+00 1.663931410000e-03
8.510068060000e-03 1.681866410000e+00 1.681808500000e-03
8.591130380000e-03 1.684861780000e+00 1.698656470000e-03
8.672185240000e-03 1.688071010000e+00 1.718267100000e-03
8.753247560000e-03 1.690638420000e+00 1.736902750000e-03
8.834302430000e-03 1.694061640000e+00 1.756784390000e-03
8.996419610000e-03 1.696842910000e+00 1.774228060000e-03
8.996419610000e-03 1.699838280000e+00 1.793622160000e-03
9.077481930000e-03 1.702833530000e+00 1.811661870000e-03
9.158544240000e-03 1.705400940000e+00 1.829484710000e-03
9.320661430000e-03 1.708396200000e+00 1.847470410000e-03
9.320661430000e-03 1.711177590000e+00 1.865564260000e-03
9.482778610000e-03 1.714172840000e+00 1.883658110000e-03
9.482778610000e-03 1.716954230000e+00 1.903052090000e-03
9.644895790000e-03 1.719735620000e+00 1.920008330000e-03
9.644895790000e-03 1.722944740000e+00 1.939185660000e-03
9.807012980000e-03 1.725298170000e+00 1.957225380000e-03
9.725950660000e-03 1.725512270000e+00 1.957117110000e-03
9.888067840000e-03 1.728293660000e+00 1.974885820000e-03
9.969130160000e-03 1.731074810000e+00 1.991571160000e-03
1.005018500000e-02 1.734070300000e+00 2.009664900000e-03
1.005018500000e-02 1.737065550000e+00 2.028138140000e-03
1.013124730000e-02 1.739846940000e+00 2.046394630000e-03
1.029336450000e-02 1.742628100000e+00 2.064542380000e-03
1.029336450000e-02 1.745409490000e+00 2.083232160000e-03
1.045548170000e-02 1.747977020000e+00 2.102138710000e-03
1.045548170000e-02 1.750758170000e+00 2.120395190000e-03
1.061759890000e-02 1.753539560000e+00 2.138543180000e-03
1.069865380000e-02 1.756107090000e+00 2.157070440000e-03
1.069865380000e-02 1.759102340000e+00 2.175543690000e-03
1.077971610000e-02 1.762097600000e+00 2.193583180000e-03
1.086077090000e-02 1.764451030000e+00 2.210485280000e-03
1.094183330000e-02 1.767232420000e+00 2.228958530000e-03
1.102288810000e-02 1.770227670000e+00 2.245481360000e-03
1.110395040000e-02 1.772581100000e+00 2.263574860000e-03
1.118501280000e-02 1.775148630000e+00 2.278743540000e-03
1.126606760000e-02 1.777715920000e+00 2.296891760000e-03
1.142818480000e-02 1.780497310000e+00 2.314822750000e-03
1.142818480000e-02 1.783492570000e+00 2.330912510000e-03
1.159030200000e-02 1.786060090000e+00 2.346731020000e-03
1.159030200000e-02 1.788841250000e+00 2.362766300000e-03
1.175241920000e-02 1.791622640000e+00 2.378801580000e-03
1.175241920000e-02 1.794190170000e+00 2.378801580000e-03
1.191453640000e-02 1.796757460000e+00 2.438829980000e-03
1.191453640000e-02 1.799538850000e+00 2.448014910000e-03
1.199559870000e-02 1.802320240000e+00 2.462602920000e-03
1.207665350000e-02 1.804887530000e+00 2.478810960000e-03
1.223877070000e-02 1.807240960000e+00 2.494479300000e-03
1.223877070000e-02 1.810236220000e+00 2.509066840000e-03
1.240088790000e-02 1.813017610000e+00 2.526356140000e-03
1.240088790000e-02 1.815585140000e+00 2.540403280000e-03
1.256300510000e-02 1.818152430000e+00 2.553370080000e-03
1.256300510000e-02 1.820719960000e+00 2.569578120000e-03
1.272512230000e-02 1.823715210000e+00 2.585246460000e-03
1.272512230000e-02 1.826068640000e+00 2.598753660000e-03
1.280618460000e-02 1.828635930000e+00 2.612260400000e-03
1.288723950000e-02 1.831417320000e+00 2.625767840000e-03
1.304936410000e-02 1.833984850000e+00 2.640895550000e-03
1.304936410000e-02 1.836552140000e+00 2.651700980000e-03
1.313041900000e-02 1.839333530000e+00 2.664667790000e-03
1.321148130000e-02 1.841900830000e+00 2.679255330000e-03
1.337359850000e-02 1.844468360000e+00 2.692762760000e-03
1.345465330000e-02 1.847249750000e+00 2.705728870000e-03
1.345465330000e-02 1.849603180000e+00 2.720856810000e-03
1.353571560000e-02 1.852384330000e+00 2.737065540000e-03
1.361677050000e-02 1.854951860000e+00 2.750032350000e-03
1.377888770000e-02 1.857305290000e+00 2.764619890000e-03
1.385995000000e-02 1.860086680000e+00 2.779207430000e-03
1.385995000000e-02 1.862653970000e+00 2.791633830000e-03
1.394100490000e-02 1.865221500000e+00 2.805141270000e-03
1.410312210000e-02 1.868002650000e+00 2.815946470000e-03
1.410312210000e-02 1.870142220000e+00 2.826751910000e-03
1.418418440000e-02 1.873137470000e+00 2.836477010000e-03
1.434630160000e-02 1.875490900000e+00 2.850524850000e-03
1.442735640000e-02 1.878058430000e+00 2.860249250000e-03
1.442735640000e-02 1.880839820000e+00 2.872135490000e-03
1.458947360000e-02 1.883407120000e+00 2.882941390000e-03
1.467053590000e-02 1.885760550000e+00 2.893746830000e-03
1.475159080000e-02 1.888328080000e+00 2.905632830000e-03
1.483265310000e-02 1.890681510000e+00 2.915358170000e-03
1.483265310000e-02 1.893248800000e+00 2.927244180000e-03
1.491370800000e-02 1.895816330000e+00 2.938050310000e-03
1.499477030000e-02 1.898383620000e+00 2.947235010000e-03
1.515688750000e-02 1.900737050000e+00 2.959121250000e-03
1.515688750000e-02 1.903732300000e+00 2.973708560000e-03
1.531900470000e-02 1.905871870000e+00 2.987755700000e-03
1.531900470000e-02 1.908653260000e+00 2.996940400000e-03
1.548112180000e-02 1.910792830000e+00 3.007206130000e-03
1.548112180000e-02 1.913146260000e+00 3.019632540000e-03
1.556218420000e-02 1.915927410000e+00 3.027736670000e-03
1.564323900000e-02 1.918494940000e+00 3.039082280000e-03
1.572430130000e-02 1.921062230000e+00 3.048267220000e-03
1.588641850000e-02 1.923629760000e+00 3.059073120000e-03
1.596747340000e-02 1.926197050000e+00 3.069878560000e-03
1.596747340000e-02 1.928122760000e+00 3.079603660000e-03
1.612959060000e-02 1.931118010000e+00 3.090409100000e-03
1.612959060000e-02 1.933685300000e+00 3.103375900000e-03
1.621065290000e-02 1.935824870000e+00 3.112020440000e-03
1.637277010000e-02 1.938606260000e+00 3.122285940000e-03
1.637277010000e-02 1.940745590000e+00 3.129309280000e-03
1.653488730000e-02 1.943526980000e+00 3.140115180000e-03
1.653488730000e-02 1.946094510000e+00 3.149840280000e-03
1.661594210000e-02 1.948447940000e+00 3.156863620000e-03
1.677805930000e-02 1.951015230000e+00 3.164427820000e-03
1.685912160000e-02 1.953582760000e+00 3.173072120000e-03
1.685912160000e-02 1.955722090000e+00 3.182257060000e-03
1.694017650000e-02 1.958503480000e+00 3.189280860000e-03
1.702123880000e-02 1.960856910000e+00 3.195223860000e-03
1.710230110000e-02 1.963424440000e+00 3.202247200000e-03
1.718335600000e-02 1.965777870000e+00 3.210892200000e-03
1.726441830000e-02 1.968559270000e+00 3.218996110000e-03
1.742653550000e-02 1.970698600000e+00 3.227100240000e-03
1.734547320000e-02 1.973266120000e+00 3.236284950000e-03
1.758865270000e-02 1.975833420000e+00 3.241687780000e-03
1.766970750000e-02 1.978400950000e+00 3.250872480000e-03
1.775076990000e-02 1.980754380000e+00 3.256815490000e-03
1.775076990000e-02 1.983107810000e+00 3.260597590000e-03
1.783182470000e-02 1.985675100000e+00 3.268162020000e-03
1.791288700000e-02 1.988456490000e+00 3.270863320000e-03
1.799394190000e-02 1.990809920000e+00 3.278967230000e-03
1.807500420000e-02 1.993163350000e+00 3.281668530000e-03
1.815605910000e-02 1.995730880000e+00 3.287611760000e-03
1.831817630000e-02 1.998084310000e+00 3.291393860000e-03
1.831817630000e-02 2.000651600000e+00 3.295716360000e-03
1.848029350000e-02 2.002791170000e+00 3.301118970000e-03
1.856135580000e-02 2.005572560000e+00 3.304901070000e-03
1.856135580000e-02 2.007925990000e+00 3.309763270000e-03
1.864241060000e-02 2.010279420000e+00 3.316246900000e-03
1.880452780000e-02 2.012846710000e+00 3.323270010000e-03
1.880452780000e-02 2.015414240000e+00 3.329213710000e-03
1.888559010000e-02 2.017553570000e+00 3.332995340000e-03
1.904770730000e-02 2.020121100000e+00 3.337317840000e-03
1.896665250000e-02 2.022688390000e+00 3.343260850000e-03
1.912876960000e-02 2.025041820000e+00 3.348663450000e-03
1.912876960000e-02 2.025255920000e+00 3.343801250000e-03
1.920982450000e-02 2.027823210000e+00 3.348663450000e-03
1.929088680000e-02 2.030176640000e+00 3.352445550000e-03
1.937194170000e-02 2.032744170000e+00 3.351364750000e-03
1.953405890000e-02 2.035311460000e+00 3.352445550000e-03
