#  J [A] 	 V 	 L [w] 
1.610219480000e-04 7.212162020000e-06 -1.826502500000e-09
7.995963100000e-05 -2.067387100000e-04 -2.041355750000e-09
1.610219480000e-04 7.212162020000e-06 -1.772779590000e-09
1.610219480000e-04 2.211630340000e-04 -1.880225530000e-09
1.610219480000e-04 7.212162020000e-06 -1.933948330000e-09
1.610219480000e-04 -2.067387100000e-04 -1.880225530000e-09
1.610219480000e-04 7.212162020000e-06 -1.933948330000e-09
1.610219480000e-04 7.212162020000e-06 -2.148801580000e-09
1.610219480000e-04 4.488738480000e-01 -1.826502500000e-09
3.231391310000e-04 1.243483300000e+00 1.172583780000e-06
2.420768140000e-04 1.252469300000e+00 1.405446030000e-06
4.041939970000e-04 1.289482590000e+00 1.405446030000e-06
4.041939970000e-04 1.318365810000e+00 3.886746980000e-06
4.852563140000e-04 1.340830560000e+00 5.123954910000e-06
5.663111810000e-04 1.360941770000e+00 6.500071320000e-06
7.284283640000e-04 1.378271700000e+00 7.931859730000e-06
7.284283640000e-04 1.393890020000e+00 9.500395210000e-06
8.905455470000e-04 1.406940940000e+00 1.115216760000e-05
1.052662730000e-03 1.420633790000e+00 1.380440790000e-05
1.133725050000e-03 1.432401060000e+00 2.086227690000e-05
1.052662730000e-03 1.442456600000e+00 2.086227690000e-05
1.214787360000e-03 1.450586800000e+00 8.556325340000e-05
1.295842230000e-03 1.459358690000e+00 1.216897360000e-04
1.295842230000e-03 1.467060920000e+00 1.573730700000e-04
1.457959410000e-03 1.474977020000e+00 1.935103650000e-04
1.539021730000e-03 1.482037310000e+00 2.273292630000e-04
1.620076600000e-03 1.489311700000e+00 2.273292630000e-04
1.701138910000e-03 1.496158000000e+00 3.010949000000e-04
1.701138910000e-03 1.503004430000e+00 3.365783200000e-04
1.782193780000e-03 1.509636880000e+00 3.709783780000e-04
1.944310960000e-03 1.516269330000e+00 4.075452740000e-04
2.025373280000e-03 1.522259950000e+00 4.423245260000e-04
2.106428150000e-03 1.528892400000e+00 4.782955800000e-04
2.187490460000e-03 1.534241080000e+00 5.098785620000e-04
2.187490460000e-03 1.540445690000e+00 5.461204560000e-04
2.349607650000e-03 1.546650170000e+00 5.817664790000e-04
2.349607650000e-03 1.551998970000e+00 6.167624380000e-04
2.430662510000e-03 1.557775620000e+00 6.505123460000e-04
2.511724830000e-03 1.563338280000e+00 6.860499270000e-04
2.673842010000e-03 1.568473100000e+00 7.206666050000e-04
2.754896880000e-03 1.574249740000e+00 7.556626810000e-04
2.835959200000e-03 1.578956600000e+00 7.892499560000e-04
2.835959200000e-03 1.584519270000e+00 8.260878970000e-04
2.998076380000e-03 1.589868070000e+00 8.619505100000e-04
3.160193560000e-03 1.595002890000e+00 8.971631180000e-04
3.079131250000e-03 1.599923730000e+00 9.313464980000e-04
3.241255880000e-03 1.604630590000e+00 9.671550360000e-04
3.322310750000e-03 1.609551430000e+00 1.002367700000e-03
3.403373060000e-03 1.614472270000e+00 1.037363550000e-03
3.403373060000e-03 1.618965270000e+00 1.071059380000e-03
3.484427930000e-03 1.623886110000e+00 1.107084450000e-03
3.646545110000e-03 1.629234790000e+00 1.142622200000e-03
3.646545110000e-03 1.633941650000e+00 1.178430740000e-03
3.808662300000e-03 1.638434650000e+00 1.212072210000e-03
3.889724610000e-03 1.643141510000e+00 1.247934880000e-03
3.970779480000e-03 1.647848490000e+00 1.280872380000e-03
4.051841800000e-03 1.652341370000e+00 1.315543200000e-03
4.051841800000e-03 1.656406400000e+00 1.348480580000e-03
4.132896660000e-03 1.660899400000e+00 1.384993200000e-03
4.295013840000e-03 1.665392280000e+00 1.419880890000e-03
4.457131030000e-03 1.669885280000e+00 1.455256020000e-03
4.457131030000e-03 1.674164300000e+00 1.488843470000e-03
4.457131030000e-03 1.678443310000e+00 1.523893440000e-03
4.619248210000e-03 1.682722210000e+00 1.557426760000e-03
4.619248210000e-03 1.687429190000e+00 1.592097570000e-03
4.781365390000e-03 1.691494230000e+00 1.623301420000e-03
4.781365390000e-03 1.694917440000e+00 1.658459890000e-03
4.943482580000e-03 1.698768500000e+00 1.692697410000e-03
4.943482580000e-03 1.703261490000e+00 1.727422470000e-03
5.024544890000e-03 1.707112550000e+00 1.759601410000e-03
5.105599760000e-03 1.711605430000e+00 1.794705630000e-03
5.267724390000e-03 1.716312410000e+00 1.828022070000e-03
5.429841580000e-03 1.720377450000e+00 1.862367960000e-03
5.348779260000e-03 1.724014520000e+00 1.895792900000e-03
5.429841580000e-03 1.727865700000e+00 1.931330540000e-03
5.591958760000e-03 1.732144590000e+00 1.964268040000e-03
5.591958760000e-03 1.734712120000e+00 1.997421960000e-03
5.673013630000e-03 1.739418980000e+00 2.028950720000e-03
5.754075940000e-03 1.743484020000e+00 2.062646440000e-03
5.916193130000e-03 1.746693130000e+00 2.094771250000e-03
5.997247990000e-03 1.750116350000e+00 2.126950070000e-03
5.997247990000e-03 1.754395480000e+00 2.155824330000e-03
6.159365180000e-03 1.757818700000e+00 2.189032730000e-03
6.240427490000e-03 1.761241910000e+00 2.221320060000e-03
6.321482360000e-03 1.765734670000e+00 2.253715650000e-03
6.402544680000e-03 1.769371990000e+00 2.284865130000e-03
6.483599540000e-03 1.773009060000e+00 2.318290060000e-03
6.483599540000e-03 1.777074100000e+00 2.350631400000e-03
6.564661860000e-03 1.780069350000e+00 2.383893820000e-03
6.726779040000e-03 1.783706670000e+00 2.383893820000e-03
6.726779040000e-03 1.787557600000e+00 2.469626260000e-03
6.888896230000e-03 1.791836740000e+00 2.496640200000e-03
6.888896230000e-03 1.795259950000e+00 2.525815740000e-03
7.051013410000e-03 1.798041110000e+00 2.554450420000e-03
7.051013410000e-03 1.801892280000e+00 2.589028560000e-03
7.132075730000e-03 1.805101630000e+00 2.621985740000e-03
7.294192910000e-03 1.808738710000e+00 2.653322180000e-03
7.294192910000e-03 1.812161920000e+00 2.685198330000e-03
7.456310090000e-03 1.816012860000e+00 2.719776700000e-03
7.537364960000e-03 1.819222210000e+00 2.751112450000e-03
7.537364960000e-03 1.822859290000e+00 2.784069630000e-03
7.618427280000e-03 1.826496600000e+00 2.815946470000e-03
7.699482140000e-03 1.829919820000e+00 2.849984450000e-03
7.861599330000e-03 1.832915070000e+00 2.880240090000e-03
7.942661640000e-03 1.836766000000e+00 2.913197270000e-03
7.942661640000e-03 1.839761500000e+00 2.943993310000e-03
8.023716510000e-03 1.843184710000e+00 2.978030590000e-03
8.104778830000e-03 1.846393820000e+00 3.009367040000e-03
8.185833690000e-03 1.849817040000e+00 3.041243880000e-03
8.347950880000e-03 1.853240250000e+00 3.070959360000e-03
8.429013190000e-03 1.856663470000e+00 3.102295100000e-03
8.429013190000e-03 1.859872580000e+00 3.132011040000e-03
8.591130380000e-03 1.863509890000e+00 3.164968220000e-03
8.591130380000e-03 1.866291280000e+00 3.194143060000e-03
8.672185240000e-03 1.869286540000e+00 3.227100240000e-03
8.753247560000e-03 1.872923610000e+00 3.260057190000e-03
8.915364740000e-03 1.876132970000e+00 3.291934260000e-03
8.996419610000e-03 1.879555940000e+00 3.322189910000e-03
9.077481930000e-03 1.882765290000e+00 3.354066280000e-03
9.077481930000e-03 1.885760550000e+00 3.384862330000e-03
9.158544240000e-03 1.888969900000e+00 3.415658370000e-03
9.239599110000e-03 1.891965150000e+00 3.444833450000e-03
9.320661430000e-03 1.895388360000e+00 3.479411590000e-03
9.482778610000e-03 1.898811580000e+00 3.508046270000e-03
9.563833480000e-03 1.901592970000e+00 3.540463510000e-03
9.563833480000e-03 1.905230050000e+00 3.570178760000e-03
9.644895790000e-03 1.907797340000e+00 3.602595530000e-03
9.807012980000e-03 1.911434650000e+00 3.631771080000e-03
9.807012980000e-03 1.911006690000e+00 3.632310780000e-03
9.807012980000e-03 1.914001940000e+00 3.665808360000e-03
9.888067840000e-03 1.916783330000e+00 3.694983900000e-03
9.969130160000e-03 1.920206550000e+00 3.726860040000e-03
1.013124730000e-02 1.923415660000e+00 3.758196720000e-03
1.021230220000e-02 1.926625010000e+00 3.786831160000e-03
1.029336450000e-02 1.929406400000e+00 3.814925910000e-03
1.037441940000e-02 1.932615520000e+00 3.847883080000e-03
1.045548170000e-02 1.935611010000e+00 3.875437430000e-03
1.053653660000e-02 1.938606260000e+00 3.905693070000e-03
1.053653660000e-02 1.941601510000e+00 3.939731050000e-03
1.069865380000e-02 1.944596770000e+00 3.968365960000e-03
1.077971610000e-02 1.947592020000e+00 3.999161530000e-03
1.086077090000e-02 1.950801370000e+00 4.031579010000e-03
1.086077090000e-02 1.953368660000e+00 4.058592950000e-03
1.102288810000e-02 1.956363920000e+00 4.089389000000e-03
1.110395040000e-02 1.959359410000e+00 4.118023440000e-03
1.118501280000e-02 1.962354660000e+00 4.148279320000e-03
1.126606760000e-02 1.964921950000e+00 4.172051790000e-03
1.134712990000e-02 1.968345170000e+00 4.203388000000e-03
1.134712990000e-02 1.970912690000e+00 4.233643880000e-03
1.142818480000e-02 1.973907950000e+00 4.264439920000e-03
1.159030200000e-02 1.976903200000e+00 4.294155170000e-03
1.159030200000e-02 1.979898450000e+00 4.326572180000e-03
1.175241920000e-02 1.982893710000e+00 4.353586120000e-03
1.175241920000e-02 1.985675100000e+00 4.383301830000e-03
1.183348150000e-02 1.988456490000e+00 4.413017540000e-03
1.191453640000e-02 1.991237880000e+00 4.443813580000e-03
1.207665350000e-02 1.994019270000e+00 4.470827520000e-03
1.215771590000e-02 1.997014520000e+00 4.500002600000e-03
1.223877070000e-02 1.999581810000e+00 4.522694270000e-03
1.231983300000e-02 2.002577070000e+00 4.553489850000e-03
1.231983300000e-02 2.005572560000e+00 4.579964090000e-03
1.248195020000e-02 2.008353710000e+00 4.609679340000e-03
1.248195020000e-02 2.010707380000e+00 4.634532610000e-03
1.256300510000e-02 2.013702630000e+00 4.666408990000e-03
1.264406740000e-02 2.016484020000e+00 4.695583600000e-03
1.272512230000e-02 2.019693140000e+00 4.721517670000e-03
1.280618460000e-02 2.022474530000e+00 4.747450820000e-03
1.296830180000e-02 2.025469780000e+00 4.775005390000e-03
1.304936410000e-02 2.027609350000e+00 4.797697530000e-03
1.313041900000e-02 2.030604600000e+00 4.827412780000e-03
1.321148130000e-02 2.033385990000e+00 4.852806220000e-03
1.321148130000e-02 2.036167380000e+00 4.883062090000e-03
1.329253610000e-02 2.038948540000e+00 4.913317510000e-03
1.337359850000e-02 2.041729930000e+00 4.941951950000e-03
1.345465330000e-02 2.044297460000e+00 4.968425720000e-03
1.353571560000e-02 2.047078850000e+00 4.997601270000e-03
1.369783280000e-02 2.049860000000e+00 5.025696010000e-03
1.377888770000e-02 2.052427530000e+00 5.052709950000e-03
1.377888770000e-02 2.054780960000e+00 5.080264060000e-03
1.385995000000e-02 2.057562350000e+00 5.106197670000e-03
1.394100490000e-02 2.060129640000e+00 5.134832110000e-03
1.410312210000e-02 2.063338990000e+00 5.160225560000e-03
1.410312210000e-02 2.066120150000e+00 5.184538200000e-03
1.426523920000e-02 2.068901540000e+00 5.211011970000e-03
1.434630160000e-02 2.071254970000e+00 5.239647350000e-03
1.434630160000e-02 2.073822500000e+00 5.268281790000e-03
1.450841870000e-02 2.076175930000e+00 5.291514100000e-03
1.450841870000e-02 2.078957320000e+00 5.320148540000e-03
1.475159080000e-02 2.081738710000e+00 5.345541980000e-03
1.475159080000e-02 2.084519860000e+00 5.371475590000e-03
1.483265310000e-02 2.086873290000e+00 5.393626630000e-03
1.491370800000e-02 2.089654680000e+00 5.422262470000e-03
1.499477030000e-02 2.092222210000e+00 5.447114350000e-03
1.499477030000e-02 2.095003600000e+00 5.476830990000e-03
1.515688750000e-02 2.097142930000e+00 5.504925270000e-03
1.523794980000e-02 2.100138190000e+00 5.534100350000e-03
1.523794980000e-02 2.102491620000e+00 5.562194160000e-03
1.540006700000e-02 2.105273010000e+00 5.590289830000e-03
1.540006700000e-02 2.107840540000e+00 5.617302840000e-03
1.556218420000e-02 2.110407830000e+00 5.645398520000e-03
1.556218420000e-02 2.112761260000e+00 5.671331190000e-03
1.564323900000e-02 2.115328790000e+00 5.698345600000e-03
1.580535620000e-02 2.117682220000e+00 5.721037280000e-03
1.588641850000e-02 2.120463610000e+00 5.747511520000e-03
1.588641850000e-02 2.123030900000e+00 5.773445130000e-03
1.604853570000e-02 2.125384330000e+00 5.799377800000e-03
1.604853570000e-02 2.127737760000e+00 5.826392680000e-03
1.612959060000e-02 2.130305290000e+00 5.852865520000e-03
1.629170780000e-02 2.132872580000e+00 5.877718330000e-03
1.629170780000e-02 2.135440110000e+00 5.903111770000e-03
1.637277010000e-02 2.137365580000e+00 5.924724040000e-03
1.645382490000e-02 2.140146970000e+00 5.953358490000e-03
1.653488730000e-02 2.142500400000e+00 5.974428730000e-03
1.661594210000e-02 2.145067690000e+00 5.997661970000e-03
1.669700440000e-02 2.147207260000e+00 6.018191580000e-03
1.677805930000e-02 2.149988650000e+00 6.042504220000e-03
1.685912160000e-02 2.152342080000e+00 6.068438290000e-03
1.694017650000e-02 2.154909370000e+00 6.094372370000e-03
1.702123880000e-02 2.157048940000e+00 6.119225170000e-03
1.718335600000e-02 2.159616230000e+00 6.146238650000e-03
1.726441830000e-02 2.162397620000e+00 6.172172260000e-03
1.734547320000e-02 2.164537190000e+00 6.197025530000e-03
1.742653550000e-02 2.166890620000e+00 6.219176580000e-03
1.742653550000e-02 2.169457910000e+00 6.242408420000e-03
1.750759040000e-02 2.171597480000e+00 6.261858620000e-03
1.758865270000e-02 2.174378870000e+00 6.286711900000e-03
1.775076990000e-02 2.176732300000e+00 6.307782140000e-03
1.775076990000e-02 2.179085730000e+00 6.332094780000e-03
1.791288700000e-02 2.181439160000e+00 6.356407420000e-03
1.799394190000e-02 2.184006690000e+00 6.376398260000e-03
1.807500420000e-02 2.186146020000e+00 6.399630100000e-03
1.815605910000e-02 2.188713550000e+00 6.420161110000e-03
1.823712140000e-02 2.191066980000e+00 6.443392950000e-03
1.831817630000e-02 2.193420410000e+00 6.462843620000e-03
1.839923860000e-02 2.195559980000e+00 6.483913860000e-03
1.848029350000e-02 2.198341130000e+00 6.506606470000e-03
1.848029350000e-02 2.200480700000e+00 6.528757510000e-03
1.864241060000e-02 2.203262090000e+00 6.551449190000e-03
1.872347300000e-02 2.205187560000e+00 6.573060990000e-03
1.872347300000e-02 2.207540990000e+00 6.594671870000e-03
1.888559010000e-02 2.209894420000e+00 6.613581910000e-03
1.888559010000e-02 2.212033990000e+00 6.633032110000e-03
1.904770730000e-02 2.214173560000e+00 6.654102360000e-03
1.904770730000e-02 2.216954950000e+00 6.674093190000e-03
1.920982450000e-02 2.219308380000e+00 6.694084030000e-03
1.912876960000e-02 2.219522240000e+00 6.694624200000e-03
1.929088680000e-02 2.221447710000e+00 6.713534240000e-03
1.929088680000e-02 2.223801140000e+00 6.732983510000e-03
1.945300400000e-02 2.226368670000e+00 6.751352920000e-03
1.945300400000e-02 2.228508230000e+00 6.772965190000e-03
