#  J [A] 	 V 	 L [w] 
3.079131250000e+00 5.763328230000e-02
3.160193560000e+00 7.531814480000e-02
3.241255880000e+00 9.420450810000e-02
3.241255880000e+00 1.129739680000e-01
3.403373060000e+00 1.310679950000e-01
3.403373060000e+00 1.489152200000e-01
3.484427930000e+00 1.687238250000e-01
3.646545110000e+00 1.871620480000e-01
3.646545110000e+00 2.062822460000e-01
3.727607430000e+00 2.243178020000e-01
3.889724610000e+00 2.432496110000e-01
3.970779480000e+00 2.615969570000e-01
3.970779480000e+00 2.804638060000e-01
4.132896660000e+00 2.804638060000e-01
4.295013840000e+00 3.175173190000e-01
4.295013840000e+00 3.341841510000e-01
4.376076160000e+00 3.519578900000e-01
4.457131030000e+00 3.698617220000e-01
4.457131030000e+00 3.897839630000e-01
4.538193350000e+00 4.079481880000e-01
4.700310530000e+00 4.261776050000e-01
4.781365390000e+00 4.431049160000e-01
4.781365390000e+00 4.618551760000e-01
4.862427710000e+00 4.795637800000e-01
5.024544890000e+00 4.979885420000e-01
5.105599760000e+00 5.153064850000e-01
5.105599760000e+00 5.337962650000e-01
5.267724390000e+00 5.512444770000e-01
5.267724390000e+00 5.689529930000e-01
5.348779260000e+00 5.856199420000e-01
5.510896440000e+00 6.033935930000e-01
5.591958760000e+00 6.199302730000e-01
5.591958760000e+00 6.373132930000e-01
5.754075940000e+00 6.543057390000e-01
5.835130810000e+00 6.721445820000e-01
5.754075940000e+00 6.890067600000e-01
5.997247990000e+00 7.054783640000e-01
5.997247990000e+00 7.203223070000e-01
6.078310310000e+00 7.375100390000e-01
6.240427490000e+00 7.544373510000e-01
6.321482360000e+00 7.710391070000e-01
6.402544680000e+00 7.870550030000e-01
6.483599540000e+00 8.046985600000e-01
6.483599540000e+00 8.214956030000e-01
6.564661860000e+00 8.382275120000e-01
6.645716730000e+00 8.541783900000e-01
6.807833910000e+00 8.705847430000e-01
6.888896230000e+00 8.865354470000e-01
6.969951090000e+00 9.025513430000e-01
6.969951090000e+00 9.180462800000e-01
