#  J [A] 	 V 	 L [w] 
7.995963100000e-05 7.212162020000e-06 -2.040198010000e-09
1.610219480000e-04 -2.067387100000e-04 -2.040198010000e-09
1.610219480000e-04 7.212162020000e-06 -1.947461750000e-09
1.610219480000e-04 7.212162020000e-06 -2.132934270000e-09
1.610219480000e-04 7.212162020000e-06 -2.225670540000e-09
7.995963100000e-05 7.212162020000e-06 -2.040198010000e-09
1.610219480000e-04 7.212162020000e-06 -1.947461750000e-09
1.610219480000e-04 -2.067387100000e-04 -2.132934270000e-09
2.420768140000e-04 4.563620980000e-01 -1.947461750000e-09
2.420768140000e-04 1.422345400000e+00 4.021510160000e-07
3.231391310000e-04 1.436679960000e+00 4.639990440000e-07
4.041939970000e-04 1.461926100000e+00 8.185820090000e-07
4.852563140000e-04 1.480539680000e+00 1.209977090000e-06
5.663111810000e-04 1.495302200000e+00 1.603504980000e-06
6.473734970000e-04 1.508995060000e+00 2.041077320000e-06
6.473734970000e-04 1.521190170000e+00 2.491353140000e-06
8.094906810000e-04 1.532957430000e+00 2.971115920000e-06
8.094906810000e-04 1.541729330000e+00 3.420279200000e-06
8.905455470000e-04 1.551784990000e+00 3.981918330000e-06
1.052662730000e-03 1.561412690000e+00 3.981918330000e-06
1.052662730000e-03 1.571040510000e+00 5.236992370000e-06
1.133725050000e-03 1.578742620000e+00 5.891033200000e-06
1.295842230000e-03 1.587300660000e+00 6.678495080000e-06
1.295842230000e-03 1.595002890000e+00 7.549927430000e-06
1.376904550000e-03 1.602705000000e+00 8.589301610000e-06
1.457959410000e-03 1.609765410000e+00 9.801283340000e-06
1.539021730000e-03 1.617039680000e+00 1.156840520000e-05
1.701138910000e-03 1.624099970000e+00 1.418830110000e-05
1.701138910000e-03 1.630732420000e+00 1.970706220000e-05
1.782193780000e-03 1.636295200000e+00 1.970706220000e-05
1.944310960000e-03 1.641429900000e+00 8.393825560000e-05
1.944310960000e-03 1.646992680000e+00 1.238457920000e-04
2.106428150000e-03 1.652341370000e+00 1.631189810000e-04
2.106428150000e-03 1.657476190000e+00 2.001533280000e-04
2.187490460000e-03 1.662824990000e+00 2.415907510000e-04
2.268545330000e-03 1.668173670000e+00 2.832333850000e-04
2.349607650000e-03 1.673522470000e+00 3.254171170000e-04
2.430662510000e-03 1.678229330000e+00 3.638973280000e-04
2.511724830000e-03 1.683792000000e+00 4.046164690000e-04
2.673842010000e-03 1.688712840000e+00 4.046164690000e-04
2.673842010000e-03 1.693847660000e+00 4.849615220000e-04
2.835959200000e-03 1.698126670000e+00 5.204031480000e-04
2.835959200000e-03 1.703475360000e+00 5.610815130000e-04
2.998076380000e-03 1.708396200000e+00 6.004507890000e-04
2.998076380000e-03 1.713103180000e+00 6.411292120000e-04
3.160193560000e-03 1.718024020000e+00 6.785346200000e-04
3.160193560000e-03 1.722944740000e+00 7.171558100000e-04
3.322310750000e-03 1.727651600000e+00 7.529714490000e-04
3.322310750000e-03 1.732144590000e+00 7.908444970000e-04
3.403373060000e-03 1.736637590000e+00 8.264731730000e-04
3.484427930000e-03 1.741772410000e+00 8.670580570000e-04
3.646545110000e-03 1.746265410000e+00 9.061467720000e-04
3.646545110000e-03 1.750972270000e+00 9.463576130000e-04
3.727607430000e-03 1.755037310000e+00 9.839501000000e-04
3.889724610000e-03 1.760172130000e+00 1.024722120000e-03
3.970779480000e-03 1.764665130000e+00 1.063530220000e-03
3.970779480000e-03 1.768944030000e+00 1.102618870000e-03
4.132896660000e-03 1.773437020000e+00 1.139089120000e-03
4.213958980000e-03 1.777715920000e+00 1.179580580000e-03
4.295013840000e-03 1.782422780000e+00 1.216985870000e-03
4.295013840000e-03 1.786701920000e+00 1.255794200000e-03
4.457131030000e-03 1.790980820000e+00 1.291516350000e-03
4.457131030000e-03 1.795473810000e+00 1.329669850000e-03
4.619248210000e-03 1.799538850000e+00 1.364176510000e-03
4.619248210000e-03 1.803817750000e+00 1.396999580000e-03
4.781365390000e-03 1.807882790000e+00 1.428420190000e-03
4.781365390000e-03 1.812161920000e+00 1.463581340000e-03
4.862427710000e-03 1.816654920000e+00 1.501828550000e-03
5.024544890000e-03 1.820719960000e+00 1.535867460000e-03
5.105599760000e-03 1.824784990000e+00 1.575704200000e-03
5.186662080000e-03 1.829063890000e+00 1.620684280000e-03
5.267724390000e-03 1.833128930000e+00 1.665009650000e-03
5.348779260000e-03 1.837408070000e+00 1.707371560000e-03
5.348779260000e-03 1.841259000000e+00 1.745805490000e-03
5.510896440000e-03 1.845538140000e+00 1.784707300000e-03
5.510896440000e-03 1.849389080000e+00 1.820148900000e-03
5.673013630000e-03 1.853454110000e+00 1.857273750000e-03
5.673013630000e-03 1.857091430000e+00 1.893931180000e-03
5.754075940000e-03 1.861156460000e+00 1.932271760000e-03
5.835130810000e-03 1.865221500000e+00 1.970986140000e-03
5.916193130000e-03 1.869072440000e+00 2.009233460000e-03
6.078310310000e-03 1.872495650000e+00 2.043459330000e-03
6.078310310000e-03 1.876774790000e+00 2.083389790000e-03
6.159365180000e-03 1.880625720000e+00 2.120047110000e-03
6.240427490000e-03 1.884690760000e+00 2.159509810000e-03
6.402544680000e-03 1.888541940000e+00 2.195231850000e-03
6.483599540000e-03 1.892179010000e+00 2.232169970000e-03
6.564661860000e-03 1.896030190000e+00 2.269668970000e-03
6.564661860000e-03 1.899667260000e+00 2.307167510000e-03
6.726779040000e-03 1.903518440000e+00 2.343824830000e-03
6.726779040000e-03 1.907369610000e+00 2.381604630000e-03
6.888896230000e-03 1.911220550000e+00 2.413492650000e-03
6.888896230000e-03 1.915071730000e+00 2.447999080000e-03
6.969951090000e-03 1.918281080000e+00 2.485498090000e-03
7.051013410000e-03 1.922132020000e+00 2.519256440000e-03
7.132075730000e-03 1.925983190000e+00 2.561057220000e-03
7.294192910000e-03 1.929620270000e+00 2.603044730000e-03
7.375247780000e-03 1.933257340000e+00 2.638767010000e-03
7.456310090000e-03 1.936894660000e+00 2.678229710000e-03
7.537364960000e-03 1.940745590000e+00 2.712549180000e-03
7.537364960000e-03 1.944382910000e+00 2.746868650000e-03
7.618427280000e-03 1.947592020000e+00 2.778476100000e-03
7.699482140000e-03 1.951443200000e+00 2.816068940000e-03
7.861599330000e-03 1.955080270000e+00 2.852445470000e-03
7.942661640000e-03 1.958931450000e+00 2.891440640000e-03
7.942661640000e-03 1.961712840000e+00 2.928659090000e-03
8.023716510000e-03 1.965777870000e+00 2.970179080000e-03
8.104778830000e-03 1.969414950000e+00 3.006275280000e-03
8.185833690000e-03 1.973052020000e+00 3.043961480000e-03
8.266896010000e-03 1.976475240000e+00 3.076597820000e-03
8.429013190000e-03 1.979684590000e+00 3.111291210000e-03
8.429013190000e-03 1.983107810000e+00 3.146545960000e-03
8.510068060000e-03 1.986531020000e+00 3.183577210000e-03
8.672185240000e-03 1.989740130000e+00 3.224442710000e-03
8.672185240000e-03 1.993377450000e+00 3.265214620000e-03
8.834302430000e-03 1.996586560000e+00 3.301778340000e-03
8.834302430000e-03 2.000437740000e+00 3.339557910000e-03
8.915364740000e-03 2.003432990000e+00 3.374719060000e-03
8.996419610000e-03 2.007070060000e+00 3.409412690000e-03
9.158544240000e-03 2.010707380000e+00 3.437560050000e-03
9.158544240000e-03 2.013916490000e+00 3.467764940000e-03
9.239599110000e-03 2.017553570000e+00 3.497128370000e-03
9.320661430000e-03 2.020976780000e+00 3.528923030000e-03
9.401716290000e-03 2.024186130000e+00 3.561933520000e-03
9.482778610000e-03 2.027823210000e+00 3.597562200000e-03
9.563833480000e-03 2.031032560000e+00 3.638427470000e-03
9.725950660000e-03 2.034455780000e+00 3.678918820000e-03
9.807012980000e-03 2.037878990000e+00 3.715950060000e-03
9.725950660000e-03 2.037236930000e+00 3.716511190000e-03
9.807012980000e-03 2.040874240000e+00 3.748773360000e-03
9.888067840000e-03 2.044083360000e+00 3.780661620000e-03
9.969130160000e-03 2.047292710000e+00 3.816383890000e-03
1.005018500000e-02 2.050715920000e+00 3.850890320000e-03
1.013124730000e-02 2.053925040000e+00 3.890633350000e-03
1.029336450000e-02 2.057348250000e+00 3.927290910000e-03
1.029336450000e-02 2.060557600000e+00 3.964789680000e-03
1.037441940000e-02 2.063980820000e+00 3.998361060000e-03
1.053653660000e-02 2.066976070000e+00 4.031184600000e-03
1.053653660000e-02 2.070185420000e+00 4.054749850000e-03
1.061759890000e-02 2.073394540000e+00 4.084954970000e-03
1.077971610000e-02 2.076817750000e+00 4.115534010000e-03
1.077971610000e-02 2.080027100000e+00 4.115534010000e-03
1.094183330000e-02 2.083022360000e+00 4.219224210000e-03
1.102288810000e-02 2.086017610000e+00 4.236010370000e-03
1.102288810000e-02 2.089440820000e+00 4.263056910000e-03
1.110395040000e-02 2.092649940000e+00 4.293833860000e-03
1.118501280000e-02 2.095431330000e+00 4.323678560000e-03
1.126606760000e-02 2.098640680000e+00 4.361915870000e-03
1.142818480000e-02 2.102277760000e+00 4.389895130000e-03
1.142818480000e-02 2.105487110000e+00 4.427200650000e-03
1.142818480000e-02 2.108054400000e+00 4.459842570000e-03
1.159030200000e-02 2.111049650000e+00 4.486888180000e-03
1.167136430000e-02 2.114259000000e+00 4.520463290000e-03
1.183348150000e-02 2.117682220000e+00 4.546577110000e-03
1.191453640000e-02 2.120249510000e+00 4.578286320000e-03
1.199559870000e-02 2.123458860000e+00 4.621187690000e-03
1.207665350000e-02 2.126240250000e+00 4.654761870000e-03
1.223877070000e-02 2.129235510000e+00 4.690202420000e-03
1.215771590000e-02 2.132872580000e+00 4.716316240000e-03
1.223877070000e-02 2.135653970000e+00 4.745227280000e-03
1.223877070000e-02 2.138863090000e+00 4.781599620000e-03
1.248195020000e-02 2.142072440000e+00 4.809578880000e-03
1.248195020000e-02 2.145281790000e+00 4.839423110000e-03
1.264406740000e-02 2.147635220000e+00 4.873930010000e-03
1.272512230000e-02 2.149774550000e+00 4.905639220000e-03
1.288723950000e-02 2.153197770000e+00 4.936416170000e-03
1.296830180000e-02 2.157476900000e+00 4.971856720000e-03
1.280618460000e-02 2.159616230000e+00 5.001700480000e-03
1.313041900000e-02 2.161969660000e+00 5.032477430000e-03
1.313041900000e-02 2.165179010000e+00 5.062321200000e-03
1.313041900000e-02 2.168816090000e+00 5.094030870000e-03
1.321148130000e-02 2.171169520000e+00 5.122942850000e-03
1.329253610000e-02 2.174806830000e+00 5.148123480000e-03
1.345465330000e-02 2.177802090000e+00 5.180765870000e-03
1.353571560000e-02 2.180369380000e+00 5.225531760000e-03
1.353571560000e-02 2.183364630000e+00 5.258174150000e-03
1.369783280000e-02 2.186360120000e+00 5.294546480000e-03
1.377888770000e-02 2.189569230000e+00 5.320660300000e-03
1.385995000000e-02 2.191922660000e+00 5.349571350000e-03
1.385995000000e-02 2.194917920000e+00 5.379416510000e-03
1.394100490000e-02 2.197913410000e+00 5.410193000000e-03
1.402206720000e-02 2.200694560000e+00 5.440969490000e-03
1.410312210000e-02 2.203690050000e+00 5.474544600000e-03
1.426523920000e-02 2.206471200000e+00 5.508118770000e-03
1.426523920000e-02 2.209466700000e+00 5.537031220000e-03
1.434630160000e-02 2.212247850000e+00 5.566874980000e-03
1.450841870000e-02 2.215029240000e+00 5.594854240000e-03
1.458947360000e-02 2.218238590000e+00 5.629361140000e-03
1.458947360000e-02 2.220592020000e+00 5.661070350000e-03
1.475159080000e-02 2.223587270000e+00 5.701173100000e-03
1.475159080000e-02 2.226368670000e+00 5.739411340000e-03
1.491370800000e-02 2.229363920000e+00 5.764592440000e-03
1.499477030000e-02 2.232573270000e+00 5.793504420000e-03
1.507583260000e-02 2.235140560000e+00 5.821482740000e-03
1.515688750000e-02 2.237493990000e+00 5.844798870000e-03
1.515688750000e-02 2.240703340000e+00 5.870912690000e-03
1.523794980000e-02 2.243484740000e+00 5.894227880000e-03
1.531900470000e-02 2.246265890000e+00 5.921274420000e-03
1.548112180000e-02 2.249047280000e+00 5.948320500000e-03
1.548112180000e-02 2.251828670000e+00 5.980962890000e-03
1.564323900000e-02 2.254395960000e+00 6.017335690000e-03
1.572430130000e-02 2.257605310000e+00 6.049978080000e-03
1.580535620000e-02 2.259958740000e+00 6.077023220000e-03
1.588641850000e-02 2.262954000000e+00 6.105002480000e-03
1.596747340000e-02 2.265735390000e+00 6.141375280000e-03
1.604853570000e-02 2.268302920000e+00 6.169354540000e-03
1.612959060000e-02 2.270870210000e+00 6.196401080000e-03
1.612959060000e-02 2.273651600000e+00 6.223446220000e-03
1.629170780000e-02 2.276432990000e+00 6.242099680000e-03
1.637277010000e-02 2.279214140000e+00 6.270077550000e-03
1.645382490000e-02 2.281567810000e+00 6.298056800000e-03
1.653488730000e-02 2.284563060000e+00 6.331632380000e-03
1.653488730000e-02 2.287130360000e+00 6.357745730000e-03
1.661594210000e-02 2.289911750000e+00 6.386656780000e-03
1.669700440000e-02 2.292693140000e+00 6.411837880000e-03
1.677805930000e-02 2.295046570000e+00 6.434221290000e-03
1.685912160000e-02 2.298041820000e+00 6.454738790000e-03
1.694017650000e-02 2.300609110000e+00 6.487381180000e-03
1.694017650000e-02 2.303176640000e+00 6.508831870000e-03
1.710230110000e-02 2.306171890000e+00 6.531215270000e-03
1.718335600000e-02 2.308953290000e+00 6.550800060000e-03
1.726441830000e-02 2.311306720000e+00 6.576913870000e-03
1.742653550000e-02 2.313874010000e+00 6.603960410000e-03
1.742653550000e-02 2.316655400000e+00 6.627275610000e-03
1.758865270000e-02 2.319008830000e+00 6.652456240000e-03
1.766970750000e-02 2.321790220000e+00 6.675772830000e-03
1.766970750000e-02 2.324357750000e+00 6.700020750000e-03
1.783182470000e-02 2.327138900000e+00 6.727067290000e-03
1.791288700000e-02 2.329706430000e+00 6.754113360000e-03
1.799394190000e-02 2.332273720000e+00 6.779294460000e-03
1.807500420000e-02 2.334841250000e+00 6.804475100000e-03
1.815605910000e-02 2.337408540000e+00 6.827791690000e-03
1.823712140000e-02 2.339761970000e+00 6.856702270000e-03
1.831817630000e-02 2.342543360000e+00 6.881883370000e-03
1.839923860000e-02 2.345110890000e+00 6.903334060000e-03
1.839923860000e-02 2.347678180000e+00 6.928515620000e-03
1.856135580000e-02 2.350245480000e+00 6.957426670000e-03
1.864241060000e-02 2.352813010000e+00 6.979810540000e-03
1.872347300000e-02 2.355594400000e+00 7.005923890000e-03
1.880452780000e-02 2.358161690000e+00 7.032037710000e-03
1.880452780000e-02 2.360943080000e+00 7.057218350000e-03
1.896665250000e-02 2.363510370000e+00 7.084264890000e-03
1.904770730000e-02 2.365863800000e+00 7.107580080000e-03
1.912876960000e-02 2.368431330000e+00 7.141155190000e-03
1.912876960000e-02 2.371212720000e+00 7.166335820000e-03
1.920982450000e-02 2.371212720000e+00 7.163538600000e-03
1.929088680000e-02 2.373780010000e+00 7.191516920000e-03
1.929088680000e-02 2.375919580000e+00 7.213900330000e-03
1.937194170000e-02 2.378486870000e+00 7.248407230000e-03
1.953405890000e-02 2.381054400000e+00 7.285712750000e-03
