#  J [A] 	 V 	 L [w] 
1.610219480000e-04 2.211630340000e-04 -1.226713620000e-09
1.610219480000e-04 2.211630340000e-04 -1.226713620000e-09
1.610219480000e-04 2.211630340000e-04 -1.162196120000e-09
1.610219480000e-04 7.212162020000e-06 -1.226713620000e-09
1.610219480000e-04 2.211630340000e-04 -1.162196120000e-09
1.610219480000e-04 2.211630340000e-04 -1.162196120000e-09
7.995963100000e-05 2.211630340000e-04 -1.226713620000e-09
1.610219480000e-04 7.212162020000e-06 -1.291277420000e-09
1.610219480000e-04 5.032171010000e-01 -1.162196120000e-09
3.231391310000e-04 1.345109460000e+00 1.828883850000e-07
3.231391310000e-04 1.352811690000e+00 2.155539820000e-07
3.231391310000e-04 1.378485680000e+00 3.915995710000e-07
4.852563140000e-04 1.397099260000e+00 5.827513410000e-07
4.852563140000e-04 1.411433940000e+00 7.704816200000e-07
6.473734970000e-04 1.424484850000e+00 9.759003210000e-07
6.473734970000e-04 1.435824160000e+00 1.180157030000e-06
8.094906810000e-04 1.446307780000e+00 1.390869560000e-06
8.094906810000e-04 1.454865690000e+00 1.583506100000e-06
8.905455470000e-04 1.464493510000e+00 1.814360080000e-06
1.052662730000e-03 1.472837570000e+00 2.044310350000e-06
1.052662730000e-03 1.480967640000e+00 2.283685940000e-06
1.133725050000e-03 1.488669750000e+00 2.516024780000e-06
1.295842230000e-03 1.495944140000e+00 2.772572320000e-06
1.295842230000e-03 1.503218410000e+00 2.772572320000e-06
1.457959410000e-03 1.510064840000e+00 3.311514550000e-06
1.457959410000e-03 1.516483310000e+00 3.570044100000e-06
1.539021730000e-03 1.523115750000e+00 3.865598960000e-06
1.620076600000e-03 1.529534220000e+00 4.173496110000e-06
1.782193780000e-03 1.535738710000e+00 4.515819910000e-06
1.863256100000e-03 1.541087510000e+00 4.855545280000e-06
1.944310960000e-03 1.547078130000e+00 5.252433770000e-06
1.944310960000e-03 1.552640800000e+00 5.688945290000e-06
2.025373280000e-03 1.558203460000e+00 6.193012270000e-06
2.106428150000e-03 1.563338280000e+00 6.750344710000e-06
2.268545330000e-03 1.568687080000e+00 7.540222670000e-06
2.268545330000e-03 1.574035760000e+00 8.594476640000e-06
2.430662510000e-03 1.579384570000e+00 1.036780670000e-05
2.511724830000e-03 1.584091420000e+00 1.461600100000e-05
2.511724830000e-03 1.588798280000e+00 1.461600100000e-05
2.673842010000e-03 1.592649460000e+00 4.812514820000e-05
2.754896880000e-03 1.596500520000e+00 6.812209180000e-05
2.835959200000e-03 1.600137590000e+00 8.700846230000e-05
2.917014060000e-03 1.604202750000e+00 1.080835140000e-04
2.998076380000e-03 1.607839820000e+00 1.282558220000e-04
3.079131250000e-03 1.611690880000e+00 1.490321160000e-04
2.998076380000e-03 1.615328070000e+00 1.684315650000e-04
3.160193560000e-03 1.619179130000e+00 1.898638290000e-04
3.322310750000e-03 1.623030300000e+00 2.102049910000e-04
3.322310750000e-03 1.626667380000e+00 2.308708640000e-04
3.484427930000e-03 1.630304570000e+00 2.501014680000e-04
3.484427930000e-03 1.633941650000e+00 2.715857120000e-04
3.565490250000e-03 1.637792830000e+00 2.715857120000e-04
3.646545110000e-03 1.641216040000e+00 3.141318740000e-04
3.727607430000e-03 1.645067100000e+00 3.317752850000e-04
3.808662300000e-03 1.648704290000e+00 3.518927550000e-04
3.970779480000e-03 1.652341370000e+00 3.720753590000e-04
4.051841800000e-03 1.655978560000e+00 3.923881160000e-04
4.051841800000e-03 1.659401770000e+00 4.114639310000e-04
4.213958980000e-03 1.663038850000e+00 4.320371370000e-04
4.295013840000e-03 1.666676040000e+00 4.517639170000e-04
4.295013840000e-03 1.670527100000e+00 4.714907260000e-04
4.457131030000e-03 1.673736330000e+00 4.899806230000e-04
4.457131030000e-03 1.677373530000e+00 5.100329870000e-04
4.619248210000e-03 1.680796740000e+00 5.292389540000e-04
4.619248210000e-03 1.684219960000e+00 5.485100560000e-04
4.781365390000e-03 1.687429190000e+00 5.669999520000e-04
4.862427710000e-03 1.691280250000e+00 5.870522000000e-04
4.862427710000e-03 1.694917440000e+00 6.068442020000e-04
5.024544890000e-03 1.698554520000e+00 6.268314900000e-04
5.105599760000e-03 1.701763750000e+00 6.453864040000e-04
5.186662080000e-03 1.704972980000e+00 6.649179270000e-04
5.267724390000e-03 1.709038140000e+00 6.837333200000e-04
5.267724390000e-03 1.712247370000e+00 7.018976030000e-04
5.429841580000e-03 1.715242620000e+00 7.192155460000e-04
5.429841580000e-03 1.719307660000e+00 7.383563790000e-04
5.591958760000e-03 1.722302910000e+00 7.566509300000e-04
5.673013630000e-03 1.725512270000e+00 7.751408270000e-04
5.835130810000e-03 1.729149340000e+00 7.930446880000e-04
5.835130810000e-03 1.732572560000e+00 8.120553100000e-04
5.916193130000e-03 1.735995770000e+00 8.303498030000e-04
5.916193130000e-03 1.738991020000e+00 8.487746240000e-04
5.997247990000e-03 1.742200370000e+00 8.650508240000e-04
6.078310310000e-03 1.746051310000e+00 8.836709310000e-04
6.240427490000e-03 1.749046800000e+00 9.017049450000e-04
6.321482360000e-03 1.752683880000e+00 9.199343620000e-04
6.402544680000e-03 1.755892990000e+00 9.366663870000e-04
6.483599540000e-03 1.759102340000e+00 9.558072780000e-04
6.564661860000e-03 1.762311460000e+00 9.733857000000e-04
6.645716730000e-03 1.765734670000e+00 9.915499250000e-04
6.645716730000e-03 1.769157890000e+00 1.008607450000e-03
6.807833910000e-03 1.772367240000e+00 1.027162420000e-03
6.807833910000e-03 1.775790450000e+00 1.045001320000e-03
6.969951090000e-03 1.779213670000e+00 1.062449420000e-03
7.051013410000e-03 1.782208920000e+00 1.079116250000e-03
7.051013410000e-03 1.785632130000e+00 1.096434190000e-03
7.213130590000e-03 1.788841250000e+00 1.113687180000e-03
7.213130590000e-03 1.792264460000e+00 1.130549350000e-03
7.294192910000e-03 1.795259950000e+00 1.146239690000e-03
7.456310090000e-03 1.798469070000e+00 1.163687790000e-03
7.456310090000e-03 1.801678420000e+00 1.181917150000e-03
7.618427280000e-03 1.805529360000e+00 1.199951400000e-03
7.618427280000e-03 1.808310750000e+00 1.216032310000e-03
7.780544460000e-03 1.811520100000e+00 1.232894600000e-03
7.780544460000e-03 1.814515350000e+00 1.248910320000e-03
7.942661640000e-03 1.818152430000e+00 1.265512080000e-03
8.023716510000e-03 1.821147680000e+00 1.280811850000e-03
8.023716510000e-03 1.824143170000e+00 1.297934450000e-03
8.104778830000e-03 1.827352290000e+00 1.314991970000e-03
8.185833690000e-03 1.830775500000e+00 1.331333300000e-03
8.266896010000e-03 1.833770750000e+00 1.347283950000e-03
8.429013190000e-03 1.836980100000e+00 1.363690590000e-03
8.429013190000e-03 1.840189220000e+00 1.379836700000e-03
8.510068060000e-03 1.843184710000e+00 1.396112840000e-03
8.672185240000e-03 1.846393820000e+00 1.410761620000e-03
8.753247560000e-03 1.849603180000e+00 1.427558720000e-03
8.834302430000e-03 1.852812290000e+00 1.443834860000e-03
8.915364740000e-03 1.856021640000e+00 1.459850700000e-03
8.915364740000e-03 1.858803030000e+00 1.475345690000e-03
9.077481930000e-03 1.862440110000e+00 1.491296340000e-03
9.158544240000e-03 1.865435360000e+00 1.506856530000e-03
9.158544240000e-03 1.868430610000e+00 1.522091220000e-03
9.239599110000e-03 1.871212010000e+00 1.536870030000e-03
9.482778610000e-03 1.875063180000e+00 1.553601930000e-03
9.482778610000e-03 1.878058430000e+00 1.569422540000e-03
9.482778610000e-03 1.880839820000e+00 1.586219650000e-03
9.725950660000e-03 1.883835080000e+00 1.600998450000e-03
9.725950660000e-03 1.887044190000e+00 1.615972720000e-03
9.807012980000e-03 1.890039680000e+00 1.629905080000e-03
9.807012980000e-03 1.890253540000e+00 1.630491000000e-03
9.969130160000e-03 1.893034930000e+00 1.644944310000e-03
9.888067840000e-03 1.896030190000e+00 1.658551390000e-03
9.969130160000e-03 1.899025440000e+00 1.674502160000e-03
9.969130160000e-03 1.902448650000e+00 1.689280850000e-03
1.021230220000e-02 1.905658010000e+00 1.704450350000e-03
1.021230220000e-02 1.908225300000e+00 1.718708430000e-03
1.029336450000e-02 1.911434650000e+00 1.733617510000e-03
1.045548170000e-02 1.914643760000e+00 1.747810280000e-03
1.053653660000e-02 1.917639020000e+00 1.760961720000e-03
1.061759890000e-02 1.920848370000e+00 1.774568580000e-03
1.069865380000e-02 1.923629760000e+00 1.788045280000e-03
1.077971610000e-02 1.926838870000e+00 1.802628860000e-03
1.077971610000e-02 1.930048230000e+00 1.816431180000e-03
1.094183330000e-02 1.932829620000e+00 1.830884490000e-03
1.102288810000e-02 1.934755090000e+00 1.845533030000e-03
1.126606760000e-02 1.939461950000e+00 1.859140000000e-03
1.110395040000e-02 1.941173550000e+00 1.872030900000e-03
1.126606760000e-02 1.943099260000e+00 1.883619460000e-03
1.118501280000e-02 1.947164300000e+00 1.897942620000e-03
1.134712990000e-02 1.951229330000e+00 1.911093950000e-03
1.142818480000e-02 1.953154800000e+00 1.924961340000e-03
1.159030200000e-02 1.957005980000e+00 1.937526630000e-03
1.159030200000e-02 1.959359410000e+00 1.951458980000e-03
1.167136430000e-02 1.962354660000e+00 1.964740460000e-03
1.175241920000e-02 1.965349910000e+00 1.978152200000e-03
1.183348150000e-02 1.967917200000e+00 1.990652410000e-03
1.199559870000e-02 1.971554520000e+00 2.004324460000e-03
1.199559870000e-02 1.974335910000e+00 2.016824440000e-03
1.207665350000e-02 1.977331160000e+00 2.028999150000e-03
1.223877070000e-02 1.980112550000e+00 2.040587830000e-03
1.223877070000e-02 1.982679840000e+00 2.053283390000e-03
1.240088790000e-02 1.985889200000e+00 2.065392910000e-03
1.248195020000e-02 1.988456490000e+00 2.077893120000e-03
1.256300510000e-02 1.991237880000e+00 2.089091110000e-03
1.256300510000e-02 1.994661090000e+00 2.101721470000e-03
1.272512230000e-02 1.997442480000e+00 2.113310150000e-03
1.280618460000e-02 2.000223640000e+00 2.124964030000e-03
1.288723950000e-02 2.003432990000e+00 2.136227210000e-03
1.296830180000e-02 2.006214380000e+00 2.148792610000e-03
1.304936410000e-02 2.008995770000e+00 2.159860220000e-03
1.313041900000e-02 2.011991020000e+00 2.172360430000e-03
1.313041900000e-02 2.014344450000e+00 2.182972620000e-03
1.321148130000e-02 2.017553570000e+00 2.195277480000e-03
1.337359850000e-02 2.020549060000e+00 2.206866160000e-03
1.337359850000e-02 2.023116350000e+00 2.217869040000e-03
1.353571560000e-02 2.026111600000e+00 2.228415800000e-03
1.361677050000e-02 2.029106860000e+00 2.238897840000e-03
1.361677050000e-02 2.031674390000e+00 2.248923990000e-03
1.369783280000e-02 2.034455780000e+00 2.259992060000e-03
1.377888770000e-02 2.037023070000e+00 2.266372090000e-03
1.394100490000e-02 2.040232420000e+00 2.276593820000e-03
1.394100490000e-02 2.043227670000e+00 2.286164090000e-03
1.402206720000e-02 2.045794960000e+00 2.296255440000e-03
1.410312210000e-02 2.048576350000e+00 2.305435250000e-03
1.418418440000e-02 2.051571610000e+00 2.316438130000e-03
1.434630160000e-02 2.054353000000e+00 2.326333900000e-03
1.442735640000e-02 2.057348250000e+00 2.335318360000e-03
1.450841870000e-02 2.059487820000e+00 2.344432990000e-03
1.458947360000e-02 2.062697170000e+00 2.353743180000e-03
1.467053590000e-02 2.065478320000e+00 2.363183540000e-03
1.475159080000e-02 2.068259720000e+00 2.371972660000e-03
1.475159080000e-02 2.070613150000e+00 2.379134060000e-03
1.491370800000e-02 2.073608400000e+00 2.387662880000e-03
1.491370800000e-02 2.076389790000e+00 2.396452240000e-03
1.507583260000e-02 2.079171180000e+00 2.405046020000e-03
1.515688750000e-02 2.081738710000e+00 2.412402770000e-03
1.515688750000e-02 2.084306000000e+00 2.419629600000e-03
1.523794980000e-02 2.087087390000e+00 2.426660850000e-03
1.531900470000e-02 2.089868780000e+00 2.435449980000e-03
1.540006700000e-02 2.092649940000e+00 2.443457950000e-03
1.548112180000e-02 2.095431330000e+00 2.451465930000e-03
1.564323900000e-02 2.097998860000e+00 2.456674350000e-03
1.572430130000e-02 2.100780250000e+00 2.462208270000e-03
1.572430130000e-02 2.103347540000e+00 2.469630210000e-03
1.580535620000e-02 2.106128930000e+00 2.477442850000e-03
1.588641850000e-02 2.108910320000e+00 2.484864790000e-03
1.596747340000e-02 2.111263750000e+00 2.491179850000e-03
1.612959060000e-02 2.113831040000e+00 2.497495150000e-03
1.621065290000e-02 2.116826300000e+00 2.504135950000e-03
1.621065290000e-02 2.119393830000e+00 2.510255670000e-03
1.637277010000e-02 2.122175220000e+00 2.517221960000e-03
1.645382490000e-02 2.124314550000e+00 2.523081610000e-03
1.645382490000e-02 2.127095940000e+00 2.530568510000e-03
1.653488730000e-02 2.129877330000e+00 2.536558080000e-03
1.661594210000e-02 2.132444620000e+00 2.542417500000e-03
1.677805930000e-02 2.135012150000e+00 2.547235460000e-03
1.685912160000e-02 2.137793540000e+00 2.551532350000e-03
1.694017650000e-02 2.140574690000e+00 2.557391770000e-03
1.694017650000e-02 2.142928120000e+00 2.562470040000e-03
1.710230110000e-02 2.145495650000e+00 2.567222570000e-03
1.710230110000e-02 2.148277040000e+00 2.572235880000e-03
1.726441830000e-02 2.150844340000e+00 2.576337430000e-03
1.726441830000e-02 2.153839590000e+00 2.580308820000e-03
1.742653550000e-02 2.156193020000e+00 2.584084870000e-03
1.750759040000e-02 2.158546690000e+00 2.588121450000e-03
1.758865270000e-02 2.161113980000e+00 2.593199490000e-03
1.766970750000e-02 2.163681270000e+00 2.598407910000e-03
1.766970750000e-02 2.166248800000e+00 2.602965340000e-03
1.783182470000e-02 2.168816090000e+00 2.607132080000e-03
1.783182470000e-02 2.171169520000e+00 2.610257130000e-03
1.791288700000e-02 2.174165010000e+00 2.612145150000e-03
1.807500420000e-02 2.176304340000e+00 2.611298810000e-03
1.807500420000e-02 2.178871870000e+00 2.613968220000e-03
1.823712140000e-02 2.181439160000e+00 2.617809220000e-03
1.831817630000e-02 2.184006690000e+00 2.620543820000e-03
1.839923860000e-02 2.186360120000e+00 2.622887490000e-03
1.839923860000e-02 2.188927410000e+00 2.625687050000e-03
1.848029350000e-02 2.191708800000e+00 2.628486600000e-03
1.856135580000e-02 2.194062230000e+00 2.630504780000e-03
1.872347300000e-02 2.196201800000e+00 2.633108990000e-03
1.880452780000e-02 2.198983190000e+00 2.635778390000e-03
1.880452780000e-02 2.201336620000e+00 2.637015420000e-03
1.896665250000e-02 2.203690050000e+00 2.638252220000e-03
1.896665250000e-02 2.206043480000e+00 2.638708100000e-03
1.904770730000e-02 2.208824870000e+00 2.638577720000e-03
1.920982450000e-02 2.210964200000e+00 2.639033370000e-03
1.920982450000e-02 2.211178300000e+00 2.638382600000e-03
1.920982450000e-02 2.213317630000e+00 2.633759980000e-03
1.929088680000e-02 2.215885160000e+00 2.634671520000e-03
1.937194170000e-02 2.218452450000e+00 2.635583050000e-03
1.953405890000e-02 2.220805880000e+00 2.635192360000e-03
