#  J [A] 	 V 	 L [w] 
7.995963100000e-05 7.212162020000e-06 -1.097632210000e-09
7.995963100000e-05 2.211630340000e-04 -1.355841330000e-09
1.610219480000e-04 2.211630340000e-04 -1.226713620000e-09
1.610219480000e-04 2.211630340000e-04 -1.226713620000e-09
1.610219480000e-04 7.212162020000e-06 -1.291277420000e-09
1.610219480000e-04 2.211630340000e-04 -1.226713620000e-09
1.610219480000e-04 2.211630340000e-04 -1.033068410000e-09
1.610219480000e-04 2.211630340000e-04 -1.226713620000e-09
1.610219480000e-04 3.757030070000e-01 -1.162196120000e-09
3.231391310000e-04 1.310449600000e+00 1.660391580000e-07
2.420768140000e-04 1.339974760000e+00 1.982528200000e-07
3.231391310000e-04 1.366718410000e+00 3.624845700000e-07
5.663111810000e-04 1.385973930000e+00 5.425971490000e-07
5.663111810000e-04 1.400736450000e+00 7.198048020000e-07
5.663111810000e-04 1.414001350000e+00 9.090197750000e-07
7.284283640000e-04 1.425554630000e+00 1.097912100000e-06
8.094906810000e-04 1.435824160000e+00 1.292356390000e-06
8.094906810000e-04 1.444382190000e+00 1.469563810000e-06
9.716078640000e-04 1.454009890000e+00 1.680276340000e-06
1.052662730000e-03 1.462567930000e+00 1.888922840000e-06
1.133725050000e-03 1.470911980000e+00 2.100603520000e-06
1.214787360000e-03 1.478400230000e+00 2.306474240000e-06
1.214787360000e-03 1.485888480000e+00 2.532551210000e-06
1.376904550000e-03 1.492948770000e+00 2.753399030000e-06
1.457959410000e-03 1.500009180000e+00 2.753399030000e-06
1.457959410000e-03 1.506427650000e+00 3.229668890000e-06
1.620076600000e-03 1.512846110000e+00 3.469360540000e-06
1.701138910000e-03 1.519264580000e+00 3.712300440000e-06
1.701138910000e-03 1.525469180000e+00 3.976676000000e-06
1.863256100000e-03 1.531031850000e+00 4.235854700000e-06
1.944310960000e-03 1.537022470000e+00 4.528161300000e-06
1.944310960000e-03 1.542585130000e+00 4.821767560000e-06
2.025373280000e-03 1.547933940000e+00 5.140706890000e-06
2.106428150000e-03 1.553068640000e+00 5.460945890000e-06
2.187490460000e-03 1.558845280000e+00 5.864978450000e-06
2.268545330000e-03 1.563766120000e+00 6.284601110000e-06
2.349607650000e-03 1.568900940000e+00 6.779575410000e-06
2.511724830000e-03 1.573821780000e+00 7.347300650000e-06
2.511724830000e-03 1.578956600000e+00 8.093007640000e-06
2.592779700000e-03 1.583877440000e+00 9.053074790000e-06
2.754896880000e-03 1.588584300000e+00 1.058541240000e-05
2.835959200000e-03 1.593077300000e+00 1.354550840000e-05
2.835959200000e-03 1.597142340000e+00 2.296429010000e-05
2.998076380000e-03 1.600993390000e+00 2.296429010000e-05
3.079131250000e-03 1.605058430000e+00 5.763328230000e-05
3.160193560000e-03 1.608695630000e+00 7.531814480000e-05
3.241255880000e-03 1.612118840000e+00 9.420450810000e-05
3.241255880000e-03 1.615969900000e+00 1.129739680000e-04
3.403373060000e-03 1.619607090000e+00 1.310679950000e-04
3.403373060000e-03 1.623030300000e+00 1.489152200000e-04
3.484427930000e-03 1.626881360000e+00 1.687238250000e-04
3.646545110000e-03 1.630732420000e+00 1.871620480000e-04
3.646545110000e-03 1.634155630000e+00 2.062822460000e-04
3.727607430000e-03 1.637364860000e+00 2.243178020000e-04
3.889724610000e-03 1.641429900000e+00 2.432496110000e-04
3.970779480000e-03 1.645067100000e+00 2.615969570000e-04
3.970779480000e-03 1.648062350000e+00 2.804638060000e-04
4.132896660000e-03 1.651699540000e+00 2.804638060000e-04
4.295013840000e-03 1.655336740000e+00 3.175173190000e-04
4.295013840000e-03 1.658973810000e+00 3.341841510000e-04
4.376076160000e-03 1.662611010000e+00 3.519578900000e-04
4.457131030000e-03 1.666034220000e+00 3.698617220000e-04
4.457131030000e-03 1.669243450000e+00 3.897839630000e-04
4.538193350000e-03 1.672880530000e+00 4.079481880000e-04
4.700310530000e-03 1.676089760000e+00 4.261776050000e-04
4.781365390000e-03 1.679512980000e+00 4.431049160000e-04
4.781365390000e-03 1.682936190000e+00 4.618551760000e-04
4.862427710000e-03 1.686573390000e+00 4.795637800000e-04
5.024544890000e-03 1.689996600000e+00 4.979885420000e-04
5.105599760000e-03 1.693419690000e+00 5.153064850000e-04
5.105599760000e-03 1.697270870000e+00 5.337962650000e-04
5.267724390000e-03 1.700266120000e+00 5.512444770000e-04
5.267724390000e-03 1.703475360000e+00 5.689529930000e-04
5.348779260000e-03 1.706684590000e+00 5.856199420000e-04
5.510896440000e-03 1.710321780000e+00 6.033935930000e-04
5.591958760000e-03 1.713745000000e+00 6.199302730000e-04
5.591958760000e-03 1.717168210000e+00 6.373132930000e-04
5.754075940000e-03 1.720591310000e+00 6.543057390000e-04
5.835130810000e-03 1.723586560000e+00 6.721445820000e-04
5.754075940000e-03 1.727009770000e+00 6.890067600000e-04
5.997247990000e-03 1.730005260000e+00 7.054783640000e-04
5.997247990000e-03 1.733214380000e+00 7.203223070000e-04
6.078310310000e-03 1.736423730000e+00 7.375100390000e-04
6.240427490000e-03 1.740060810000e+00 7.544373510000e-04
6.321482360000e-03 1.743270160000e+00 7.710391070000e-04
6.402544680000e-03 1.746693130000e+00 7.870550030000e-04
6.483599540000e-03 1.750116350000e+00 8.046985600000e-04
6.483599540000e-03 1.753111840000e+00 8.214956030000e-04
6.564661860000e-03 1.756320950000e+00 8.382275120000e-04
6.645716730000e-03 1.759744170000e+00 8.541783900000e-04
6.807833910000e-03 1.762739420000e+00 8.705847430000e-04
6.888896230000e-03 1.765948770000e+00 8.865354470000e-04
6.969951090000e-03 1.769157890000e+00 9.025513430000e-04
6.969951090000e-03 1.772367240000e+00 9.180462800000e-04
7.051013410000e-03 1.776004310000e+00 9.347133450000e-04
7.213130590000e-03 1.778999570000e+00 9.502082830000e-04
7.294192910000e-03 1.782208920000e+00 9.659637000000e-04
7.375247780000e-03 1.784990310000e+00 9.800263210000e-04
7.456310090000e-03 1.788627390000e+00 9.968234230000e-04
7.456310090000e-03 1.791836740000e+00 1.012774300000e-03
7.537364960000e-03 1.795045850000e+00 1.028594790000e-03
7.699482140000e-03 1.798255210000e+00 1.042983030000e-03
7.699482140000e-03 1.801678420000e+00 1.058282800000e-03
7.780544460000e-03 1.804459570000e+00 1.072736110000e-03
7.861599330000e-03 1.807668920000e+00 1.087189420000e-03
7.942661640000e-03 1.810450320000e+00 1.102358920000e-03
8.023716510000e-03 1.814515350000e+00 1.118114330000e-03
8.266896010000e-03 1.816440820000e+00 1.133218520000e-03
8.185833690000e-03 1.820505860000e+00 1.148713750000e-03
8.266896010000e-03 1.822645430000e+00 1.162841330000e-03
8.510068060000e-03 1.827138420000e+00 1.177490110000e-03
8.591130380000e-03 1.830347540000e+00 1.191357500000e-03
8.429013190000e-03 1.832059140000e+00 1.205680540000e-03
8.591130380000e-03 1.835054400000e+00 1.218311020000e-03
8.753247560000e-03 1.838691710000e+00 1.233545600000e-03
8.834302430000e-03 1.841686960000e+00 1.248129060000e-03
8.834302430000e-03 1.845752000000e+00 1.262517410000e-03
8.996419610000e-03 1.847891570000e+00 1.275994120000e-03
8.996419610000e-03 1.851956610000e+00 1.290642660000e-03
9.077481930000e-03 1.855165720000e+00 1.304249740000e-03
9.239599110000e-03 1.857947110000e+00 1.318182100000e-03
9.320661430000e-03 1.860728500000e+00 1.330877650000e-03
9.320661430000e-03 1.864151720000e+00 1.345070430000e-03
9.482778610000e-03 1.866719010000e+00 1.358872750000e-03
9.563833480000e-03 1.870356320000e+00 1.373065640000e-03
9.644895790000e-03 1.873137470000e+00 1.386021610000e-03
9.725950660000e-03 1.876132970000e+00 1.399628470000e-03
9.725950660000e-03 1.878914120000e+00 1.412975140000e-03
9.807012980000e-03 1.879128220000e+00 1.413105400000e-03
9.888067840000e-03 1.882551430000e+00 1.426061150000e-03
9.969130160000e-03 1.885332580000e+00 1.438040400000e-03
1.005018500000e-02 1.888113980000e+00 1.451387070000e-03
1.013124730000e-02 1.891109230000e+00 1.463952360000e-03
1.021230220000e-02 1.894532440000e+00 1.477103560000e-03
1.021230220000e-02 1.897741790000e+00 1.489343350000e-03
1.037441940000e-02 1.900523190000e+00 1.502038790000e-03
1.045548170000e-02 1.903732300000e+00 1.514148320000e-03
1.053653660000e-02 1.906085730000e+00 1.526192880000e-03
1.053653660000e-02 1.909508940000e+00 1.537000290000e-03
1.069865380000e-02 1.912290330000e+00 1.549305050000e-03
1.077971610000e-02 1.915285590000e+00 1.561544840000e-03
1.086077090000e-02 1.918281080000e+00 1.573133520000e-03
1.094183330000e-02 1.921276330000e+00 1.584852460000e-03
1.102288810000e-02 1.924057720000e+00 1.596050450000e-03
1.110395040000e-02 1.927052970000e+00 1.607508980000e-03
1.118501280000e-02 1.930262090000e+00 1.618576930000e-03
1.126606760000e-02 1.932615520000e+00 1.628798430000e-03
1.126606760000e-02 1.935824870000e+00 1.639931350000e-03
1.134712990000e-02 1.938606260000e+00 1.650738760000e-03
1.142818480000e-02 1.941601510000e+00 1.661090410000e-03
1.150924710000e-02 1.944596770000e+00 1.671702600000e-03
1.159030200000e-02 1.947378160000e+00 1.682835510000e-03
1.175241920000e-02 1.950587270000e+00 1.693577970000e-03
1.175241920000e-02 1.953368660000e+00 1.703408780000e-03
1.183348150000e-02 1.956150050000e+00 1.713239700000e-03
1.199559870000e-02 1.959573270000e+00 1.723786700000e-03
1.199559870000e-02 1.962140560000e+00 1.734724380000e-03
1.207665350000e-02 1.965136050000e+00 1.744945770000e-03
1.223877070000e-02 1.968131300000e+00 1.754451080000e-03
1.231983300000e-02 1.970912690000e+00 1.764086660000e-03
1.231983300000e-02 1.973693850000e+00 1.773396740000e-03
1.248195020000e-02 1.976689340000e+00 1.782446280000e-03
1.248195020000e-02 1.979042770000e+00 1.791495950000e-03
1.264406740000e-02 1.982251880000e+00 1.801196490000e-03
1.272512230000e-02 1.985247140000e+00 1.810571760000e-03
1.280618460000e-02 1.988242630000e+00 1.819686380000e-03
1.288723950000e-02 1.990596060000e+00 1.828735930000e-03
1.288723950000e-02 1.993805170000e+00 1.838306550000e-03
1.304936410000e-02 1.996158600000e+00 1.846639910000e-03
1.304936410000e-02 1.999367950000e+00 1.855103530000e-03
1.313041900000e-02 2.001935240000e+00 1.862981240000e-03
1.329253610000e-02 2.004930730000e+00 1.872291320000e-03
1.329253610000e-02 2.007711890000e+00 1.881796630000e-03
1.345465330000e-02 2.010707380000e+00 1.889999840000e-03
1.345465330000e-02 2.013274670000e+00 1.897552050000e-03
1.353571560000e-02 2.016056060000e+00 1.905885530000e-03
1.369783280000e-02 2.018837450000e+00 1.913372540000e-03
1.369783280000e-02 2.021190880000e+00 1.921510670000e-03
1.377888770000e-02 2.024186130000e+00 1.928932730000e-03
1.385995000000e-02 2.026967530000e+00 1.937786930000e-03
1.402206720000e-02 2.030176640000e+00 1.946641250000e-03
1.410312210000e-02 2.032958030000e+00 1.954974610000e-03
1.410312210000e-02 2.035525560000e+00 1.962657090000e-03
1.418418440000e-02 2.038520810000e+00 1.970013840000e-03
1.426523920000e-02 2.040874240000e+00 1.974050420000e-03
1.434630160000e-02 2.044083360000e+00 1.979975030000e-03
1.450841870000e-02 2.046436790000e+00 1.986290330000e-03
1.458947360000e-02 2.049218180000e+00 1.993842420000e-03
1.458947360000e-02 2.051785710000e+00 2.000352830000e-03
1.475159080000e-02 2.054780960000e+00 2.006863480000e-03
1.483265310000e-02 2.057562350000e+00 2.012853050000e-03
1.491370800000e-02 2.060129640000e+00 2.018842850000e-03
1.491370800000e-02 2.062911030000e+00 2.024441720000e-03
1.507583260000e-02 2.065692420000e+00 2.029780530000e-03
1.515688750000e-02 2.068045850000e+00 2.034858570000e-03
1.515688750000e-02 2.070827250000e+00 2.041108670000e-03
1.531900470000e-02 2.073822500000e+00 2.046837940000e-03
1.540006700000e-02 2.076175930000e+00 2.051981170000e-03
1.540006700000e-02 2.078743220000e+00 2.056668750000e-03
1.548112180000e-02 2.081310750000e+00 2.060509990000e-03
1.556218420000e-02 2.084092140000e+00 2.063570080000e-03
1.572430130000e-02 2.086659430000e+00 2.066955440000e-03
1.580535620000e-02 2.089226960000e+00 2.070275830000e-03
1.580535620000e-02 2.092008110000e+00 2.074572720000e-03
1.596747340000e-02 2.094575640000e+00 2.078999770000e-03
1.596747340000e-02 2.097357030000e+00 2.082450320000e-03
1.612959060000e-02 2.099710460000e+00 2.085575370000e-03
1.621065290000e-02 2.102491620000e+00 2.089221260000e-03
1.629170780000e-02 2.105273010000e+00 2.092932350000e-03
1.629170780000e-02 2.107626440000e+00 2.096903740000e-03
1.637277010000e-02 2.109979870000e+00 2.099638110000e-03
1.645382490000e-02 2.112761260000e+00 2.101982010000e-03
1.653488730000e-02 2.115542650000e+00 2.105172260000e-03
1.661594210000e-02 2.118110180000e+00 2.109078220000e-03
1.677805930000e-02 2.120463610000e+00 2.111487320000e-03
1.685912160000e-02 2.123244760000e+00 2.113440310000e-03
1.685912160000e-02 2.125812290000e+00 2.114872680000e-03
1.694017650000e-02 2.128165720000e+00 2.116240100000e-03
1.702123880000e-02 2.130733010000e+00 2.117476890000e-03
1.718335600000e-02 2.133086440000e+00 2.118193080000e-03
1.718335600000e-02 2.135867830000e+00 2.119625450000e-03
1.726441830000e-02 2.138435360000e+00 2.121773780000e-03
1.742653550000e-02 2.141216750000e+00 2.124052490000e-03
1.750759040000e-02 2.143570180000e+00 2.125549830000e-03
1.750759040000e-02 2.145709510000e+00 2.126005710000e-03
1.766970750000e-02 2.148277040000e+00 2.126331210000e-03
1.766970750000e-02 2.150844340000e+00 2.126135860000e-03
1.775076990000e-02 2.153197770000e+00 2.126917240000e-03
1.791288700000e-02 2.155765300000e+00 2.126591510000e-03
1.799394190000e-02 2.158118720000e+00 2.125875560000e-03
1.807500420000e-02 2.160900120000e+00 2.125224330000e-03
1.807500420000e-02 2.163253550000e+00 2.125224330000e-03
1.823712140000e-02 2.165606980000e+00 2.124964030000e-03
1.831817630000e-02 2.168174270000e+00 2.125029220000e-03
1.831817630000e-02 2.170527700000e+00 2.125224330000e-03
1.839923860000e-02 2.172667260000e+00 2.124898830000e-03
1.856135580000e-02 2.175234560000e+00 2.124703720000e-03
1.864241060000e-02 2.178015950000e+00 2.123727000000e-03
1.864241060000e-02 2.180155520000e+00 2.121969130000e-03
1.880452780000e-02 2.182508950000e+00 2.120276450000e-03
1.880452780000e-02 2.184862380000e+00 2.118648730000e-03
1.896665250000e-02 2.187429900000e+00 2.116044520000e-03
1.896665250000e-02 2.189569230000e+00 2.113375350000e-03
1.904770730000e-02 2.192136760000e+00 2.110185100000e-03
1.920982450000e-02 2.194490190000e+00 2.107841430000e-03
1.912876960000e-02 2.194704060000e+00 2.107450740000e-03
1.920982450000e-02 2.197057490000e+00 2.105432330000e-03
1.929088680000e-02 2.199410920000e+00 2.103935000000e-03
1.937194170000e-02 2.201764350000e+00 2.102372470000e-03
1.953405890000e-02 2.203903910000e+00 2.100354290000e-03
