#  J [A] 	 V 	 L [w] 
7.995963100000e-05 7.212162020000e-06 -1.420405240000e-09
1.610219480000e-04 7.212162020000e-06 -1.420405240000e-09
7.995963100000e-05 7.212162020000e-06 -1.420405240000e-09
7.995963100000e-05 7.212162020000e-06 -1.355841330000e-09
1.610219480000e-04 7.212162020000e-06 -1.291277420000e-09
7.995963100000e-05 7.212162020000e-06 -1.420405240000e-09
1.610219480000e-04 7.212162020000e-06 -1.484969040000e-09
1.610219480000e-04 -2.067387100000e-04 -1.420405240000e-09
2.420768140000e-04 5.616253610000e-01 -1.291277420000e-09
2.420768140000e-04 1.418708210000e+00 2.797877130000e-07
3.231391310000e-04 1.423629050000e+00 3.158747290000e-07
4.041939970000e-04 1.447805400000e+00 5.668703690000e-07
4.041939970000e-04 1.466205120000e+00 8.323268050000e-07
4.852563140000e-04 1.480753660000e+00 1.105207050000e-06
6.473734970000e-04 1.494446400000e+00 1.413980730000e-06
6.473734970000e-04 1.505785820000e+00 1.722754400000e-06
7.284283640000e-04 1.516697290000e+00 2.056963470000e-06
8.094906810000e-04 1.525683160000e+00 2.375872550000e-06
8.905455470000e-04 1.536166670000e+00 2.772443170000e-06
9.716078640000e-04 1.545152540000e+00 2.772443170000e-06
1.133725050000e-03 1.553924440000e+00 3.664881660000e-06
1.214787360000e-03 1.561840650000e+00 4.150760560000e-06
1.295842230000e-03 1.570184710000e+00 4.743169480000e-06
1.376904550000e-03 1.577886820000e+00 5.416125080000e-06
1.457959410000e-03 1.585161210000e+00 6.278105960000e-06
1.457959410000e-03 1.592221500000e+00 7.343403470000e-06
1.620076600000e-03 1.599281790000e+00 9.141415830000e-06
1.701138910000e-03 1.606128220000e+00 1.308431270000e-05
1.701138910000e-03 1.611904860000e+00 1.308431270000e-05
1.782193780000e-03 1.616825700000e+00 5.453533590000e-05
1.863256100000e-03 1.622388360000e+00 8.123474250000e-05
2.025373280000e-03 1.627309320000e+00 1.081224840000e-04
2.025373280000e-03 1.632230160000e+00 1.355622660000e-04
2.106428150000e-03 1.637151000000e+00 1.611900520000e-04
2.187490460000e-03 1.642713670000e+00 1.900976350000e-04
2.268545330000e-03 1.647634510000e+00 2.180115410000e-04
2.430662510000e-03 1.652555350000e+00 2.456526560000e-04
2.511724830000e-03 1.657476190000e+00 2.723325740000e-04
2.511724830000e-03 1.662611010000e+00 2.723325740000e-04
2.592779700000e-03 1.667531850000e+00 3.283247350000e-04
2.673842010000e-03 1.672024730000e+00 3.541714100000e-04
2.754896880000e-03 1.676731710000e+00 3.795623780000e-04
2.917014060000e-03 1.681652550000e+00 4.073622400000e-04
2.998076380000e-03 1.686359410000e+00 4.336647400000e-04
2.998076380000e-03 1.691280250000e+00 4.603578130000e-04
3.079131250000e-03 1.695345280000e+00 4.861393830000e-04
3.241255880000e-03 1.700266120000e+00 5.132881920000e-04
3.241255880000e-03 1.704759120000e+00 5.409579030000e-04
3.322310750000e-03 1.709252000000e+00 5.671951800000e-04
3.484427930000e-03 1.713317040000e+00 5.922606800000e-04
3.484427930000e-03 1.718237880000e+00 6.187584370000e-04
3.565490250000e-03 1.722944740000e+00 6.446702170000e-04
3.727607430000e-03 1.727437730000e+00 6.729258460000e-04
3.808662300000e-03 1.731716870000e+00 6.972751000000e-04
3.889724610000e-03 1.736209630000e+00 7.258562250000e-04
3.889724610000e-03 1.740488770000e+00 7.542420060000e-04
4.051841800000e-03 1.744981530000e+00 7.821721370000e-04
4.132896660000e-03 1.749260660000e+00 8.074980000000e-04
4.132896660000e-03 1.753539560000e+00 8.339956400000e-04
4.295013840000e-03 1.757818700000e+00 8.565221210000e-04
4.376076160000e-03 1.761883740000e+00 8.803505330000e-04
4.376076160000e-03 1.766162630000e+00 9.037884300000e-04
4.538193350000e-03 1.770655630000e+00 9.292443860000e-04
4.538193350000e-03 1.774720670000e+00 9.539191960000e-04
4.619248210000e-03 1.778785710000e+00 9.793754430000e-04
4.781365390000e-03 1.782850740000e+00 1.003464220000e-03
4.862427710000e-03 1.786701920000e+00 1.031329160000e-03
4.862427710000e-03 1.790980820000e+00 1.058803520000e-03
4.943482580000e-03 1.795259950000e+00 1.085887310000e-03
5.105599760000e-03 1.798897030000e+00 1.110627320000e-03
5.105599760000e-03 1.803175930000e+00 1.136864420000e-03
5.267724390000e-03 1.807240960000e+00 1.161799770000e-03
5.267724390000e-03 1.811092140000e+00 1.186149080000e-03
5.429841580000e-03 1.814729210000e+00 1.211735300000e-03
5.429841580000e-03 1.819222210000e+00 1.242530180000e-03
5.510896440000e-03 1.823073390000e+00 1.270395120000e-03
5.591958760000e-03 1.826924320000e+00 1.296827690000e-03
5.673013630000e-03 1.830775500000e+00 1.320981650000e-03
5.835130810000e-03 1.834840540000e+00 1.346177310000e-03
5.835130810000e-03 1.838691710000e+00 1.371373070000e-03
5.916193130000e-03 1.842542650000e+00 1.395722150000e-03
5.997247990000e-03 1.845965860000e+00 1.416555840000e-03
6.078310310000e-03 1.850030900000e+00 1.439342510000e-03
6.159365180000e-03 1.853882070000e+00 1.459525200000e-03
6.240427490000e-03 1.857519150000e+00 1.482897900000e-03
6.321482360000e-03 1.861370330000e+00 1.505814960000e-03
6.483599540000e-03 1.865007400000e+00 1.530424690000e-03
6.483599540000e-03 1.868858580000e+00 1.555555150000e-03
6.645716730000e-03 1.872709750000e+00 1.580685730000e-03
6.726779040000e-03 1.876346830000e+00 1.604058430000e-03
6.726779040000e-03 1.879770040000e+00 1.629449310000e-03
6.807833910000e-03 1.883835080000e+00 1.654710040000e-03
6.888896230000e-03 1.887686250000e+00 1.680556920000e-03
7.051013410000e-03 1.891109230000e+00 1.705492030000e-03
7.132075730000e-03 1.894746540000e+00 1.731338910000e-03
7.132075730000e-03 1.897955660000e+00 1.757511050000e-03
7.294192910000e-03 1.901592970000e+00 1.779646850000e-03
7.294192910000e-03 1.905230050000e+00 1.799699150000e-03
7.375247780000e-03 1.909081220000e+00 1.822355670000e-03
7.456310090000e-03 1.912504430000e+00 1.846249220000e-03
7.618427280000e-03 1.916569470000e+00 1.871509940000e-03
7.618427280000e-03 1.919564720000e+00 1.896380210000e-03
7.699482140000e-03 1.923415660000e+00 1.921771210000e-03
7.780544460000e-03 1.926625010000e+00 1.944753220000e-03
7.861599330000e-03 1.930262090000e+00 1.968451540000e-03
7.942661640000e-03 1.933685300000e+00 1.990912710000e-03
8.023716510000e-03 1.937322620000e+00 2.015327100000e-03
8.104778830000e-03 1.940959690000e+00 2.039025300000e-03
8.185833690000e-03 1.943954940000e+00 2.063635040000e-03
8.266896010000e-03 1.947806120000e+00 2.087072930000e-03
8.347950880000e-03 1.951015230000e+00 2.111617480000e-03
8.429013190000e-03 1.954652550000e+00 2.134794840000e-03
8.510068060000e-03 1.957861660000e+00 2.157386390000e-03
8.672185240000e-03 1.960856910000e+00 2.178089690000e-03
8.672185240000e-03 1.964494230000e+00 2.202243780000e-03
8.753247560000e-03 1.967917200000e+00 2.226462820000e-03
8.915364740000e-03 1.971554520000e+00 2.248989190000e-03
8.915364740000e-03 1.974763630000e+00 2.268650800000e-03
8.996419610000e-03 1.978186850000e+00 2.287205770000e-03
9.077481930000e-03 1.981396200000e+00 2.307518620000e-03
9.158544240000e-03 1.985033270000e+00 2.330370480000e-03
9.239599110000e-03 1.988242630000e+00 2.355761360000e-03
9.401716290000e-03 1.991665840000e+00 2.385058670000e-03
9.482778610000e-03 1.994874950000e+00 2.412858420000e-03
9.482778610000e-03 1.998512030000e+00 2.438705410000e-03
9.563833480000e-03 2.001507520000e+00 2.460385210000e-03
9.644895790000e-03 2.004716630000e+00 2.483106920000e-03
9.725950660000e-03 2.008139850000e+00 2.505177630000e-03
9.725950660000e-03 2.008139850000e+00 2.505437940000e-03
9.807012980000e-03 2.011349200000e+00 2.529917520000e-03
9.969130160000e-03 2.014558320000e+00 2.554201750000e-03
1.005018500000e-02 2.017981530000e+00 2.580959820000e-03
1.005018500000e-02 2.021404740000e+00 2.601532960000e-03
1.021230220000e-02 2.024614100000e+00 2.619697480000e-03
1.029336450000e-02 2.027823210000e+00 2.642744690000e-03
1.037441940000e-02 2.031032560000e+00 2.669177250000e-03
1.045548170000e-02 2.034027810000e+00 2.691898960000e-03
1.053653660000e-02 2.037236930000e+00 2.715336620000e-03
1.053653660000e-02 2.040232420000e+00 2.739425750000e-03
1.061759890000e-02 2.043441530000e+00 2.763514410000e-03
1.077971610000e-02 2.046864750000e+00 2.779986010000e-03
1.086077090000e-02 2.050074100000e+00 2.800494200000e-03
1.094183330000e-02 2.053069350000e+00 2.823801710000e-03
1.102288810000e-02 2.056278470000e+00 2.849257780000e-03
1.102288810000e-02 2.059273960000e+00 2.873411870000e-03
1.118501280000e-02 2.062697170000e+00 2.873411870000e-03
1.118501280000e-02 2.065264460000e+00 2.944606120000e-03
1.126606760000e-02 2.068473820000e+00 2.955644390000e-03
1.134712990000e-02 2.071682930000e+00 2.967980690000e-03
1.142818480000e-02 2.074892280000e+00 2.988758960000e-03
1.150924710000e-02 2.077887540000e+00 3.014730520000e-03
1.159030200000e-02 2.081310750000e+00 3.031613070000e-03
1.167136430000e-02 2.084306000000e+00 3.049144290000e-03
1.183348150000e-02 2.087515350000e+00 3.073168220000e-03
1.191453640000e-02 2.089868780000e+00 3.094595160000e-03
1.207665350000e-02 2.093719720000e+00 3.118620020000e-03
1.207665350000e-02 2.096501110000e+00 3.136151240000e-03
1.215771590000e-02 2.099496360000e+00 3.162123500000e-03
1.215771590000e-02 2.102277760000e+00 3.185498760000e-03
1.231983300000e-02 2.105273010000e+00 3.209522930000e-03
1.240088790000e-02 2.108268260000e+00 3.229650900000e-03
1.240088790000e-02 2.111263750000e+00 3.249130440000e-03
1.256300510000e-02 2.113831040000e+00 3.262765710000e-03
1.256300510000e-02 2.117254260000e+00 3.283543980000e-03
1.272512230000e-02 2.120677470000e+00 3.302373220000e-03
1.280618460000e-02 2.122817040000e+00 3.319255770000e-03
1.288723950000e-02 2.125598190000e+00 3.338734390000e-03
1.288723950000e-02 2.129663470000e+00 3.360162260000e-03
1.296830180000e-02 2.133086440000e+00 3.382237860000e-03
1.304936410000e-02 2.135867830000e+00 3.402366770000e-03
1.321148130000e-02 2.138221260000e+00 3.419897980000e-03
1.329253610000e-02 2.141002660000e+00 3.441974290000e-03
1.321148130000e-02 2.143570180000e+00 3.464700190000e-03
1.337359850000e-02 2.146993400000e+00 3.484179030000e-03
1.345465330000e-02 2.149346830000e+00 3.504957310000e-03
1.345465330000e-02 2.151914120000e+00 3.532227830000e-03
1.369783280000e-02 2.154695510000e+00 3.554304130000e-03
1.377888770000e-02 2.157262800000e+00 3.569887720000e-03
1.377888770000e-02 2.161113980000e+00 3.590015930000e-03
1.377888770000e-02 2.163895370000e+00 3.613391190000e-03
1.394100490000e-02 2.167532440000e+00 3.632221370000e-03
1.402206720000e-02 2.170099970000e+00 3.654947270000e-03
1.410312210000e-02 2.172667260000e+00 3.674425880000e-03
1.434630160000e-02 2.175876620000e+00 3.698450750000e-03
1.426523920000e-02 2.179085730000e+00 3.714683000000e-03
1.434630160000e-02 2.181439160000e+00 3.736759300000e-03
1.442735640000e-02 2.184220550000e+00 3.753641150000e-03
1.450841870000e-02 2.187429900000e+00 3.774419430000e-03
1.467053590000e-02 2.190639020000e+00 3.795846370000e-03
1.467053590000e-02 2.192992450000e+00 3.817273540000e-03
1.475159080000e-02 2.196201800000e+00 3.833506490000e-03
1.491370800000e-02 2.198555230000e+00 3.849738740000e-03
1.491370800000e-02 2.201764350000e+00 3.865971700000e-03
1.499477030000e-02 2.204117770000e+00 3.890645220000e-03
1.515688750000e-02 2.207113270000e+00 3.910773430000e-03
1.515688750000e-02 2.209894420000e+00 3.932200370000e-03
1.531900470000e-02 2.212889910000e+00 3.954276910000e-03
1.531900470000e-02 2.215671060000e+00 3.977002580000e-03
1.548112180000e-02 2.218024490000e+00 3.996482120000e-03
1.548112180000e-02 2.221019980000e+00 4.015312060000e-03
1.556218420000e-02 2.224015240000e+00 4.029596690000e-03
1.564323900000e-02 2.226368670000e+00 4.038037270000e-03
1.572430130000e-02 2.229150060000e+00 4.055568950000e-03
1.580535620000e-02 2.231931450000e+00 4.069204440000e-03
1.596747340000e-02 2.234926700000e+00 4.093228370000e-03
1.596747340000e-02 2.237493990000e+00 4.114006180000e-03
1.604853570000e-02 2.239847420000e+00 4.135433580000e-03
1.621065290000e-02 2.242842670000e+00 4.152964800000e-03
1.621065290000e-02 2.245838170000e+00 4.166600290000e-03
1.629170780000e-02 2.248405460000e+00 4.187377640000e-03
1.637277010000e-02 2.250545020000e+00 4.204260190000e-03
1.653488730000e-02 2.253540280000e+00 4.215946890000e-03
1.653488730000e-02 2.255893710000e+00 4.234777300000e-03
1.669700440000e-02 2.258888960000e+00 4.252957650000e-03
1.677805930000e-02 2.261670350000e+00 4.273735920000e-03
1.685912160000e-02 2.264665600000e+00 4.288670140000e-03
1.694017650000e-02 2.267019030000e+00 4.309447480000e-03
1.694017650000e-02 2.269372460000e+00 4.327628300000e-03
1.710230110000e-02 2.272153850000e+00 4.342562520000e-03
1.710230110000e-02 2.275149110000e+00 4.358144940000e-03
1.718335600000e-02 2.277716640000e+00 4.376325760000e-03
1.734547320000e-02 2.280283930000e+00 4.397753630000e-03
1.734547320000e-02 2.282851460000e+00 4.413985650000e-03
1.742653550000e-02 2.285632850000e+00 4.431516860000e-03
1.750759040000e-02 2.288414000000e+00 4.449697680000e-03
1.758865270000e-02 2.290767430000e+00 4.468527620000e-03
1.766970750000e-02 2.293334960000e+00 4.478916060000e-03
1.775076990000e-02 2.296116350000e+00 4.495149480000e-03
1.791288700000e-02 2.298683640000e+00 4.507485780000e-03
1.791288700000e-02 2.301251170000e+00 4.525017460000e-03
1.799394190000e-02 2.303604600000e+00 4.541249950000e-03
1.807500420000e-02 2.306599860000e+00 4.556833300000e-03
1.815605910000e-02 2.309167150000e+00 4.580857230000e-03
1.823712140000e-02 2.311520580000e+00 4.602284170000e-03
1.839923860000e-02 2.314301970000e+00 4.617218390000e-03
1.848029350000e-02 2.317083360000e+00 4.636697940000e-03
1.848029350000e-02 2.319436790000e+00 4.654229150000e-03
1.864241060000e-02 2.322004320000e+00 4.669163380000e-03
1.872347300000e-02 2.324571610000e+00 4.686044990000e-03
1.872347300000e-02 2.327138900000e+00 4.702927080000e-03
1.888559010000e-02 2.329706430000e+00 4.715912980000e-03
1.896665250000e-02 2.332273720000e+00 4.729548470000e-03
1.904770730000e-02 2.334627150000e+00 4.741236100000e-03
1.912876960000e-02 2.337622640000e+00 4.756170320000e-03
1.912876960000e-02 2.339976070000e+00 4.771753680000e-03
1.912876960000e-02 2.340189930000e+00 4.773051940000e-03
1.929088680000e-02 2.342543360000e+00 4.782791720000e-03
1.929088680000e-02 2.345324750000e+00 4.800972530000e-03
1.937194170000e-02 2.347892050000e+00 4.817854150000e-03
1.953405890000e-02 2.350459580000e+00 4.830191380000e-03
