#  J [A] 	 V 	 L [w] 
1.953405890000e-02 2.381268260000e+00 7.288510910000e-03
1.937194170000e-02 2.378700970000e+00 7.250272670000e-03
1.937194170000e-02 2.375705480000e+00 7.209237200000e-03
1.929088680000e-02 2.373566150000e+00 7.194315550000e-03
1.920982450000e-02 2.370570900000e+00 7.164470390000e-03
1.912876960000e-02 2.370570900000e+00 7.164470390000e-03
1.912876960000e-02 2.368003370000e+00 7.139289750000e-03
1.896665250000e-02 2.365221980000e+00 7.104782850000e-03
1.896665250000e-02 2.362654690000e+00 7.079601750000e-03
1.888559010000e-02 2.360087160000e+00 7.050689780000e-03
1.872347300000e-02 2.357733730000e+00 7.026441860000e-03
1.864241060000e-02 2.354524610000e+00 7.004058450000e-03
1.856135580000e-02 2.352171180000e+00 6.975147410000e-03
1.848029350000e-02 2.349389790000e+00 6.946234960000e-03
1.848029350000e-02 2.346822260000e+00 6.922919770000e-03
1.831817630000e-02 2.343827010000e+00 6.894007790000e-03
1.831817630000e-02 2.341473580000e+00 6.872557100000e-03
1.823712140000e-02 2.338692190000e+00 6.850175090000e-03
1.807500420000e-02 2.336124900000e+00 6.822195370000e-03
1.807500420000e-02 2.333557610000e+00 6.796082020000e-03
1.791288700000e-02 2.330776210000e+00 6.769035480000e-03
1.783182470000e-02 2.327994820000e+00 6.743854840000e-03
1.783182470000e-02 2.325641390000e+00 6.718673740000e-03
1.775076990000e-02 2.322860000000e+00 6.690694480000e-03
1.766970750000e-02 2.320292710000e+00 6.666446570000e-03
1.750759040000e-02 2.317725180000e+00 6.640332750000e-03
1.750759040000e-02 2.314943790000e+00 6.616083910000e-03
1.734547320000e-02 2.311948540000e+00 6.587172860000e-03
1.726441830000e-02 2.309595110000e+00 6.563856730000e-03
1.718335600000e-02 2.306813720000e+00 6.541474260000e-03
1.710230110000e-02 2.304032330000e+00 6.512561810000e-03
1.710230110000e-02 2.301251170000e+00 6.488313900000e-03
1.702123880000e-02 2.298897740000e+00 6.465930490000e-03
1.685912160000e-02 2.295902250000e+00 6.442614370000e-03
1.677805930000e-02 2.293121100000e+00 6.417433730000e-03
1.669700440000e-02 2.290553570000e+00 6.391319910000e-03
1.669700440000e-02 2.287986280000e+00 6.366139280000e-03
1.661594210000e-02 2.284776930000e+00 6.341890900000e-03
1.653488730000e-02 2.282209630000e+00 6.309248510000e-03
1.645382490000e-02 2.279428240000e+00 6.279404740000e-03
1.637277010000e-02 2.276860710000e+00 6.254223180000e-03
1.629170780000e-02 2.274293420000e+00 6.227177570000e-03
1.621065290000e-02 2.271512030000e+00 6.201995540000e-03
1.604853570000e-02 2.268730640000e+00 6.172151770000e-03
1.596747340000e-02 2.265735390000e+00 6.147903860000e-03
1.596747340000e-02 2.262954000000e+00 6.125520450000e-03
1.580535620000e-02 2.260386710000e+00 6.094743500000e-03
1.580535620000e-02 2.257391450000e+00 6.063967010000e-03
1.572430130000e-02 2.254610060000e+00 6.037853190000e-03
1.564323900000e-02 2.251828670000e+00 5.994952280000e-03
1.556218420000e-02 2.249261380000e+00 5.962309890000e-03
1.548112180000e-02 2.246265890000e+00 5.943657830000e-03
1.531900470000e-02 2.243698600000e+00 5.919409450000e-03
1.531900470000e-02 2.240703340000e+00 5.876508540000e-03
1.523794980000e-02 2.237708090000e+00 5.847596100000e-03
1.515688750000e-02 2.234926700000e+00 5.812156480000e-03
1.507583260000e-02 2.232145310000e+00 5.794436210000e-03
1.499477030000e-02 2.229363920000e+00 5.768322390000e-03
1.491370800000e-02 2.226796630000e+00 5.743141750000e-03
1.483265310000e-02 2.223373410000e+00 5.714230710000e-03
1.467053590000e-02 2.220592020000e+00 5.685318730000e-03
1.458947360000e-02 2.217810630000e+00 5.658272190000e-03
1.458947360000e-02 2.215029240000e+00 5.623765290000e-03
1.450841870000e-02 2.211820130000e+00 5.591122900000e-03
1.434630160000e-02 2.209038730000e+00 5.553817380000e-03
1.434630160000e-02 2.206043480000e+00 5.517445040000e-03
1.426523920000e-02 2.203475950000e+00 5.488533990000e-03
1.418418440000e-02 2.200266840000e+00 5.454958880000e-03
1.402206720000e-02 2.197485450000e+00 5.427913270000e-03
1.394100490000e-02 2.194704060000e+00 5.395270880000e-03
1.385995000000e-02 2.191708800000e+00 5.362628490000e-03
1.385995000000e-02 2.188713550000e+00 5.329053380000e-03
1.377888770000e-02 2.185718300000e+00 5.298276900000e-03
1.361677050000e-02 2.182722810000e+00 5.268433130000e-03
1.361677050000e-02 2.180155520000e+00 5.236723460000e-03
1.345465330000e-02 2.176732300000e+00 5.206879690000e-03
1.345465330000e-02 2.173737050000e+00 5.188226230000e-03
1.337359850000e-02 2.170955660000e+00 5.153719340000e-03
1.329253610000e-02 2.168174270000e+00 5.118279720000e-03
1.313041900000e-02 2.165179010000e+00 5.081907380000e-03
1.304936410000e-02 2.161969660000e+00 5.041803230000e-03
1.296830180000e-02 2.158760550000e+00 5.010094030000e-03
1.288723950000e-02 2.155979160000e+00 4.983980210000e-03
1.288723950000e-02 2.152983900000e+00 4.953203720000e-03
1.272512230000e-02 2.149988650000e+00 4.924292680000e-03
1.264406740000e-02 2.147207260000e+00 4.893515720000e-03
1.256300510000e-02 2.143784050000e+00 4.859007890000e-03
1.256300510000e-02 2.141002660000e+00 4.828231410000e-03
1.248195020000e-02 2.138007400000e+00 4.798387180000e-03
1.231983300000e-02 2.134798050000e+00 4.762014840000e-03
1.223877070000e-02 2.132230760000e+00 4.734035580000e-03
1.223877070000e-02 2.129235510000e+00 4.698595960000e-03
1.215771590000e-02 2.125598190000e+00 4.672482140000e-03
1.199559870000e-02 2.123030900000e+00 4.640772470000e-03
1.199559870000e-02 2.120463610000e+00 4.614659120000e-03
1.183348150000e-02 2.115756510000e+00 4.580152220000e-03
1.175241920000e-02 2.113617180000e+00 4.549375270000e-03
1.167136430000e-02 2.111263750000e+00 4.510204310000e-03
1.167136430000e-02 2.108268260000e+00 4.471033350000e-03
1.159030200000e-02 2.103989360000e+00 4.430930600000e-03
1.142818480000e-02 2.100780250000e+00 4.395490980000e-03
1.134712990000e-02 2.097142930000e+00 4.363781310000e-03
1.134712990000e-02 2.094575640000e+00 4.339533390000e-03
1.110395040000e-02 2.090296510000e+00 4.311554130000e-03
1.102288810000e-02 2.089012860000e+00 4.277047240000e-03
1.102288810000e-02 2.086231470000e+00 4.245337560000e-03
1.102288810000e-02 2.083236220000e+00 4.212695170000e-03
1.094183330000e-02 2.078957320000e+00 4.176322840000e-03
1.077971610000e-02 2.076389790000e+00 4.146479070000e-03
1.069865380000e-02 2.072966580000e+00 4.109173550000e-03
1.069865380000e-02 2.069757460000e+00 4.076531160000e-03
1.053653660000e-02 2.065692420000e+00 4.042956050000e-03
1.053653660000e-02 2.062911030000e+00 4.011246840000e-03
1.037441940000e-02 2.059701680000e+00 3.984201230000e-03
1.037441940000e-02 2.056920530000e+00 3.953423350000e-03
1.021230220000e-02 2.053497310000e+00 3.921715080000e-03
1.021230220000e-02 2.049646140000e+00 3.887207010000e-03
1.013124730000e-02 2.046650890000e+00 3.853633070000e-03
9.969130160000e-03 2.043655630000e+00 3.821923630000e-03
9.888067840000e-03 2.039804460000e+00 3.785551060000e-03
9.807012980000e-03 2.037023070000e+00 3.749178490000e-03
9.807012980000e-03 2.033599850000e+00 3.713737710000e-03
9.725950660000e-03 2.033813950000e+00 3.713737710000e-03
9.644895790000e-03 2.030176640000e+00 3.713737710000e-03
9.644895790000e-03 2.026967530000e+00 3.628889100000e-03
9.482778610000e-03 2.023758170000e+00 3.596439720000e-03
9.482778610000e-03 2.020762920000e+00 3.562307220000e-03
9.320661430000e-03 2.016911750000e+00 3.524527890000e-03
9.239599110000e-03 2.013060810000e+00 3.484691030000e-03
9.158544240000e-03 2.010065320000e+00 3.449810670000e-03
9.158544240000e-03 2.007070060000e+00 3.413527040000e-03
8.996419610000e-03 2.003005030000e+00 3.379955650000e-03
8.915364740000e-03 1.999581810000e+00 3.346384500000e-03
8.915364740000e-03 1.996158600000e+00 3.316834100000e-03
8.753247560000e-03 1.992521520000e+00 3.286442250000e-03
8.672185240000e-03 1.989098310000e+00 3.255395680000e-03
8.591130380000e-03 1.985461240000e+00 3.223040140000e-03
8.591130380000e-03 1.982251880000e+00 3.191806380000e-03
8.510068060000e-03 1.979256630000e+00 3.157393310000e-03
8.347950880000e-03 1.975405450000e+00 3.121764630000e-03
8.347950880000e-03 1.972196340000e+00 3.085107310000e-03
8.185833690000e-03 1.968559270000e+00 3.046486290000e-03
8.185833690000e-03 1.965563770000e+00 3.003470130000e-03
8.104778830000e-03 1.961498740000e+00 2.964942480000e-03
8.023716510000e-03 1.958075520000e+00 2.927911000000e-03
7.861599330000e-03 1.954652550000e+00 2.895555230000e-03
7.780544460000e-03 1.951443200000e+00 2.862171040000e-03
7.780544460000e-03 1.947592020000e+00 2.822240580000e-03
7.618427280000e-03 1.943954940000e+00 2.788388870000e-03
7.537364960000e-03 1.940317870000e+00 2.751263790000e-03
7.456310090000e-03 1.936680560000e+00 2.712081420000e-03
7.456310090000e-03 1.933043480000e+00 2.668036610000e-03
7.375247780000e-03 1.929406400000e+00 2.626142460000e-03
7.294192910000e-03 1.925555230000e+00 2.592758280000e-03
7.132075730000e-03 1.922346120000e+00 2.561898900000e-03
7.132075730000e-03 1.918922900000e+00 2.528327520000e-03
6.969951090000e-03 1.914857860000e+00 2.493353330000e-03
6.969951090000e-03 1.911434650000e+00 2.459594980000e-03
6.888896230000e-03 1.907155510000e+00 2.422002380000e-03
6.726779040000e-03 1.903732300000e+00 2.377957340000e-03
6.726779040000e-03 1.899667260000e+00 2.332977480000e-03
6.645716730000e-03 1.896030190000e+00 2.302492040000e-03
6.564661860000e-03 1.892393110000e+00 2.266208640000e-03
6.402544680000e-03 1.888328080000e+00 2.228616270000e-03
6.321482360000e-03 1.884263040000e+00 2.195138480000e-03
6.240427490000e-03 1.880625720000e+00 2.160912610000e-03
6.240427490000e-03 1.876988650000e+00 2.123787300000e-03
6.159365180000e-03 1.873137470000e+00 2.083763480000e-03
5.997247990000e-03 1.868858580000e+00 2.042711250000e-03
5.997247990000e-03 1.865435360000e+00 2.010074910000e-03
5.835130810000e-03 1.861584190000e+00 1.974539600000e-03
5.754075940000e-03 1.857519150000e+00 1.935825220000e-03
5.673013630000e-03 1.853454110000e+00 1.897016890000e-03
5.591958760000e-03 1.849603180000e+00 1.861481930000e-03
5.510896440000e-03 1.845965860000e+00 1.824544040000e-03
5.510896440000e-03 1.841686960000e+00 1.785268190000e-03
5.429841580000e-03 1.837408070000e+00 1.744870210000e-03
5.348779260000e-03 1.833556890000e+00 1.708680650000e-03
5.186662080000e-03 1.829705720000e+00 1.672303770000e-03
5.186662080000e-03 1.825212720000e+00 1.633308600000e-03
5.105599760000e-03 1.821147680000e+00 1.595996670000e-03
5.024544890000e-03 1.817082640000e+00 1.560367990000e-03
4.943482580000e-03 1.813231710000e+00 1.522681910000e-03
4.781365390000e-03 1.808738710000e+00 1.479104630000e-03
4.700310530000e-03 1.804245710000e+00 1.431506240000e-03
4.619248210000e-03 1.800180670000e+00 1.391482420000e-03
4.619248210000e-03 1.796543600000e+00 1.351178040000e-03
4.538193350000e-03 1.791836740000e+00 1.315362400000e-03
4.376076160000e-03 1.787129640000e+00 1.273468250000e-03
4.295013840000e-03 1.783064600000e+00 1.239990230000e-03
4.213958980000e-03 1.778785710000e+00 1.207915130000e-03
4.213958980000e-03 1.774506810000e+00 1.173408820000e-03
4.132896660000e-03 1.770013810000e+00 1.137873390000e-03
4.051841800000e-03 1.765734670000e+00 1.104208520000e-03
3.970779480000e-03 1.761669640000e+00 1.068112320000e-03
3.889724610000e-03 1.756748910000e+00 1.028182100000e-03
3.727607430000e-03 1.752255920000e+00 9.877841220000e-04
3.646545110000e-03 1.747977020000e+00 9.514073610000e-04
3.646545110000e-03 1.743484020000e+00 9.140954350000e-04
3.565490250000e-03 1.738563060000e+00 8.727623500000e-04
3.484427930000e-03 1.733642340000e+00 8.308683750000e-04
3.322310750000e-03 1.728935480000e+00 7.943045350000e-04
3.241255880000e-03 1.724870440000e+00 7.570861490000e-04
3.160193560000e-03 1.719735620000e+00 7.165011480000e-04
3.079131250000e-03 1.715028640000e+00 6.757291850000e-04
2.998076380000e-03 1.710535760000e+00 6.387914180000e-04
2.998076380000e-03 1.705614920000e+00 6.018534770000e-04
2.917014060000e-03 1.700694080000e+00 5.623907780000e-04
2.754896880000e-03 1.695559260000e+00 5.217122380000e-04
2.673842010000e-03 1.690852400000e+00 4.860835620000e-04
2.673842010000e-03 1.686145420000e+00 4.493328160000e-04
2.511724830000e-03 1.680796740000e+00 4.086543630000e-04
2.430662510000e-03 1.675447940000e+00 3.673213360000e-04
2.430662510000e-03 1.670741080000e+00 3.290742750000e-04
2.349607650000e-03 1.665820240000e+00 2.912012570000e-04
2.268545330000e-03 1.660043600000e+00 2.499617400000e-04
2.187490460000e-03 1.654694800000e+00 2.499617400000e-04
2.106428150000e-03 1.649560090000e+00 1.686321630000e-04
2.025373280000e-03 1.644639250000e+00 1.324746990000e-04
1.863256100000e-03 1.639076470000e+00 9.197946930000e-05
1.782193780000e-03 1.633299830000e+00 5.211857570000e-05
1.701138910000e-03 1.627951150000e+00 2.276163100000e-05
1.620076600000e-03 1.621960520000e+00 1.536409760000e-05
1.539021730000e-03 1.614472270000e+00 1.196849920000e-05
1.539021730000e-03 1.607198000000e+00 9.990844770000e-06
1.457959410000e-03 1.600137590000e+00 9.990844770000e-06
1.376904550000e-03 1.593291280000e+00 7.611506130000e-06
1.214787360000e-03 1.585161210000e+00 6.672897140000e-06
1.133725050000e-03 1.576389190000e+00 5.875172520000e-06
1.052662730000e-03 1.568259120000e+00 5.215533290000e-06
1.052662730000e-03 1.559915070000e+00 4.608143630000e-06
8.905455470000e-04 1.549859400000e+00 3.994221970000e-06
8.094906810000e-04 1.539589880000e+00 3.413889090000e-06
7.284283640000e-04 1.530176040000e+00 2.961378640000e-06
6.473734970000e-04 1.520120380000e+00 2.519131160000e-06
5.663111810000e-04 1.507069470000e+00 2.039563920000e-06
4.852563140000e-04 1.493162750000e+00 2.039563920000e-06
4.852563140000e-04 1.478400230000e+00 1.198200950000e-06
3.231391310000e-04 1.461070300000e+00 8.397234980000e-07
2.420768140000e-04 1.435824160000e+00 4.620517870000e-07
2.420768140000e-04 1.434540510000e+00 4.443412250000e-07
1.610219480000e-04 1.392392400000e+00 1.422409780000e-07
1.610219480000e-04 1.239632250000e+00 1.029232610000e-08
1.610219480000e-04 7.697985170000e-01 -1.856725610000e-10
1.610219480000e-04 3.258527220000e-01 -1.205638260000e-09
1.610219480000e-04 7.923334840000e-03 -1.298374520000e-09
1.610219480000e-04 3.216445450000e-03 -1.483847050000e-09
7.995963100000e-05 3.002494570000e-03 -1.669319570000e-09
7.995963100000e-05 2.788543700000e-03 -1.854725480000e-09
7.995963100000e-05 2.788543700000e-03 -1.576583310000e-09
