#  J [A] 	 V 	 L [w] 
7.995963100000e-05 7.212162020000e-06 -1.291277420000e-09
1.610219480000e-04 7.212162020000e-06 -1.291277420000e-09
1.610219480000e-04 7.212162020000e-06 -1.355841330000e-09
1.610219480000e-04 -2.067387100000e-04 -1.291277420000e-09
7.995963100000e-05 7.212162020000e-06 -1.226713620000e-09
7.995963100000e-05 7.212162020000e-06 -1.226713620000e-09
7.995963100000e-05 -2.067387100000e-04 -1.355841330000e-09
1.610219480000e-04 7.212162020000e-06 -1.226713620000e-09
7.995963100000e-05 5.603417160000e-01 -1.291277420000e-09
3.231391310000e-04 1.400522470000e+00 2.705560860000e-07
3.231391310000e-04 1.405443310000e+00 3.043191440000e-07
3.231391310000e-04 1.428549890000e+00 5.398858320000e-07
4.852563140000e-04 1.446949600000e+00 7.929472190000e-07
5.663111810000e-04 1.461284280000e+00 1.051754340000e-06
6.473734970000e-04 1.474121210000e+00 1.336319200000e-06
6.473734970000e-04 1.485674500000e+00 1.627146280000e-06
8.094906810000e-04 1.496158000000e+00 1.940309860000e-06
8.905455470000e-04 1.505143880000e+00 2.235720330000e-06
8.905455470000e-04 1.514771700000e+00 2.603627990000e-06
1.052662730000e-03 1.523757580000e+00 2.603627990000e-06
1.052662730000e-03 1.532529470000e+00 3.436232420000e-06
1.133725050000e-03 1.540231700000e+00 3.871445190000e-06
1.214787360000e-03 1.548147800000e+00 4.407341290000e-06
1.376904550000e-03 1.555422190000e+00 5.013391270000e-06
1.376904550000e-03 1.562910440000e+00 5.772090390000e-06
1.539021730000e-03 1.569328900000e+00 6.710720300000e-06
1.539021730000e-03 1.576603170000e+00 8.330101990000e-06
1.701138910000e-03 1.583021640000e+00 1.189689740000e-05
1.701138910000e-03 1.588370440000e+00 1.189689740000e-05
1.863256100000e-03 1.593291280000e+00 5.075546510000e-05
1.944310960000e-03 1.598426100000e+00 7.490897410000e-05
1.944310960000e-03 1.603132960000e+00 9.903650060000e-05
2.106428150000e-03 1.607839820000e+00 1.241512220000e-04
2.106428150000e-03 1.612332820000e+00 1.472915610000e-04
2.187490460000e-03 1.617467520000e+00 1.731077060000e-04
2.268545330000e-03 1.621960520000e+00 1.986185820000e-04
2.430662510000e-03 1.626881360000e+00 2.244931820000e-04
2.430662510000e-03 1.631374360000e+00 2.493286160000e-04
2.592779700000e-03 1.636081220000e+00 2.761643850000e-04
2.592779700000e-03 1.640574100000e+00 2.761643850000e-04
2.754896880000e-03 1.645281080000e+00 3.299523380000e-04
2.835959200000e-03 1.649560090000e+00 3.532599950000e-04
2.917014060000e-03 1.653838990000e+00 3.789764600000e-04
2.998076380000e-03 1.658545970000e+00 4.035862220000e-04
3.079131250000e-03 1.662824990000e+00 4.285865000000e-04
3.079131250000e-03 1.666890030000e+00 4.526754490000e-04
3.160193560000e-03 1.671382900000e+00 4.783919140000e-04
3.241255880000e-03 1.675661920000e+00 5.028714660000e-04
3.403373060000e-03 1.679940940000e+00 5.277415040000e-04
3.484427930000e-03 1.684005980000e+00 5.511142660000e-04
3.565490250000e-03 1.688498850000e+00 5.775468890000e-04
3.565490250000e-03 1.692777870000e+00 6.025472540000e-04
3.727607430000e-03 1.697056890000e+00 6.274825430000e-04
3.727607430000e-03 1.700907950000e+00 6.519620070000e-04
3.808662300000e-03 1.705186960000e+00 6.774831560000e-04
3.889724610000e-03 1.709465980000e+00 7.018976030000e-04
3.970779480000e-03 1.713745000000e+00 7.274838280000e-04
4.051841800000e-03 1.717596050000e+00 7.514425670000e-04
4.213958980000e-03 1.721874950000e+00 7.770287920000e-04
4.213958980000e-03 1.725940230000e+00 8.004014960000e-04
4.376076160000e-03 1.730219130000e+00 8.232534750000e-04
4.376076160000e-03 1.734284160000e+00 8.444776180000e-04
4.538193350000e-03 1.738135340000e+00 8.686317010000e-04
4.538193350000e-03 1.742414240000e+00 8.899860550000e-04
4.619248210000e-03 1.746265410000e+00 9.155722800000e-04
4.700310530000e-03 1.749902490000e+00 9.410934870000e-04
4.862427710000e-03 1.753967520000e+00 9.694143660000e-04
4.862427710000e-03 1.758032560000e+00 9.953912810000e-04
5.024544890000e-03 1.762097600000e+00 1.022019190000e-03
5.105599760000e-03 1.765734670000e+00 1.044675710000e-03
5.186662080000e-03 1.769585850000e+00 1.068178560000e-03
5.267724390000e-03 1.773222920000e+00 1.091290960000e-03
5.348779260000e-03 1.777502060000e+00 1.114989170000e-03
5.348779260000e-03 1.781139140000e+00 1.138427060000e-03
5.429841580000e-03 1.784776210000e+00 1.163948210000e-03
5.591958760000e-03 1.788413520000e+00 1.189078790000e-03
5.673013630000e-03 1.792264460000e+00 1.215511350000e-03
5.673013630000e-03 1.796115640000e+00 1.239144480000e-03
5.754075940000e-03 1.799752710000e+00 1.261931490000e-03
5.835130810000e-03 1.803390030000e+00 1.280811850000e-03
5.997247990000e-03 1.807027100000e+00 1.303728790000e-03
6.078310310000e-03 1.810236220000e+00 1.323846290000e-03
6.078310310000e-03 1.814301490000e+00 1.349432510000e-03
6.240427490000e-03 1.817938570000e+00 1.374498010000e-03
6.240427490000e-03 1.821789500000e+00 1.402948870000e-03
6.402544680000e-03 1.825212720000e+00 1.427818900000e-03
6.483599540000e-03 1.829063890000e+00 1.452949710000e-03
6.564661860000e-03 1.832700970000e+00 1.476452570000e-03
6.645716730000e-03 1.836338280000e+00 1.499890230000e-03
6.645716730000e-03 1.839547400000e+00 1.522937440000e-03
6.726779040000e-03 1.843612430000e+00 1.546635870000e-03
6.888896230000e-03 1.846607690000e+00 1.568706360000e-03
6.969951090000e-03 1.850886820000e+00 1.589214550000e-03
7.051013410000e-03 1.854310040000e+00 1.610113190000e-03
7.051013410000e-03 1.857947110000e+00 1.632248870000e-03
7.132075730000e-03 1.861370330000e+00 1.653994080000e-03
7.213130590000e-03 1.865007400000e+00 1.676911020000e-03
7.375247780000e-03 1.868216750000e+00 1.699111890000e-03
7.456310090000e-03 1.872281790000e+00 1.722679820000e-03
7.456310090000e-03 1.875063180000e+00 1.746117720000e-03
7.618427280000e-03 1.879128220000e+00 1.770922680000e-03
7.618427280000e-03 1.881909610000e+00 1.792732860000e-03
7.699482140000e-03 1.886402370000e+00 1.817082170000e-03
7.780544460000e-03 1.889183760000e+00 1.839022620000e-03
8.023716510000e-03 1.893248800000e+00 1.863241780000e-03
7.942661640000e-03 1.896458150000e+00 1.885637760000e-03
8.023716510000e-03 1.900095220000e+00 1.908620000000e-03
8.104778830000e-03 1.903090480000e+00 1.931602020000e-03
8.266896010000e-03 1.906299830000e+00 1.953932920000e-03
8.347950880000e-03 1.909295080000e+00 1.974831570000e-03
8.429013190000e-03 1.912076470000e+00 1.995860830000e-03
8.429013190000e-03 1.916355370000e+00 2.015587640000e-03
8.429013190000e-03 1.918922900000e+00 2.036681400000e-03
8.591130380000e-03 1.921918150000e+00 2.055562100000e-03
8.834302430000e-03 1.926625010000e+00 2.076135250000e-03
8.834302430000e-03 1.929406400000e+00 2.095862060000e-03
8.915364740000e-03 1.933043480000e+00 2.118844070000e-03
8.915364740000e-03 1.936038730000e+00 2.142217010000e-03
8.996419610000e-03 1.939248090000e+00 2.167087050000e-03
9.077481930000e-03 1.942671300000e+00 2.191110750000e-03
9.158544240000e-03 1.946094510000e+00 2.213962610000e-03
9.320661430000e-03 1.949089770000e+00 2.233494070000e-03
9.401716290000e-03 1.952940940000e+00 2.255955480000e-03
9.482778610000e-03 1.955722090000e+00 2.273468530000e-03
9.563833480000e-03 1.959145310000e+00 2.290200670000e-03
9.644895790000e-03 1.962354660000e+00 2.308104420000e-03
9.725950660000e-03 1.965991740000e+00 2.326399090000e-03
9.807012980000e-03 1.968773130000e+00 2.349836750000e-03
9.725950660000e-03 1.968986990000e+00 2.350943630000e-03
9.888067840000e-03 1.972196340000e+00 2.376529850000e-03
9.969130160000e-03 1.975191590000e+00 2.397949570000e-03
1.005018500000e-02 1.978186850000e+00 2.414746680000e-03
1.013124730000e-02 1.981610060000e+00 2.435515170000e-03
1.021230220000e-02 1.984605310000e+00 2.455892970000e-03
1.029336450000e-02 1.988028530000e+00 2.475945510000e-03
1.037441940000e-02 1.991237880000e+00 2.497625300000e-03
1.037441940000e-02 1.994661090000e+00 2.518849680000e-03
1.045548170000e-02 1.997442480000e+00 2.540399320000e-03
1.053653660000e-02 2.000651600000e+00 2.559540330000e-03
1.061759890000e-02 2.003860950000e+00 2.581089970000e-03
1.077971610000e-02 2.006856200000e+00 2.601532960000e-03
1.077971610000e-02 2.010065320000e+00 2.623278180000e-03
1.094183330000e-02 2.013060810000e+00 2.642549340000e-03
1.102288810000e-02 2.016269920000e+00 2.663382790000e-03
1.110395040000e-02 2.019265170000e+00 2.682914260000e-03
1.110395040000e-02 2.022474530000e+00 2.700818000000e-03
1.118501280000e-02 2.025255920000e+00 2.716769000000e-03
1.126606760000e-02 2.028465030000e+00 2.738774750000e-03
1.142818480000e-02 2.031246420000e+00 2.763188910000e-03
1.142818480000e-02 2.034455780000e+00 2.786692000000e-03
1.150924710000e-02 2.037664890000e+00 2.804986200000e-03
1.167136430000e-02 2.040446280000e+00 2.827382410000e-03
1.167136430000e-02 2.043869500000e+00 2.849843820000e-03
1.175241920000e-02 2.046650890000e+00 2.868984830000e-03
1.183348150000e-02 2.049646140000e+00 2.868984830000e-03
1.199559870000e-02 2.052855490000e+00 2.940710170000e-03
1.207665350000e-02 2.056064610000e+00 2.953696060000e-03
1.207665350000e-02 2.058846000000e+00 2.966682660000e-03
1.223877070000e-02 2.061841250000e+00 2.984213640000e-03
1.231983300000e-02 2.064836500000e+00 2.999147870000e-03
1.240088790000e-02 2.067617890000e+00 3.018626480000e-03
1.240088790000e-02 2.070827250000e+00 3.037456420000e-03
1.256300510000e-02 2.073394540000e+00 3.056286600000e-03
1.256300510000e-02 2.076603890000e+00 3.075765910000e-03
1.272512230000e-02 2.079599140000e+00 3.099140480000e-03
1.272512230000e-02 2.082594390000e+00 3.117321060000e-03
1.280618460000e-02 2.085589650000e+00 3.135501640000e-03
1.296830180000e-02 2.088371040000e+00 3.153682220000e-03
1.296830180000e-02 2.091580390000e+00 3.171862800000e-03
1.304936410000e-02 2.094575640000e+00 3.187446390000e-03
1.313041900000e-02 2.097357030000e+00 3.207574600000e-03
1.321148130000e-02 2.100566150000e+00 3.227053910000e-03
1.329253610000e-02 2.103133680000e+00 3.243287090000e-03
1.345465330000e-02 2.106128930000e+00 3.264714030000e-03
1.345465330000e-02 2.109124180000e+00 3.283543980000e-03
1.353571560000e-02 2.112119440000e+00 3.306269180000e-03
1.361677050000e-02 2.114900830000e+00 3.323801090000e-03
1.361677050000e-02 2.117896080000e+00 3.344578670000e-03
1.377888770000e-02 2.120677470000e+00 3.364706880000e-03
1.394100490000e-02 2.123458860000e+00 3.386783180000e-03
1.394100490000e-02 2.126454110000e+00 3.407561450000e-03
1.410312210000e-02 2.129449370000e+00 3.427040300000e-03
1.418418440000e-02 2.132230760000e+00 3.441324920000e-03
1.418418440000e-02 2.135226010000e+00 3.460154870000e-03
1.434630160000e-02 2.138007400000e+00 3.475738460000e-03
1.442735640000e-02 2.141002660000e+00 3.493919040000e-03
1.442735640000e-02 2.143784050000e+00 3.510151290000e-03
1.458947360000e-02 2.146565440000e+00 3.525734880000e-03
1.467053590000e-02 2.149132730000e+00 3.542616500000e-03
1.475159080000e-02 2.152342080000e+00 3.559499050000e-03
1.483265310000e-02 2.154909370000e+00 3.575731300000e-03
1.491370800000e-02 2.157904620000e+00 3.588068300000e-03
1.499477030000e-02 2.160686020000e+00 3.607547840000e-03
1.499477030000e-02 2.163467410000e+00 3.624429460000e-03
1.515688750000e-02 2.166034700000e+00 3.640661710000e-03
1.515688750000e-02 2.168816090000e+00 3.659491660000e-03
1.531900470000e-02 2.171597480000e+00 3.676374210000e-03
1.531900470000e-02 2.174592730000e+00 3.692606460000e-03
1.531900470000e-02 2.177160260000e+00 3.708839420000e-03
1.556218420000e-02 2.180155520000e+00 3.723124040000e-03
1.564323900000e-02 2.182508950000e+00 3.740005890000e-03
1.572430130000e-02 2.185290340000e+00 3.758835840000e-03
1.580535620000e-02 2.188071730000e+00 3.775068790000e-03
1.588641850000e-02 2.191066980000e+00 3.788054690000e-03
1.596747340000e-02 2.193420410000e+00 3.803638280000e-03
1.604853570000e-02 2.196629520000e+00 3.821818860000e-03
1.604853570000e-02 2.198769090000e+00 3.835453880000e-03
1.621065290000e-02 2.201764350000e+00 3.852985100000e-03
1.629170780000e-02 2.204545740000e+00 3.870516320000e-03
1.629170780000e-02 2.206899170000e+00 3.885450310000e-03
1.637277010000e-02 2.209680560000e+00 3.897787540000e-03
1.637277010000e-02 2.212461950000e+00 3.913370890000e-03
1.653488730000e-02 2.215243340000e+00 3.927655520000e-03
1.661594210000e-02 2.218024490000e+00 3.945186730000e-03
1.669700440000e-02 2.220805880000e+00 3.960770550000e-03
1.685912160000e-02 2.223373410000e+00 3.976353440000e-03
1.685912160000e-02 2.226154800000e+00 3.989339810000e-03
1.694017650000e-02 2.228935960000e+00 4.003624430000e-03
1.702123880000e-02 2.231503490000e+00 4.021805250000e-03
1.718335600000e-02 2.234284880000e+00 4.039985590000e-03
1.718335600000e-02 2.236852170000e+00 4.057516810000e-03
1.726441830000e-02 2.239633560000e+00 4.069854040000e-03
1.734547320000e-02 2.242200850000e+00 4.078294150000e-03
1.750759040000e-02 2.244768380000e+00 4.101669420000e-03
1.758865270000e-02 2.247549770000e+00 4.125044220000e-03
1.758865270000e-02 2.250117060000e+00 4.132836130000e-03
1.766970750000e-02 2.252470490000e+00 4.144523760000e-03
1.775076990000e-02 2.255465750000e+00 4.147769880000e-03
1.783182470000e-02 2.257819180000e+00 4.165301100000e-03
1.799394190000e-02 2.260814670000e+00 4.179585730000e-03
1.799394190000e-02 2.263381960000e+00 4.191273820000e-03
1.815605910000e-02 2.266163350000e+00 4.202311860000e-03
1.815605910000e-02 2.268516780000e+00 4.219194410000e-03
1.831817630000e-02 2.271298170000e+00 4.235426430000e-03
1.831817630000e-02 2.273651600000e+00 4.251010250000e-03
1.839923860000e-02 2.276432990000e+00 4.265944010000e-03
1.856135580000e-02 2.278786420000e+00 4.278929900000e-03
1.856135580000e-02 2.281567810000e+00 4.288020540000e-03
1.872347300000e-02 2.284135100000e+00 4.302954770000e-03
1.880452780000e-02 2.286702390000e+00 4.317888060000e-03
1.888559010000e-02 2.289269920000e+00 4.331524020000e-03
1.888559010000e-02 2.291623350000e+00 4.350353960000e-03
1.896665250000e-02 2.294618610000e+00 4.356197550000e-03
1.904770730000e-02 2.296972040000e+00 4.365936850000e-03
1.920982450000e-02 2.299753430000e+00 4.376975350000e-03
1.912876960000e-02 2.299753430000e+00 4.378923680000e-03
1.920982450000e-02 2.302534820000e+00 4.391259980000e-03
1.937194170000e-02 2.304888250000e+00 4.404895940000e-03
1.945300400000e-02 2.307455540000e+00 4.417881840000e-03
1.945300400000e-02 2.309808970000e+00 4.428270270000e-03
