#  J [A] 	 V 	 L [w] 
7.995963100000e-05 2.211630340000e-04 -1.291277420000e-09
1.610219480000e-04 7.212162020000e-06 -1.226713620000e-09
7.995963100000e-05 7.212162020000e-06 -1.484969040000e-09
1.610219480000e-04 -2.067387100000e-04 -1.420405240000e-09
1.610219480000e-04 7.212162020000e-06 -1.484969040000e-09
7.995963100000e-05 7.212162020000e-06 -1.420405240000e-09
1.610219480000e-04 7.212162020000e-06 -1.484969040000e-09
7.995963100000e-05 7.212162020000e-06 -1.355841330000e-09
2.420768140000e-04 5.748902560000e-01 -1.355841330000e-09
2.420768140000e-04 1.407154920000e+00 2.814016110000e-07
3.231391310000e-04 1.411647920000e+00 3.144545250000e-07
4.041939970000e-04 1.435396310000e+00 5.535072210000e-07
4.852563140000e-04 1.453154090000e+00 8.161230200000e-07
4.852563140000e-04 1.467702750000e+00 1.083774240000e-06
6.473734970000e-04 1.480753660000e+00 1.374084830000e-06
7.284283640000e-04 1.492306950000e+00 1.676080160000e-06
8.094906810000e-04 1.502790450000e+00 1.995376580000e-06
8.094906810000e-04 1.511776330000e+00 2.302536360000e-06
9.716078640000e-04 1.521618130000e+00 2.685356320000e-06
9.716078640000e-04 1.530390020000e+00 2.685356320000e-06
1.052662730000e-03 1.539589880000e+00 3.549258050000e-06
1.133725050000e-03 1.547291990000e+00 4.005906700000e-06
1.214787360000e-03 1.555422190000e+00 4.571033510000e-06
1.376904550000e-03 1.562910440000e+00 5.241390680000e-06
1.376904550000e-03 1.570184710000e+00 6.070243220000e-06
1.539021730000e-03 1.576603170000e+00 7.141385590000e-06
1.620076600000e-03 1.583663460000e+00 9.103090630000e-06
1.701138910000e-03 1.590082050000e+00 1.614574100000e-05
1.701138910000e-03 1.595430730000e+00 1.614574100000e-05
1.863256100000e-03 1.600351570000e+00 6.217951890000e-05
1.863256100000e-03 1.605700370000e+00 8.751504360000e-05
1.944310960000e-03 1.610193250000e+00 1.131947870000e-04
2.106428150000e-03 1.615328070000e+00 1.392966810000e-04
2.187490460000e-03 1.619607090000e+00 1.638528480000e-04
2.268545330000e-03 1.625169750000e+00 1.905977110000e-04
2.349607650000e-03 1.629662750000e+00 2.165567130000e-04
2.349607650000e-03 1.634583590000e+00 2.420026870000e-04
2.430662510000e-03 1.639076470000e+00 2.665393690000e-04
2.511724830000e-03 1.643783450000e+00 2.665393690000e-04
2.592779700000e-03 1.648490310000e+00 3.201215300000e-04
2.754896880000e-03 1.653197170000e+00 3.443406310000e-04
2.754896880000e-03 1.657690170000e+00 3.682992540000e-04
2.835959200000e-03 1.662397030000e+00 3.945366190000e-04
2.917014060000e-03 1.666890030000e+00 4.201228440000e-04
3.079131250000e-03 1.671168920000e+00 4.456440510000e-04
3.160193560000e-03 1.675447940000e+00 4.704490710000e-04
3.160193560000e-03 1.680154920000e+00 4.962957460000e-04
3.322310750000e-03 1.684433820000e+00 5.209706720000e-04
3.403373060000e-03 1.688926820000e+00 5.461662660000e-04
3.484427930000e-03 1.693205830000e+00 5.700598700000e-04
3.484427930000e-03 1.697484850000e+00 5.958414400000e-04
3.646545110000e-03 1.701763750000e+00 6.211673030000e-04
3.727607430000e-03 1.706470730000e+00 6.464280300000e-04
3.808662300000e-03 1.710535760000e+00 6.690846640000e-04
3.808662300000e-03 1.714814780000e+00 6.919364680000e-04
3.970779480000e-03 1.719093800000e+00 7.141372770000e-04
3.970779480000e-03 1.723372700000e+00 7.377704020000e-04
4.051841800000e-03 1.727223870000e+00 7.594504860000e-04
4.132896660000e-03 1.731716870000e+00 7.844507930000e-04
4.213958980000e-03 1.735781910000e+00 8.118600820000e-04
4.295013840000e-03 1.739632840000e+00 8.401807860000e-04
4.457131030000e-03 1.743911980000e+00 8.669388480000e-04
4.538193350000e-03 1.747977020000e+00 8.942831190000e-04
4.619248210000e-03 1.752042060000e+00 9.199995550000e-04
4.619248210000e-03 1.755892990000e+00 9.438931590000e-04
4.700310530000e-03 1.759958030000e+00 9.668101560000e-04
4.862427710000e-03 1.764237170000e+00 9.920056910000e-04
4.943482580000e-03 1.768088100000e+00 1.016420200000e-03
5.024544890000e-03 1.772581100000e+00 1.041746000000e-03
5.105599760000e-03 1.776004310000e+00 1.065444320000e-03
5.105599760000e-03 1.779855490000e+00 1.090705050000e-03
5.186662080000e-03 1.783706670000e+00 1.115379860000e-03
5.348779260000e-03 1.787771700000e+00 1.140184820000e-03
5.429841580000e-03 1.791622640000e+00 1.163362290000e-03
5.510896440000e-03 1.795473810000e+00 1.188362600000e-03
5.510896440000e-03 1.799538850000e+00 1.212060920000e-03
5.673013630000e-03 1.803175930000e+00 1.236670530000e-03
5.673013630000e-03 1.806813240000e+00 1.260629270000e-03
5.754075940000e-03 1.810664180000e+00 1.285629580000e-03
5.916193130000e-03 1.814301490000e+00 1.307700180000e-03
5.916193130000e-03 1.818152430000e+00 1.326841070000e-03
6.078310310000e-03 1.821361780000e+00 1.345461120000e-03
6.159365180000e-03 1.825212720000e+00 1.370266200000e-03
6.159365180000e-03 1.829063890000e+00 1.391425260000e-03
6.240427490000e-03 1.832700970000e+00 1.417923140000e-03
6.402544680000e-03 1.836338280000e+00 1.444420780000e-03
6.483599540000e-03 1.840189220000e+00 1.473457670000e-03
6.483599540000e-03 1.844254260000e+00 1.499760080000e-03
6.564661860000e-03 1.847677470000e+00 1.525281230000e-03
6.726779040000e-03 1.851314780000e+00 1.547677440000e-03
6.807833910000e-03 1.854951860000e+00 1.571375640000e-03
6.807833910000e-03 1.858375070000e+00 1.593576390000e-03
6.969951090000e-03 1.862226010000e+00 1.617925710000e-03
6.969951090000e-03 1.865649220000e+00 1.641298640000e-03
7.051013410000e-03 1.869714260000e+00 1.665582760000e-03
7.132075730000e-03 1.872923610000e+00 1.690517990000e-03
7.294192910000e-03 1.876560690000e+00 1.715648450000e-03
7.375247780000e-03 1.879555940000e+00 1.738500430000e-03
7.456310090000e-03 1.883193250000e+00 1.763631010000e-03
7.537364960000e-03 1.886830330000e+00 1.786873440000e-03
7.618427280000e-03 1.890467410000e+00 1.809985840000e-03
7.618427280000e-03 1.893676760000e+00 1.832772510000e-03
7.699482140000e-03 1.897313830000e+00 1.858619270000e-03
7.861599330000e-03 1.900737050000e+00 1.885442530000e-03
7.861599330000e-03 1.904160260000e+00 1.909726650000e-03
7.942661640000e-03 1.907797340000e+00 1.932383170000e-03
8.104778830000e-03 1.911006690000e+00 1.953347120000e-03
8.185833690000e-03 1.914429900000e+00 1.976394330000e-03
8.185833690000e-03 1.917853120000e+00 1.999832220000e-03
8.266896010000e-03 1.921276330000e+00 2.019559030000e-03
8.347950880000e-03 1.924913410000e+00 2.040848370000e-03
8.429013190000e-03 1.928122760000e+00 2.060379830000e-03
8.591130380000e-03 1.931331870000e+00 2.082971390000e-03
8.591130380000e-03 1.934541230000e+00 2.103544540000e-03
8.753247560000e-03 1.937964440000e+00 2.126591510000e-03
8.753247560000e-03 1.941601510000e+00 2.149313220000e-03
8.915364740000e-03 1.944810630000e+00 2.170211870000e-03
8.915364740000e-03 1.948019980000e+00 2.189743570000e-03
8.996419610000e-03 1.951443200000e+00 2.213051080000e-03
9.077481930000e-03 1.954438450000e+00 2.236814470000e-03
9.239599110000e-03 1.958289620000e+00 2.262270540000e-03
9.239599110000e-03 1.961498740000e+00 2.285708440000e-03
9.401716290000e-03 1.964494230000e+00 2.315591790000e-03
9.482778610000e-03 1.968345170000e+00 2.342024350000e-03
9.482778610000e-03 1.971126560000e+00 2.364224990000e-03
9.563833480000e-03 1.974763630000e+00 2.386491050000e-03
9.644895790000e-03 1.977972980000e+00 2.408691910000e-03
9.725950660000e-03 1.980968240000e+00 2.426725810000e-03
9.807012980000e-03 1.980968240000e+00 2.426986350000e-03
9.807012980000e-03 1.984605310000e+00 2.444304290000e-03
1.005018500000e-02 1.988028530000e+00 2.459994520000e-03
1.005018500000e-02 1.991237880000e+00 2.480763240000e-03
1.013124730000e-02 1.994446990000e+00 2.501401350000e-03
1.013124730000e-02 1.997014520000e+00 2.521128160000e-03
1.037441940000e-02 2.000009780000e+00 2.540985360000e-03
1.029336450000e-02 2.004288670000e+00 2.559865820000e-03
1.029336450000e-02 2.006642340000e+00 2.579527670000e-03
1.037441940000e-02 2.010493280000e+00 2.600881970000e-03
1.053653660000e-02 2.013488530000e+00 2.621715660000e-03
1.061759890000e-02 2.015414240000e+00 2.643851330000e-03
1.061759890000e-02 2.018623350000e+00 2.665400970000e-03
1.086077090000e-02 2.022260670000e+00 2.687601840000e-03
1.077971610000e-02 2.026111600000e+00 2.706026660000e-03
1.094183330000e-02 2.029106860000e+00 2.726729960000e-03
1.102288810000e-02 2.032530070000e+00 2.747693800000e-03
1.118501280000e-02 2.034883500000e+00 2.771392000000e-03
1.126606760000e-02 2.037451030000e+00 2.791770040000e-03
1.126606760000e-02 2.040874240000e+00 2.814817240000e-03
1.134712990000e-02 2.043869500000e+00 2.834478860000e-03
1.150924710000e-02 2.047292710000e+00 2.854791700000e-03
1.159030200000e-02 2.050287960000e+00 2.872890790000e-03
1.167136430000e-02 2.053497310000e+00 2.872890790000e-03
1.175241920000e-02 2.056278470000e+00 2.943956760000e-03
1.175241920000e-02 2.059487820000e+00 2.954995030000e-03
1.191453640000e-02 2.062055110000e+00 2.971227050000e-03
1.199559870000e-02 2.065478320000e+00 2.990057230000e-03
1.207665350000e-02 2.068901540000e+00 3.010834800000e-03
1.207665350000e-02 2.071682930000e+00 3.030963710000e-03
1.215771590000e-02 2.074678180000e+00 3.051091680000e-03
1.223877070000e-02 2.077459570000e+00 3.072519550000e-03
1.231983300000e-02 2.080454830000e+00 3.086804180000e-03
1.240088790000e-02 2.083450320000e+00 3.102387070000e-03
1.248195020000e-02 2.086445570000e+00 3.120567650000e-03
1.256300510000e-02 2.089226960000e+00 3.144592280000e-03
1.272512230000e-02 2.092222210000e+00 3.169265810000e-03
1.272512230000e-02 2.095645430000e+00 3.186147430000e-03
1.280618460000e-02 2.098426580000e+00 3.202380610000e-03
1.296830180000e-02 2.101207970000e+00 3.223807550000e-03
1.296830180000e-02 2.104417320000e+00 3.242637500000e-03
1.313041900000e-02 2.106984620000e+00 3.260818080000e-03
1.313041900000e-02 2.109979870000e+00 3.280296920000e-03
1.329253610000e-02 2.112975360000e+00 3.303022820000e-03
1.329253610000e-02 2.115756510000e+00 3.322502130000e-03
1.345465330000e-02 2.118965860000e+00 3.340033350000e-03
1.353571560000e-02 2.121533160000e+00 3.360810920000e-03
1.361677050000e-02 2.124742510000e+00 3.383536820000e-03
1.361677050000e-02 2.127523900000e+00 3.406912090000e-03
1.369783280000e-02 2.130305290000e+00 3.430936250000e-03
1.377888770000e-02 2.132872580000e+00 3.450415560000e-03
1.394100490000e-02 2.136081930000e+00 3.468596140000e-03
1.394100490000e-02 2.139077190000e+00 3.490023080000e-03
1.410312210000e-02 2.141858580000e+00 3.511450250000e-03
1.410312210000e-02 2.144639730000e+00 3.527683210000e-03
1.418418440000e-02 2.148062940000e+00 3.547161820000e-03
1.434630160000e-02 2.150630470000e+00 3.565342400000e-03
1.442735640000e-02 2.153625730000e+00 3.582873610000e-03
1.450841870000e-02 2.156407120000e+00 3.603002520000e-03
1.450841870000e-02 2.159188510000e+00 3.618586110000e-03
1.467053590000e-02 2.162183760000e+00 3.638064720000e-03
1.475159080000e-02 2.165179010000e+00 3.660790620000e-03
1.483265310000e-02 2.167960410000e+00 3.674425880000e-03
1.491370800000e-02 2.170741800000e+00 3.688061140000e-03
1.499477030000e-02 2.173309090000e+00 3.708839420000e-03
1.507583260000e-02 2.176304340000e+00 3.731565320000e-03
1.507583260000e-02 2.178871870000e+00 3.746498610000e-03
1.523794980000e-02 2.181439160000e+00 3.760134800000e-03
1.523794980000e-02 2.184220550000e+00 3.777016420000e-03
1.531900470000e-02 2.187215810000e+00 3.795846370000e-03
1.548112180000e-02 2.189997200000e+00 3.813377580000e-03
1.556218420000e-02 2.192778590000e+00 3.832207530000e-03
1.564323900000e-02 2.195559980000e+00 3.845842790000e-03
1.564323900000e-02 2.198555230000e+00 3.863374000000e-03
1.572430130000e-02 2.201122520000e+00 3.875711000000e-03
1.580535620000e-02 2.203262090000e+00 3.888048230000e-03
1.588641850000e-02 2.206257340000e+00 3.902981520000e-03
1.604853570000e-02 2.209252600000e+00 3.921161870000e-03
1.612959060000e-02 2.211820130000e+00 3.936745690000e-03
1.621065290000e-02 2.214601520000e+00 3.955575640000e-03
1.621065290000e-02 2.217382670000e+00 3.973755990000e-03
1.629170780000e-02 2.219950200000e+00 3.993884190000e-03
1.637277010000e-02 2.222089770000e+00 4.010117150000e-03
1.645382490000e-02 2.225512740000e+00 4.026350570000e-03
1.661594210000e-02 2.227866410000e+00 4.039985590000e-03
1.661594210000e-02 2.230861660000e+00 4.056217610000e-03
1.677805930000e-02 2.233428960000e+00 4.072451030000e-03
1.685912160000e-02 2.235782380000e+00 4.092578780000e-03
1.694017650000e-02 2.238991740000e+00 4.107513000000e-03
1.694017650000e-02 2.241345170000e+00 4.122447220000e-03
1.702123880000e-02 2.244126560000e+00 4.136082250000e-03
1.718335600000e-02 2.246907950000e+00 4.151666070000e-03
1.726441830000e-02 2.249689100000e+00 4.167249430000e-03
1.734547320000e-02 2.252470490000e+00 4.183481910000e-03
1.726441830000e-02 2.255038020000e+00 4.202311860000e-03
1.742653550000e-02 2.257391450000e+00 4.215946890000e-03
1.750759040000e-02 2.260172610000e+00 4.228933710000e-03
1.766970750000e-02 2.262740140000e+00 4.246464930000e-03
1.775076990000e-02 2.265307430000e+00 4.258152560000e-03
1.775076990000e-02 2.268088820000e+00 4.275034180000e-03
1.783182470000e-02 2.270656350000e+00 4.288020540000e-03
1.791288700000e-02 2.273223640000e+00 4.301006440000e-03
1.807500420000e-02 2.275577070000e+00 4.312694070000e-03
1.815605910000e-02 2.278358460000e+00 4.328277890000e-03
1.815605910000e-02 2.281139850000e+00 4.347756510000e-03
1.831817630000e-02 2.283707140000e+00 4.367236050000e-03
1.839923860000e-02 2.286274670000e+00 4.381520670000e-03
1.848029350000e-02 2.288841960000e+00 4.397753630000e-03
1.856135580000e-02 2.291409490000e+00 4.416582640000e-03
1.864241060000e-02 2.293976780000e+00 4.435412590000e-03
1.864241060000e-02 2.296544080000e+00 4.445801490000e-03
1.872347300000e-02 2.299539570000e+00 4.454243000000e-03
1.880452780000e-02 2.301678900000e+00 4.460735710000e-03
1.888559010000e-02 2.304674390000e+00 4.467878030000e-03
1.896665250000e-02 2.306813720000e+00 4.478916060000e-03
1.912876960000e-02 2.309595110000e+00 4.488656300000e-03
1.912876960000e-02 2.312376500000e+00 4.502291790000e-03
1.912876960000e-02 2.312162400000e+00 4.500343460000e-03
1.920982450000e-02 2.314729930000e+00 4.517875150000e-03
1.929088680000e-02 2.317511320000e+00 4.535406360000e-03
1.945300400000e-02 2.320292710000e+00 4.551638380000e-03
1.945300400000e-02 2.322432040000e+00 4.563975610000e-03
