#  J [A] 	 V 	 L [w] 
7.995963100000e-05 7.212162020000e-06 -1.291277420000e-09
7.995963100000e-05 7.212162020000e-06 -1.033068410000e-09
7.995963100000e-05 7.212162020000e-06 -1.291277420000e-09
1.610219480000e-04 7.212162020000e-06 -1.162196120000e-09
7.995963100000e-05 7.212162020000e-06 -1.162196120000e-09
1.610219480000e-04 2.211630340000e-04 -1.097632210000e-09
7.995963100000e-05 7.212162020000e-06 -1.226713620000e-09
1.610219480000e-04 7.212162020000e-06 -1.420405240000e-09
1.610219480000e-04 5.815227030000e-01 -1.226713620000e-09
2.420768140000e-04 1.384262320000e+00 2.549334400000e-07
2.420768140000e-04 1.388327360000e+00 2.866952400000e-07
4.041939970000e-04 1.412075760000e+00 5.040569140000e-07
4.852563140000e-04 1.430047510000e+00 7.375577980000e-07
5.663111810000e-04 1.443954350000e+00 9.689928220000e-07
6.473734970000e-04 1.456791280000e+00 1.227799660000e-06
6.473734970000e-04 1.467916730000e+00 1.484540920000e-06
7.284283640000e-04 1.478614210000e+00 1.761746600000e-06
8.905455470000e-04 1.487386110000e+00 2.020811730000e-06
8.905455470000e-04 1.497013810000e+00 2.343400640000e-06
1.052662730000e-03 1.505143880000e+00 2.667022500000e-06
1.052662730000e-03 1.513915900000e+00 2.667022500000e-06
1.214787360000e-03 1.521618130000e+00 3.396608460000e-06
1.295842230000e-03 1.529320240000e+00 3.809735740000e-06
1.376904550000e-03 1.536594510000e+00 4.255341540000e-06
1.457959410000e-03 1.543654920000e+00 4.763955990000e-06
1.539021730000e-03 1.550073390000e+00 5.345321820000e-06
1.539021730000e-03 1.557347660000e+00 6.146243320000e-06
1.701138910000e-03 1.563552260000e+00 7.162821480000e-06
1.701138910000e-03 1.569542770000e+00 8.814031390000e-06
1.863256100000e-03 1.575319410000e+00 1.284332210000e-05
1.863256100000e-03 1.580668210000e+00 1.284332210000e-05
1.944310960000e-03 1.584947230000e+00 5.232717010000e-05
2.025373280000e-03 1.589654090000e+00 7.640924010000e-05
2.106428150000e-03 1.593933110000e+00 9.964699710000e-05
2.187490460000e-03 1.598426100000e+00 1.247097530000e-04
2.268545330000e-03 1.602918980000e+00 1.488697600000e-04
2.349607650000e-03 1.607198000000e+00 1.735688130000e-04
2.430662510000e-03 1.611477020000e+00 1.968065770000e-04
2.592779700000e-03 1.615969900000e+00 2.213692640000e-04
2.592779700000e-03 1.620248910000e+00 2.453084450000e-04
2.673842010000e-03 1.624313950000e+00 2.690397960000e-04
2.754896880000e-03 1.628378990000e+00 2.690397960000e-04
2.917014060000e-03 1.632658000000e+00 3.171917340000e-04
2.998076380000e-03 1.636723040000e+00 3.379602860000e-04
3.079131250000e-03 1.641002060000e+00 3.609423580000e-04
3.079131250000e-03 1.645067100000e+00 3.828176700000e-04
3.241255880000e-03 1.649132130000e+00 4.065810640000e-04
3.241255880000e-03 1.653197170000e+00 4.300839500000e-04
3.322310750000e-03 1.657048230000e+00 4.544983970000e-04
3.403373060000e-03 1.661113380000e+00 4.776106220000e-04
3.484427930000e-03 1.665392280000e+00 5.024807760000e-04
3.565490250000e-03 1.669457320000e+00 5.262441120000e-04
3.646545110000e-03 1.673522470000e+00 5.507887110000e-04
3.727607430000e-03 1.677373530000e+00 5.733150760000e-04
3.889724610000e-03 1.681224580000e+00 5.968830660000e-04
3.889724610000e-03 1.685289620000e+00 6.200605420000e-04
3.970779480000e-03 1.689354660000e+00 6.434983220000e-04
4.051841800000e-03 1.693205830000e+00 6.656991320000e-04
4.132896660000e-03 1.696842910000e+00 6.893973910000e-04
4.213958980000e-03 1.700907950000e+00 7.122493120000e-04
4.376076160000e-03 1.704972980000e+00 7.355568810000e-04
4.376076160000e-03 1.708610180000e+00 7.574973280000e-04
4.457131030000e-03 1.712247370000e+00 7.798934820000e-04
4.538193350000e-03 1.716312410000e+00 8.022895780000e-04
4.619248210000e-03 1.720163580000e+00 8.244253110000e-04
4.700310530000e-03 1.723586560000e+00 8.456495120000e-04
4.781365390000e-03 1.727651600000e+00 8.688921230000e-04
4.862427710000e-03 1.731288910000e+00 8.908324530000e-04
5.024544890000e-03 1.735139850000e+00 9.110801620000e-04
5.024544890000e-03 1.738777160000e+00 9.302860710000e-04
5.105599760000e-03 1.742414240000e+00 9.511196990000e-04
5.267724390000e-03 1.746051310000e+00 9.723440740000e-04
5.267724390000e-03 1.749688630000e+00 9.964329660000e-04
5.348779260000e-03 1.753325700000e+00 1.020586820000e-03
5.510896440000e-03 1.757176880000e+00 1.047540340000e-03
5.510896440000e-03 1.760813950000e+00 1.072280230000e-03
5.591958760000e-03 1.764451030000e+00 1.095848270000e-03
5.673013630000e-03 1.767874240000e+00 1.116942380000e-03
5.754075940000e-03 1.771083590000e+00 1.138492250000e-03
5.835130810000e-03 1.774720670000e+00 1.160041890000e-03
5.916193130000e-03 1.778571840000e+00 1.182372910000e-03
5.997247990000e-03 1.781780960000e+00 1.201513810000e-03
6.078310310000e-03 1.785632130000e+00 1.225146930000e-03
6.159365180000e-03 1.789055350000e+00 1.247217650000e-03
6.321482360000e-03 1.792692420000e+00 1.269353200000e-03
6.321482360000e-03 1.796543600000e+00 1.290382350000e-03
6.402544680000e-03 1.799966810000e+00 1.312778450000e-03
6.483599540000e-03 1.803175930000e+00 1.333807360000e-03
6.645716730000e-03 1.806813240000e+00 1.354836280000e-03
6.726779040000e-03 1.810022350000e+00 1.375409430000e-03
6.807833910000e-03 1.813659430000e+00 1.398391560000e-03
6.888896230000e-03 1.817296740000e+00 1.421634110000e-03
6.969951090000e-03 1.820933820000e+00 1.443639630000e-03
7.051013410000e-03 1.824143170000e+00 1.464538280000e-03
7.132075730000e-03 1.827566150000e+00 1.486348570000e-03
7.132075730000e-03 1.830989360000e+00 1.508484130000e-03
7.213130590000e-03 1.834412570000e+00 1.530164270000e-03
7.294192910000e-03 1.837835790000e+00 1.549826000000e-03
7.456310090000e-03 1.841259000000e+00 1.570985190000e-03
7.537364960000e-03 1.844468360000e+00 1.592664980000e-03
7.537364960000e-03 1.848105430000e+00 1.613759090000e-03
7.618427280000e-03 1.851742510000e+00 1.633160400000e-03
7.699482140000e-03 1.854523900000e+00 1.654254390000e-03
7.699482140000e-03 1.857947110000e+00 1.675478760000e-03
7.942661640000e-03 1.861798290000e+00 1.697028410000e-03
8.023716510000e-03 1.865007400000e+00 1.717862090000e-03
8.185833690000e-03 1.868216750000e+00 1.738500430000e-03
8.185833690000e-03 1.871425870000e+00 1.757511050000e-03
8.185833690000e-03 1.875063180000e+00 1.778670240000e-03
8.347950880000e-03 1.877844570000e+00 1.800350260000e-03
8.347950880000e-03 1.881481650000e+00 1.822095360000e-03
8.510068060000e-03 1.884904860000e+00 1.844230920000e-03
8.510068060000e-03 1.887258290000e+00 1.868645430000e-03
8.591130380000e-03 1.890467410000e+00 1.888892960000e-03
8.672185240000e-03 1.894104720000e+00 1.907448050000e-03
8.834302430000e-03 1.897099970000e+00 1.928476970000e-03
8.915364740000e-03 1.900951150000e+00 1.947357440000e-03
8.915364740000e-03 1.903946400000e+00 1.963959310000e-03
8.996419610000e-03 1.907583480000e+00 1.981928250000e-03
9.077481930000e-03 1.910578730000e+00 2.001264600000e-03
9.158544240000e-03 1.914215800000e+00 2.021316670000e-03
9.158544240000e-03 1.916997190000e+00 2.041108670000e-03
9.320661430000e-03 1.920420410000e+00 2.061811970000e-03
9.482778610000e-03 1.923629760000e+00 2.081994670000e-03
9.563833480000e-03 1.926197050000e+00 2.102763160000e-03
9.563833480000e-03 1.930262090000e+00 2.121708820000e-03
9.644895790000e-03 1.933257340000e+00 2.141630980000e-03
9.725950660000e-03 1.936252830000e+00 2.155498370000e-03
9.725950660000e-03 1.936680560000e+00 2.155433180000e-03
9.807012980000e-03 1.939889910000e+00 2.174899680000e-03
9.969130160000e-03 1.943526980000e+00 2.193128920000e-03
1.021230220000e-02 1.946308370000e+00 2.214027800000e-03
1.013124730000e-02 1.949731590000e+00 2.233819570000e-03
1.013124730000e-02 1.952085020000e+00 2.253546610000e-03
1.013124730000e-02 1.954438450000e+00 2.272361890000e-03
1.037441940000e-02 1.958717580000e+00 2.291958550000e-03
1.037441940000e-02 1.961712840000e+00 2.311490010000e-03
1.053653660000e-02 1.965136050000e+00 2.330826130000e-03
1.053653660000e-02 1.967275380000e+00 2.349055610000e-03
1.061759890000e-02 1.971126560000e+00 2.368131420000e-03
1.077971610000e-02 1.974121810000e+00 2.386816540000e-03
1.086077090000e-02 1.976475240000e+00 2.405371520000e-03
1.094183330000e-02 1.979470490000e+00 2.424707870000e-03
1.102288810000e-02 1.983107810000e+00 2.445085440000e-03
1.102288810000e-02 1.986531020000e+00 2.463770800000e-03
1.110395040000e-02 1.989098310000e+00 2.483041720000e-03
1.118501280000e-02 1.992307660000e+00 2.499513330000e-03
1.126606760000e-02 1.995302920000e+00 2.517287150000e-03
1.142818480000e-02 1.998298170000e+00 2.534865630000e-03
1.150924710000e-02 2.001721380000e+00 2.549839670000e-03
1.159030200000e-02 2.004074810000e+00 2.568134340000e-03
1.159030200000e-02 2.007498030000e+00 2.588772450000e-03
1.167136430000e-02 2.010707380000e+00 2.607457570000e-03
1.175241920000e-02 2.013702630000e+00 2.626012550000e-03
1.191453640000e-02 2.016269920000e+00 2.643851330000e-03
1.191453640000e-02 2.019479270000e+00 2.662731800000e-03
1.207665350000e-02 2.022688390000e+00 2.681677460000e-03
1.215771590000e-02 2.025683640000e+00 2.700297630000e-03
1.223877070000e-02 2.028679130000e+00 2.718005800000e-03
1.223877070000e-02 2.031460290000e+00 2.736105120000e-03
1.240088790000e-02 2.034455780000e+00 2.752446340000e-03
1.248195020000e-02 2.037451030000e+00 2.768006870000e-03
1.248195020000e-02 2.040232420000e+00 2.785324580000e-03
1.256300510000e-02 2.043227670000e+00 2.805181550000e-03
1.272512230000e-02 2.046009060000e+00 2.822760030000e-03
1.280618460000e-02 2.049004320000e+00 2.840664000000e-03
1.288723950000e-02 2.051999570000e+00 2.855442700000e-03
1.288723950000e-02 2.055208920000e+00 2.872304990000e-03
1.304936410000e-02 2.058204170000e+00 2.872304990000e-03
1.304936410000e-02 2.060985570000e+00 2.932918490000e-03
1.321148130000e-02 2.063552860000e+00 2.938761840000e-03
1.329253610000e-02 2.066548110000e+00 2.954345430000e-03
1.329253610000e-02 2.069543360000e+00 2.971227050000e-03
1.337359850000e-02 2.072752710000e+00 2.984863240000e-03
1.345465330000e-02 2.075320010000e+00 2.998498500000e-03
1.361677050000e-02 2.078315500000e+00 3.018626480000e-03
1.361677050000e-02 2.081096650000e+00 3.035509030000e-03
1.369783280000e-02 2.083878040000e+00 3.051091680000e-03
1.377888770000e-02 2.086873290000e+00 3.064078280000e-03
1.385995000000e-02 2.089868780000e+00 3.081609490000e-03
1.394100490000e-02 2.092649940000e+00 3.098491110000e-03
1.402206720000e-02 2.095431330000e+00 3.114074700000e-03
1.418418440000e-02 2.098212720000e+00 3.131605920000e-03
1.418418440000e-02 2.101422070000e+00 3.147189510000e-03
1.426523920000e-02 2.103989360000e+00 3.162123500000e-03
1.434630160000e-02 2.106984620000e+00 3.172512400000e-03
1.450841870000e-02 2.109552150000e+00 3.192641310000e-03
1.450841870000e-02 2.112547400000e+00 3.206276330000e-03
1.458947360000e-02 2.115542650000e+00 3.221210560000e-03
1.467053590000e-02 2.118110180000e+00 3.231599230000e-03
1.483265310000e-02 2.120891330000e+00 3.244585120000e-03
1.491370800000e-02 2.123886820000e+00 3.265363400000e-03
1.499477030000e-02 2.126667980000e+00 3.278998660000e-03
1.507583260000e-02 2.129663470000e+00 3.292633920000e-03
1.507583260000e-02 2.132016900000e+00 3.306269180000e-03
1.515688750000e-02 2.135012150000e+00 3.321852770000e-03
1.531900470000e-02 2.137793540000e+00 3.336137390000e-03
1.531900470000e-02 2.140788790000e+00 3.353019010000e-03
1.540006700000e-02 2.143356080000e+00 3.366005610000e-03
1.548112180000e-02 2.146351340000e+00 3.382887230000e-03
1.564323900000e-02 2.148918870000e+00 3.395224460000e-03
1.564323900000e-02 2.151700260000e+00 3.409509080000e-03
1.572430130000e-02 2.154481410000e+00 3.425742030000e-03
1.588641850000e-02 2.157262800000e+00 3.439377290000e-03
1.588641850000e-02 2.159830330000e+00 3.453662150000e-03
1.604853570000e-02 2.162611720000e+00 3.465349790000e-03
1.612959060000e-02 2.165392880000e+00 3.473790130000e-03
1.612959060000e-02 2.168174270000e+00 3.489373720000e-03
1.621065290000e-02 2.170741800000e+00 3.503658340000e-03
1.637277010000e-02 2.173737050000e+00 3.517293600000e-03
1.645382490000e-02 2.175876620000e+00 3.527033840000e-03
1.645382490000e-02 2.179085730000e+00 3.542616500000e-03
1.653488730000e-02 2.181653260000e+00 3.552356730000e-03
1.661594210000e-02 2.184434410000e+00 3.564693030000e-03
1.669700440000e-02 2.186787840000e+00 3.578977660000e-03
1.685912160000e-02 2.189997200000e+00 3.593911880000e-03
1.685912160000e-02 2.192564490000e+00 3.608845870000e-03
1.694017650000e-02 2.195132020000e+00 3.623130730000e-03
1.702123880000e-02 2.197699310000e+00 3.631571770000e-03
1.710230110000e-02 2.200480700000e+00 3.642610040000e-03
1.718335600000e-02 2.203048230000e+00 3.650401950000e-03
1.726441830000e-02 2.205829380000e+00 3.660790620000e-03
1.742653550000e-02 2.208396910000e+00 3.671828890000e-03
1.742653550000e-02 2.211178300000e+00 3.686113520000e-03
1.750759040000e-02 2.214173560000e+00 3.697801150000e-03
1.766970750000e-02 2.216526990000e+00 3.710137680000e-03
1.775076990000e-02 2.218666550000e+00 3.719228320000e-03
1.775076990000e-02 2.221875670000e+00 3.727669360000e-03
1.783182470000e-02 2.224015240000e+00 3.740655260000e-03
1.799394190000e-02 2.227010490000e+00 3.751044160000e-03
1.799394190000e-02 2.229577780000e+00 3.760783470000e-03
1.815605910000e-02 2.232359170000e+00 3.769874110000e-03
1.815605910000e-02 2.234926700000e+00 3.783509370000e-03
1.823712140000e-02 2.237493990000e+00 3.795846370000e-03
1.839923860000e-02 2.239847420000e+00 3.805585670000e-03
1.839923860000e-02 2.242414950000e+00 3.812078620000e-03
1.856135580000e-02 2.245196340000e+00 3.825065210000e-03
1.856135580000e-02 2.247763630000e+00 3.835453880000e-03
1.864241060000e-02 2.250117060000e+00 3.845842790000e-03
1.872347300000e-02 2.252898450000e+00 3.850388110000e-03
1.880452780000e-02 2.255251880000e+00 3.862724410000e-03
1.888559010000e-02 2.258033280000e+00 3.866620360000e-03
1.896665250000e-02 2.260386710000e+00 3.880905690000e-03
1.912876960000e-02 2.263168100000e+00 3.887398630000e-03
1.904770730000e-02 2.265521530000e+00 3.899086270000e-03
1.912876960000e-02 2.265521530000e+00 3.896488580000e-03
1.920982450000e-02 2.268302920000e+00 3.908176440000e-03
1.929088680000e-02 2.270870210000e+00 3.917915750000e-03
1.937194170000e-02 2.273223640000e+00 3.932200370000e-03
1.945300400000e-02 2.275791170000e+00 3.938044420000e-03
