#  J [A] 	 V 	 L [w] 
7.995963100000e-05 2.211630340000e-04 -1.226713620000e-09
7.995963100000e-05 2.211630340000e-04 -1.420405240000e-09
1.610219480000e-04 2.211630340000e-04 -1.420405240000e-09
7.995963100000e-05 2.211630340000e-04 -1.226713620000e-09
1.610219480000e-04 2.211630340000e-04 -1.097632210000e-09
1.610219480000e-04 7.212162020000e-06 -1.097632210000e-09
1.610219480000e-04 7.212162020000e-06 -1.226713620000e-09
1.610219480000e-04 7.212162020000e-06 -1.226713620000e-09
1.610219480000e-04 5.280352830000e-01 -1.033068410000e-09
2.420768140000e-04 1.353025670000e+00 2.010287830000e-07
3.231391310000e-04 1.358588340000e+00 2.255602280000e-07
3.231391310000e-04 1.384476300000e+00 4.108373730000e-07
4.041939970000e-04 1.402448060000e+00 6.084447930000e-07
4.852563140000e-04 1.417210580000e+00 8.028244450000e-07
5.663111810000e-04 1.430047510000e+00 1.013924250000e-06
7.284283640000e-04 1.441386940000e+00 1.225734080000e-06
7.284283640000e-04 1.451442600000e+00 1.445484260000e-06
8.905455470000e-04 1.460214500000e+00 1.646642430000e-06
9.716078640000e-04 1.468986390000e+00 1.890988640000e-06
9.716078640000e-04 1.477758410000e+00 2.132365580000e-06
1.052662730000e-03 1.486316320000e+00 2.386137110000e-06
1.214787360000e-03 1.493804570000e+00 2.635131300000e-06
1.295842230000e-03 1.501292820000e+00 2.635131300000e-06
1.295842230000e-03 1.508353230000e+00 3.210830980000e-06
1.457959410000e-03 1.515199540000e+00 3.481702610000e-06
1.539021730000e-03 1.521831990000e+00 3.775957790000e-06
1.620076600000e-03 1.528464440000e+00 4.113735030000e-06
1.701138910000e-03 1.534455060000e+00 4.461255230000e-06
1.701138910000e-03 1.541087510000e+00 4.852946860000e-06
1.782193780000e-03 1.547078130000e+00 5.262177180000e-06
1.863256100000e-03 1.552640800000e+00 5.757150120000e-06
1.944310960000e-03 1.558417440000e+00 6.324874900000e-06
2.106428150000e-03 1.563980100000e+00 7.026411820000e-06
2.187490460000e-03 1.568900940000e+00 7.892939720000e-06
2.268545330000e-03 1.574463730000e+00 9.387603310000e-06
2.349607650000e-03 1.579812410000e+00 1.252113540000e-05
2.430662510000e-03 1.584519270000e+00 2.369700630000e-05
2.511724830000e-03 1.588370440000e+00 2.369700630000e-05
2.592779700000e-03 1.592221500000e+00 6.340700200000e-05
2.592779700000e-03 1.596500520000e+00 8.409886500000e-05
2.673842010000e-03 1.600351570000e+00 1.047452820000e-04
2.754896880000e-03 1.603988770000e+00 1.250214990000e-04
2.917014060000e-03 1.608053800000e+00 1.471876460000e-04
2.917014060000e-03 1.611690880000e+00 1.679184930000e-04
3.079131250000e-03 1.615542050000e+00 1.892403380000e-04
3.160193560000e-03 1.619179130000e+00 2.097438560000e-04
3.241255880000e-03 1.623244170000e+00 2.312150750000e-04
3.241255880000e-03 1.626881360000e+00 2.514588410000e-04
3.322310750000e-03 1.630518560000e+00 2.723195650000e-04
3.484427930000e-03 1.634155630000e+00 2.723195650000e-04
3.565490250000e-03 1.638220670000e+00 3.158897160000e-04
3.646545110000e-03 1.642071840000e+00 3.357467360000e-04
3.646545110000e-03 1.645922900000e+00 3.569058900000e-04
3.808662300000e-03 1.648918150000e+00 3.771535120000e-04
3.808662300000e-03 1.652983190000e+00 3.975965660000e-04
3.889724610000e-03 1.656620380000e+00 4.175838260000e-04
4.051841800000e-03 1.660257580000e+00 4.382871560000e-04
4.132896660000e-03 1.664108630000e+00 4.567770520000e-04
4.132896660000e-03 1.667317870000e+00 4.781965690000e-04
4.213958980000e-03 1.671168920000e+00 4.994207990000e-04
4.376076160000e-03 1.675020100000e+00 5.213612460000e-04
4.376076160000e-03 1.678015350000e+00 5.409579030000e-04
4.457131030000e-03 1.681866410000e+00 5.620519510000e-04
4.619248210000e-03 1.685503600000e+00 5.822344100000e-04
4.619248210000e-03 1.688926820000e+00 6.024170430000e-04
4.781365390000e-03 1.692350030000e+00 6.213626480000e-04
4.862427710000e-03 1.695987110000e+00 6.421962170000e-04
4.943482580000e-03 1.699410320000e+00 6.619882190000e-04
5.024544890000e-03 1.703047510000e+00 6.828868650000e-04
5.024544890000e-03 1.706256750000e+00 7.021579660000e-04
5.105599760000e-03 1.709893820000e+00 7.220149860000e-04
5.267724390000e-03 1.713103180000e+00 7.413512210000e-04
5.348779260000e-03 1.716954230000e+00 7.608176090000e-04
5.348779260000e-03 1.720163580000e+00 7.785262420000e-04
5.510896440000e-03 1.723800660000e+00 7.983181860000e-04
5.591958760000e-03 1.727437730000e+00 8.178497080000e-04
5.673013630000e-03 1.730647090000e+00 8.378369970000e-04
5.754075940000e-03 1.734284160000e+00 8.569126370000e-04
5.754075940000e-03 1.737707380000e+00 8.776160540000e-04
5.916193130000e-03 1.740916490000e+00 8.968871550000e-04
5.916193130000e-03 1.744339700000e+00 9.151817650000e-04
5.997247990000e-03 1.747335200000e+00 9.310674500000e-04
6.159365180000e-03 1.750972270000e+00 9.496873830000e-04
6.159365180000e-03 1.754181390000e+00 9.683725070000e-04
6.321482360000e-03 1.757818700000e+00 9.873833040000e-04
6.321482360000e-03 1.761027810000e+00 1.005612780000e-03
6.483599540000e-03 1.764451030000e+00 1.025469740000e-03
6.483599540000e-03 1.767660380000e+00 1.043894440000e-03
6.645716730000e-03 1.771083590000e+00 1.063230560000e-03
6.726779040000e-03 1.774506810000e+00 1.080157930000e-03
6.807833910000e-03 1.777930020000e+00 1.098973210000e-03
6.807833910000e-03 1.781353000000e+00 1.116291270000e-03
6.888896230000e-03 1.784348490000e+00 1.134781170000e-03
6.969951090000e-03 1.787771700000e+00 1.152033920000e-03
7.051013410000e-03 1.791194920000e+00 1.170263390000e-03
7.213130590000e-03 1.794190170000e+00 1.188427790000e-03
7.213130590000e-03 1.797399280000e+00 1.207177990000e-03
7.294192910000e-03 1.800608630000e+00 1.224105250000e-03
7.375247780000e-03 1.804031850000e+00 1.242920640000e-03
7.537364960000e-03 1.807668920000e+00 1.260759310000e-03
7.618427280000e-03 1.810664180000e+00 1.278533130000e-03
7.699482140000e-03 1.813873530000e+00 1.295460390000e-03
7.699482140000e-03 1.817082640000e+00 1.312908600000e-03
7.780544460000e-03 1.820078130000e+00 1.330356700000e-03
7.861599330000e-03 1.823501110000e+00 1.347804910000e-03
7.942661640000e-03 1.826710460000e+00 1.364081280000e-03
8.104778830000e-03 1.829919820000e+00 1.382766410000e-03
8.104778830000e-03 1.832915070000e+00 1.400279700000e-03
8.185833690000e-03 1.836338280000e+00 1.418769360000e-03
8.347950880000e-03 1.839547400000e+00 1.434980660000e-03
8.347950880000e-03 1.842756750000e+00 1.452428750000e-03
8.429013190000e-03 1.845752000000e+00 1.469421320000e-03
8.510068060000e-03 1.848961350000e+00 1.485436920000e-03
8.591130380000e-03 1.851528640000e+00 1.500346000000e-03
8.672185240000e-03 1.855165720000e+00 1.517794210000e-03
8.834302430000e-03 1.858375070000e+00 1.534135550000e-03
8.834302430000e-03 1.861798290000e+00 1.551714030000e-03
8.996419610000e-03 1.864579680000e+00 1.568380860000e-03
8.996419610000e-03 1.867788790000e+00 1.586219650000e-03
9.077481930000e-03 1.870998140000e+00 1.602821520000e-03
9.239599110000e-03 1.874421360000e+00 1.618967390000e-03
9.320661430000e-03 1.876988650000e+00 1.633811390000e-03
9.401716290000e-03 1.880625720000e+00 1.650673690000e-03
9.482778610000e-03 1.883835080000e+00 1.667080100000e-03
9.563833480000e-03 1.886830330000e+00 1.683421430000e-03
9.644895790000e-03 1.890467410000e+00 1.699046700000e-03
9.725950660000e-03 1.893248800000e+00 1.714541580000e-03
9.807012980000e-03 1.896244050000e+00 1.729906540000e-03
9.807012980000e-03 1.896458150000e+00 1.729906540000e-03
9.888067840000e-03 1.899239540000e+00 1.746247870000e-03
9.888067840000e-03 1.902234790000e+00 1.760766260000e-03
9.969130160000e-03 1.905230050000e+00 1.777107590000e-03
1.005018500000e-02 1.908439160000e+00 1.792277090000e-03
1.021230220000e-02 1.911648510000e+00 1.808162780000e-03
1.029336450000e-02 1.914643760000e+00 1.823202010000e-03
1.037441940000e-02 1.917639020000e+00 1.839217960000e-03
1.037441940000e-02 1.921062230000e+00 1.854322150000e-03
1.053653660000e-02 1.923843620000e+00 1.869231460000e-03
1.053653660000e-02 1.926411150000e+00 1.883098740000e-03
1.069865380000e-02 1.929834370000e+00 1.897617130000e-03
1.069865380000e-02 1.932829620000e+00 1.913047050000e-03
1.086077090000e-02 1.935824870000e+00 1.928151350000e-03
1.094183330000e-02 1.939461950000e+00 1.943386040000e-03
1.102288810000e-02 1.941815380000e+00 1.958490350000e-03
1.110395040000e-02 1.945238590000e+00 1.971576600000e-03
1.118501280000e-02 1.947592020000e+00 1.985769250000e-03
1.118501280000e-02 1.950159550000e+00 1.998204510000e-03
1.142818480000e-02 1.952726840000e+00 2.013439080000e-03
1.134712990000e-02 1.956578020000e+00 2.028022660000e-03
1.142818480000e-02 1.960215090000e+00 2.041629520000e-03
1.150924710000e-02 1.963638310000e+00 2.055106450000e-03
1.175241920000e-02 1.964921950000e+00 2.068843460000e-03
1.183348150000e-02 1.969201090000e+00 2.082580700000e-03
1.183348150000e-02 1.971340420000e+00 2.097294430000e-03
1.183348150000e-02 1.974763630000e+00 2.110510600000e-03
1.207665350000e-02 1.977759120000e+00 2.124638530000e-03
1.199559870000e-02 1.980754380000e+00 2.137529200000e-03
1.215771590000e-02 1.983749630000e+00 2.151852470000e-03
1.223877070000e-02 1.986531020000e+00 2.165133830000e-03
1.231983300000e-02 1.989098310000e+00 2.179782370000e-03
1.231983300000e-02 1.992735390000e+00 2.192217390000e-03
1.248195020000e-02 1.995516780000e+00 2.205368600000e-03
1.256300510000e-02 1.997870210000e+00 2.217347970000e-03
1.264406740000e-02 2.001293420000e+00 2.232908270000e-03
1.272512230000e-02 2.004716630000e+00 2.245147950000e-03
1.280618460000e-02 2.007070060000e+00 2.257387620000e-03
1.288723950000e-02 2.009851460000e+00 2.269692490000e-03
1.296830180000e-02 2.012846710000e+00 2.283559880000e-03
1.296830180000e-02 2.015628100000e+00 2.296125050000e-03
1.313041900000e-02 2.018623350000e+00 2.309276260000e-03
1.321148130000e-02 2.021190880000e+00 2.321385780000e-03
1.321148130000e-02 2.023972270000e+00 2.334407070000e-03
1.329253610000e-02 2.027181390000e+00 2.346060940000e-03
1.337359850000e-02 2.029962780000e+00 2.358040310000e-03
1.353571560000e-02 2.033171890000e+00 2.369368450000e-03
1.353571560000e-02 2.035739420000e+00 2.382128970000e-03
1.369783280000e-02 2.038306710000e+00 2.393847800000e-03
1.369783280000e-02 2.041302200000e+00 2.405762210000e-03
1.385995000000e-02 2.043655630000e+00 2.417285690000e-03
1.394100490000e-02 2.046650890000e+00 2.428613840000e-03
1.402206720000e-02 2.049860000000e+00 2.435645550000e-03
1.402206720000e-02 2.052641390000e+00 2.447559500000e-03
1.410312210000e-02 2.055422780000e+00 2.458497180000e-03
1.418418440000e-02 2.058204170000e+00 2.470671900000e-03
1.426523920000e-02 2.060985570000e+00 2.482781420000e-03
1.434630160000e-02 2.063980820000e+00 2.494239950000e-03
1.450841870000e-02 2.066548110000e+00 2.505307780000e-03
1.450841870000e-02 2.069543360000e+00 2.516180510000e-03
1.458947360000e-02 2.072324750000e+00 2.526597120000e-03
1.467053590000e-02 2.075106140000e+00 2.536493120000e-03
1.475159080000e-02 2.077887540000e+00 2.545737890000e-03
1.483265310000e-02 2.080882790000e+00 2.555568700000e-03
1.499477030000e-02 2.083236220000e+00 2.565464700000e-03
1.507583260000e-02 2.086231470000e+00 2.576142080000e-03
1.515688750000e-02 2.088799000000e+00 2.585126550000e-03
1.515688750000e-02 2.092008110000e+00 2.593655140000e-03
1.523794980000e-02 2.094575640000e+00 2.602314340000e-03
1.540006700000e-02 2.097142930000e+00 2.611689500000e-03
1.540006700000e-02 2.099924330000e+00 2.620608780000e-03
1.556218420000e-02 2.102705720000e+00 2.630830280000e-03
1.564323900000e-02 2.105487110000e+00 2.638773290000e-03
1.564323900000e-02 2.107840540000e+00 2.647887920000e-03
1.572430130000e-02 2.110621930000e+00 2.655700550000e-03
1.580535620000e-02 2.113403080000e+00 2.663512950000e-03
1.596747340000e-02 2.115970610000e+00 2.668656410000e-03
1.604853570000e-02 2.118537900000e+00 2.676078350000e-03
1.604853570000e-02 2.121533160000e+00 2.683695640000e-03
1.621065290000e-02 2.123886820000e+00 2.691573460000e-03
1.629170780000e-02 2.126667980000e+00 2.698409370000e-03
1.637277010000e-02 2.129449370000e+00 2.705050170000e-03
1.637277010000e-02 2.131802800000e+00 2.711169890000e-03
1.645382490000e-02 2.134798050000e+00 2.718461680000e-03
1.661594210000e-02 2.137151480000e+00 2.726144160000e-03
1.661594210000e-02 2.140146970000e+00 2.733370750000e-03
1.669700440000e-02 2.142286300000e+00 2.739295130000e-03
1.685912160000e-02 2.145495650000e+00 2.746066540000e-03
1.685912160000e-02 2.147849080000e+00 2.752706870000e-03
1.694017650000e-02 2.150630470000e+00 2.760194010000e-03
1.710230110000e-02 2.153197770000e+00 2.765923510000e-03
1.710230110000e-02 2.156193020000e+00 2.771782920000e-03
1.726441830000e-02 2.158546690000e+00 2.776535460000e-03
1.726441830000e-02 2.161327840000e+00 2.781938990000e-03
1.734547320000e-02 2.163681270000e+00 2.787472910000e-03
1.750759040000e-02 2.166248800000e+00 2.792681330000e-03
1.758865270000e-02 2.168602230000e+00 2.797564490000e-03
1.758865270000e-02 2.171383620000e+00 2.803488870000e-03
1.766970750000e-02 2.173737050000e+00 2.809153170000e-03
1.775076990000e-02 2.176304340000e+00 2.815273120000e-03
1.791288700000e-02 2.179085730000e+00 2.820221010000e-03
1.799394190000e-02 2.181653260000e+00 2.824387750000e-03
1.807500420000e-02 2.184220550000e+00 2.827382410000e-03
1.815605910000e-02 2.186573980000e+00 2.831549150000e-03
1.823712140000e-02 2.189355370000e+00 2.835716120000e-03
1.823712140000e-02 2.191922660000e+00 2.838385290000e-03
1.839923860000e-02 2.194276090000e+00 2.840794160000e-03
1.839923860000e-02 2.196843620000e+00 2.845937620000e-03
1.856135580000e-02 2.199625020000e+00 2.850169080000e-03
1.856135580000e-02 2.201764350000e+00 2.855247590000e-03
1.864241060000e-02 2.204545740000e+00 2.859349130000e-03
1.872347300000e-02 2.206899170000e+00 2.863255330000e-03
1.880452780000e-02 2.209252600000e+00 2.867161530000e-03
1.888559010000e-02 2.211820130000e+00 2.869831170000e-03
1.896665250000e-02 2.214601520000e+00 2.870937580000e-03
1.912876960000e-02 2.216954950000e+00 2.871784150000e-03
1.920982450000e-02 2.219308380000e+00 2.873737370000e-03
1.912876960000e-02 2.219094280000e+00 2.873151330000e-03
1.920982450000e-02 2.221875670000e+00 2.873151330000e-03
1.929088680000e-02 2.224229100000e+00 2.900453280000e-03
1.937194170000e-02 2.227010490000e+00 2.890064380000e-03
1.945300400000e-02 2.229363920000e+00 2.888116050000e-03
