#  J [A] 	 V 	 L [w] 
7.995963100000e-05 7.212162020000e-06 -1.355841330000e-09
1.610219480000e-04 7.212162020000e-06 -1.162196120000e-09
7.995963100000e-05 7.212162020000e-06 -1.355841330000e-09
1.610219480000e-04 7.212162020000e-06 -1.291277420000e-09
7.995963100000e-05 7.212162020000e-06 -1.162196120000e-09
7.995963100000e-05 7.212162020000e-06 -1.291277420000e-09
1.610219480000e-04 7.212162020000e-06 -1.291277420000e-09
7.995963100000e-05 7.212162020000e-06 -1.355841330000e-09
2.420768140000e-04 5.703972580000e-01 -1.355841330000e-09
3.231391310000e-04 1.394959810000e+00 2.654561510000e-07
3.231391310000e-04 1.399238820000e+00 3.020596470000e-07
4.041939970000e-04 1.423629050000e+00 5.335592160000e-07
4.852563140000e-04 1.441600800000e+00 7.816498740000e-07
5.663111810000e-04 1.455721500000e+00 1.030967040000e-06
6.473734970000e-04 1.468558550000e+00 1.308237070000e-06
7.284283640000e-04 1.479897860000e+00 1.589574480000e-06
8.094906810000e-04 1.490381360000e+00 1.888406470000e-06
8.905455470000e-04 1.499581220000e+00 2.172584120000e-06
9.716078640000e-04 1.508995060000e+00 2.526031040000e-06
1.052662730000e-03 1.517980930000e+00 2.526031040000e-06
1.133725050000e-03 1.526111010000e+00 3.335548850000e-06
1.214787360000e-03 1.534241080000e+00 3.732437340000e-06
1.214787360000e-03 1.541943310000e+00 4.226760210000e-06
1.376904550000e-03 1.549217580000e+00 4.786690620000e-06
1.457959410000e-03 1.556705830000e+00 5.455749030000e-06
1.457959410000e-03 1.562910440000e+00 6.259268050000e-06
1.620076600000e-03 1.569970730000e+00 7.544770600000e-06
1.701138910000e-03 1.576389190000e+00 9.758508900000e-06
1.782193780000e-03 1.582379820000e+00 1.830686410000e-05
1.782193780000e-03 1.586872820000e+00 1.830686410000e-05
2.025373280000e-03 1.591793660000e+00 6.582948840000e-05
1.944310960000e-03 1.596714500000e+00 9.035319090000e-05
2.106428150000e-03 1.601207380000e+00 1.150457540000e-04
2.106428150000e-03 1.605914240000e+00 1.386861840000e-04
2.187490460000e-03 1.610407230000e+00 1.650413610000e-04
2.349607650000e-03 1.614900230000e+00 1.907016410000e-04
2.430662510000e-03 1.619607090000e+00 2.159267610000e-04
2.430662510000e-03 1.624099970000e+00 2.393983010000e-04
2.511724830000e-03 1.628806950000e+00 2.648442750000e-04
2.592779700000e-03 1.633085970000e+00 2.648442750000e-04
2.754896880000e-03 1.637578850000e+00 3.162151840000e-04
2.754896880000e-03 1.641857860000e+00 3.363977880000e-04
2.835959200000e-03 1.646136880000e+00 3.621142530000e-04
2.917014060000e-03 1.650629760000e+00 3.875052210000e-04
3.079131250000e-03 1.654694800000e+00 4.143285330000e-04
3.160193560000e-03 1.658973810000e+00 4.393940330000e-04
3.241255880000e-03 1.663038850000e+00 4.647850000000e-04
3.322310750000e-03 1.667745830000e+00 4.886133830000e-04
3.322310750000e-03 1.671596880000e+00 5.117257240000e-04
3.403373060000e-03 1.676089760000e+00 5.347077970000e-04
3.565490250000e-03 1.680154920000e+00 5.601638700000e-04
3.646545110000e-03 1.684433820000e+00 5.847084100000e-04
3.727607430000e-03 1.688498850000e+00 6.105552310000e-04
3.727607430000e-03 1.692350030000e+00 6.347091980000e-04
3.889724610000e-03 1.696842910000e+00 6.608813420000e-04
3.889724610000e-03 1.701121930000e+00 6.858166310000e-04
3.970779480000e-03 1.704759120000e+00 7.108820720000e-04
4.132896660000e-03 1.708610180000e+00 7.339944130000e-04
4.132896660000e-03 1.713103180000e+00 7.584738780000e-04
4.295013840000e-03 1.716954230000e+00 7.820418690000e-04
4.376076160000e-03 1.721233130000e+00 8.062609120000e-04
4.457131030000e-03 1.724870440000e+00 8.287222010000e-04
4.538193350000e-03 1.728935480000e+00 8.531367060000e-04
4.619248210000e-03 1.732786420000e+00 8.791786390000e-04
4.700310530000e-03 1.736423730000e+00 9.041789450000e-04
4.781365390000e-03 1.740274670000e+00 9.271610760000e-04
4.862427710000e-03 1.744339700000e+00 9.523568440000e-04
4.862427710000e-03 1.748190880000e+00 9.759899690000e-04
5.024544890000e-03 1.752255920000e+00 1.000078860000e-03
5.105599760000e-03 1.755892990000e+00 1.022800340000e-03
5.186662080000e-03 1.759958030000e+00 1.046368500000e-03
5.186662080000e-03 1.763595340000e+00 1.068438990000e-03
5.348779260000e-03 1.767446280000e+00 1.089728440000e-03
5.429841580000e-03 1.770869490000e+00 1.111538730000e-03
5.510896440000e-03 1.775148630000e+00 1.134846360000e-03
5.510896440000e-03 1.778571840000e+00 1.158088790000e-03
5.591958760000e-03 1.782422780000e+00 1.180484890000e-03
5.754075940000e-03 1.785845990000e+00 1.199365480000e-03
5.835130810000e-03 1.789697170000e+00 1.223063560000e-03
5.916193130000e-03 1.793120380000e+00 1.246045810000e-03
5.997247990000e-03 1.796971560000e+00 1.270069390000e-03
6.078310310000e-03 1.800394540000e+00 1.290968270000e-03
6.159365180000e-03 1.804245710000e+00 1.315057160000e-03
6.240427490000e-03 1.808096890000e+00 1.338429870000e-03
6.240427490000e-03 1.811520100000e+00 1.361346800000e-03
6.321482360000e-03 1.815157180000e+00 1.384263740000e-03
6.402544680000e-03 1.818794250000e+00 1.407766710000e-03
6.483599540000e-03 1.822431560000e+00 1.430162690000e-03
6.645716730000e-03 1.825640680000e+00 1.453665780000e-03
6.726779040000e-03 1.829063890000e+00 1.475475960000e-03
6.807833910000e-03 1.833128930000e+00 1.499109090000e-03
6.807833910000e-03 1.836124180000e+00 1.521505300000e-03
6.888896230000e-03 1.839761500000e+00 1.543445630000e-03
6.969951090000e-03 1.843612430000e+00 1.564604810000e-03
7.051013410000e-03 1.846607690000e+00 1.586935830000e-03
7.132075730000e-03 1.850245000000e+00 1.609071620000e-03
7.213130590000e-03 1.854095940000e+00 1.630621260000e-03
7.213130590000e-03 1.857519150000e+00 1.651650180000e-03
7.375247780000e-03 1.861370330000e+00 1.675999490000e-03
7.618427280000e-03 1.864579680000e+00 1.699111890000e-03
7.537364960000e-03 1.867788790000e+00 1.722159100000e-03
7.780544460000e-03 1.871212010000e+00 1.743122820000e-03
7.618427280000e-03 1.873565440000e+00 1.765323800000e-03
7.780544460000e-03 1.877202510000e+00 1.786612910000e-03
7.861599330000e-03 1.881267550000e+00 1.807837280000e-03
8.023716510000e-03 1.883835080000e+00 1.827499010000e-03
8.104778830000e-03 1.888969900000e+00 1.847290900000e-03
8.104778830000e-03 1.891537190000e+00 1.866757400000e-03
8.185833690000e-03 1.895816330000e+00 1.885768030000e-03
8.266896010000e-03 1.897099970000e+00 1.904583420000e-03
8.510068060000e-03 1.901592970000e+00 1.929127960000e-03
8.429013190000e-03 1.904588220000e+00 1.953151780000e-03
8.591130380000e-03 1.908011440000e+00 1.976263940000e-03
8.591130380000e-03 1.911006690000e+00 1.997097630000e-03
8.672185240000e-03 1.914643760000e+00 2.020470330000e-03
8.834302430000e-03 1.918066980000e+00 2.042671200000e-03
8.834302430000e-03 1.921704050000e+00 2.064806870000e-03
8.996419610000e-03 1.924699540000e+00 2.086161400000e-03
9.077481930000e-03 1.928122760000e+00 2.108427230000e-03
9.158544240000e-03 1.931545970000e+00 2.130172450000e-03
9.158544240000e-03 1.934755090000e+00 2.148987730000e-03
9.320661430000e-03 1.937750340000e+00 2.168193930000e-03
9.401716290000e-03 1.941173550000e+00 2.189222720000e-03
9.401716290000e-03 1.944382910000e+00 2.209991220000e-03
9.482778610000e-03 1.947592020000e+00 2.230499410000e-03
9.563833480000e-03 1.950587270000e+00 2.247686960000e-03
9.725950660000e-03 1.954224590000e+00 2.268846150000e-03
9.807012980000e-03 1.957219840000e+00 2.286945240000e-03
9.725950660000e-03 1.957433700000e+00 2.287335930000e-03
9.807012980000e-03 1.960001230000e+00 2.307258310000e-03
9.888067840000e-03 1.963210340000e+00 2.324185570000e-03
9.969130160000e-03 1.967061520000e+00 2.347558270000e-03
1.013124730000e-02 1.969842910000e+00 2.370540290000e-03
1.021230220000e-02 1.973266120000e+00 2.391178630000e-03
1.029336450000e-02 1.976261380000e+00 2.411230930000e-03
1.029336450000e-02 1.979256630000e+00 2.432520270000e-03
1.045548170000e-02 1.982893710000e+00 2.453353950000e-03
1.053653660000e-02 1.985889200000e+00 2.473992060000e-03
1.061759890000e-02 1.988884450000e+00 2.493263220000e-03
1.061759890000e-02 1.992307660000e+00 2.513836370000e-03
1.077971610000e-02 1.995089050000e+00 2.533953870000e-03
1.077971610000e-02 1.998084310000e+00 2.555438780000e-03
1.094183330000e-02 2.001079560000e+00 2.574579560000e-03
1.102288810000e-02 2.004288670000e+00 2.593785520000e-03
1.102288810000e-02 2.007284160000e+00 2.614554020000e-03
1.110395040000e-02 2.010493280000e+00 2.633759980000e-03
1.118501280000e-02 2.013060810000e+00 2.651143120000e-03
1.118501280000e-02 2.016484020000e+00 2.676794540000e-03
1.134712990000e-02 2.019479270000e+00 2.703292300000e-03
1.150924710000e-02 2.022688390000e+00 2.727055460000e-03
1.150924710000e-02 2.025683640000e+00 2.747303340000e-03
1.167136430000e-02 2.028892990000e+00 2.765662970000e-03
1.175241920000e-02 2.031888250000e+00 2.780702200000e-03
1.183348150000e-02 2.034883500000e+00 2.799061830000e-03
1.191453640000e-02 2.037878990000e+00 2.817681990000e-03
1.191453640000e-02 2.040874240000e+00 2.836562460000e-03
1.199559870000e-02 2.044297460000e+00 2.851406110000e-03
1.215771590000e-02 2.047292710000e+00 2.870351770000e-03
1.223877070000e-02 2.049860000000e+00 2.870351770000e-03
1.223877070000e-02 2.053283210000e+00 2.936814450000e-03
1.240088790000e-02 2.056064610000e+00 2.943307160000e-03
1.248195020000e-02 2.059059860000e+00 2.958890750000e-03
1.256300510000e-02 2.061413290000e+00 2.974473640000e-03
1.264406740000e-02 2.065050600000e+00 2.992005550000e-03
1.272512230000e-02 2.067831750000e+00 3.012133530000e-03
1.280618460000e-02 2.070613150000e+00 3.030963710000e-03
1.288723950000e-02 2.073608400000e+00 3.049144290000e-03
1.296830180000e-02 2.076817750000e+00 3.068623600000e-03
1.304936410000e-02 2.079385040000e+00 3.086804180000e-03
1.313041900000e-02 2.082594390000e+00 3.106932390000e-03
1.321148130000e-02 2.085161690000e+00 3.125762330000e-03
1.329253610000e-02 2.088371040000e+00 3.143942910000e-03
1.337359850000e-02 2.091366290000e+00 3.163422460000e-03
1.345465330000e-02 2.094575640000e+00 3.181603040000e-03
1.353571560000e-02 2.096929070000e+00 3.197835290000e-03
1.361677050000e-02 2.099924330000e+00 3.214716910000e-03
1.369783280000e-02 2.102491620000e+00 3.232248830000e-03
1.369783280000e-02 2.105700970000e+00 3.249779810000e-03
1.385995000000e-02 2.108482360000e+00 3.261467670000e-03
1.385995000000e-02 2.111263750000e+00 3.282245250000e-03
1.394100490000e-02 2.114259000000e+00 3.300425830000e-03
1.410312210000e-02 2.117468120000e+00 3.318606180000e-03
1.418418440000e-02 2.120249510000e+00 3.337436360000e-03
1.434630160000e-02 2.123244760000e+00 3.360162260000e-03
1.434630160000e-02 2.126240250000e+00 3.376394510000e-03
1.442735640000e-02 2.128807540000e+00 3.391978100000e-03
1.450841870000e-02 2.131588940000e+00 3.410808040000e-03
1.450841870000e-02 2.134370330000e+00 3.423144340000e-03
1.458947360000e-02 2.137365580000e+00 3.438078570000e-03
1.467053590000e-02 2.140146970000e+00 3.455609550000e-03
1.483265310000e-02 2.143142220000e+00 3.469245510000e-03
1.483265310000e-02 2.145923610000e+00 3.488724350000e-03
1.491370800000e-02 2.148704770000e+00 3.506255340000e-03
1.507583260000e-02 2.151058440000e+00 3.523787250000e-03
1.507583260000e-02 2.153839590000e+00 3.539370140000e-03
1.523794980000e-02 2.156620980000e+00 3.556252460000e-03
1.523794980000e-02 2.159616230000e+00 3.564693030000e-03
1.540006700000e-02 2.162397620000e+00 3.581575580000e-03
1.548112180000e-02 2.164965150000e+00 3.601054200000e-03
1.556218420000e-02 2.167960410000e+00 3.617936510000e-03
1.564323900000e-02 2.170741800000e+00 3.635467730000e-03
1.564323900000e-02 2.173522950000e+00 3.650401950000e-03
1.580535620000e-02 2.176090480000e+00 3.664686580000e-03
1.588641850000e-02 2.178871870000e+00 3.677023570000e-03
1.596747340000e-02 2.181653260000e+00 3.694554790000e-03
1.604853570000e-02 2.184434410000e+00 3.713384740000e-03
1.604853570000e-02 2.187001940000e+00 3.727669360000e-03
1.621065290000e-02 2.189783330000e+00 3.739356300000e-03
1.629170780000e-02 2.192564490000e+00 3.758835840000e-03
1.629170780000e-02 2.195345880000e+00 3.773120460000e-03
1.645382490000e-02 2.197485450000e+00 3.786755730000e-03
1.653488730000e-02 2.200480700000e+00 3.801689950000e-03
1.661594210000e-02 2.203262090000e+00 3.814676310000e-03
1.661594210000e-02 2.206043480000e+00 3.825065210000e-03
1.677805930000e-02 2.208824870000e+00 3.839349840000e-03
1.685912160000e-02 2.211178300000e+00 3.858179790000e-03
1.685912160000e-02 2.214173560000e+00 3.871165680000e-03
1.702123880000e-02 2.216740850000e+00 3.880905690000e-03
1.702123880000e-02 2.219736100000e+00 3.895190540000e-03
1.718335600000e-02 2.222089770000e+00 3.908825570000e-03
1.718335600000e-02 2.224870920000e+00 3.923110200000e-03
1.734547320000e-02 2.227224350000e+00 3.936745690000e-03
1.734547320000e-02 2.230005740000e+00 3.951030320000e-03
1.742653550000e-02 2.232787130000e+00 3.964016680000e-03
1.758865270000e-02 2.235354660000e+00 3.978950900000e-03
1.758865270000e-02 2.238135810000e+00 3.995832520000e-03
1.766970750000e-02 2.240489240000e+00 4.010117150000e-03
1.783182470000e-02 2.243270640000e+00 4.022454380000e-03
1.791288700000e-02 2.246052030000e+00 4.034141540000e-03
1.791288700000e-02 2.248619320000e+00 4.047127910000e-03
1.807500420000e-02 2.251186850000e+00 4.058165940000e-03
1.807500420000e-02 2.253968240000e+00 4.073749760000e-03
1.823712140000e-02 2.256535530000e+00 4.086735660000e-03
1.823712140000e-02 2.259103060000e+00 4.099721090000e-03
1.831817630000e-02 2.261242390000e+00 4.106214740000e-03
1.839923860000e-02 2.264451740000e+00 4.122447220000e-03
1.848029350000e-02 2.266805170000e+00 4.138680170000e-03
1.864241060000e-02 2.269372460000e+00 4.147769880000e-03
1.872347300000e-02 2.272153850000e+00 4.157510120000e-03
1.872347300000e-02 2.274721380000e+00 4.164652430000e-03
1.872347300000e-02 2.277074810000e+00 4.180884920000e-03
1.896665250000e-02 2.279856200000e+00 4.194519950000e-03
1.904770730000e-02 2.282209630000e+00 4.201013590000e-03
1.896665250000e-02 2.284990790000e+00 4.215946890000e-03
1.920982450000e-02 2.287772180000e+00 4.230881110000e-03
1.920982450000e-02 2.287558320000e+00 4.229582850000e-03
1.920982450000e-02 2.290553570000e+00 4.240621350000e-03
1.937194170000e-02 2.292907000000e+00 4.251010250000e-03
1.937194170000e-02 2.295046570000e+00 4.254905970000e-03
1.945300400000e-02 2.297827960000e+00 4.265294880000e-03
