#  J [A] 	 V 	 L [w] 
1.610219480000e-04 7.212162020000e-06 -1.226713620000e-09
7.995963100000e-05 2.211630340000e-04 -1.291277420000e-09
7.995963100000e-05 7.212162020000e-06 -1.226713620000e-09
1.610219480000e-04 7.212162020000e-06 -1.033068410000e-09
7.995963100000e-05 7.212162020000e-06 -1.097632210000e-09
1.610219480000e-04 2.211630340000e-04 -1.291277420000e-09
1.610219480000e-04 2.211630340000e-04 -1.162196120000e-09
7.995963100000e-05 2.211630340000e-04 -1.162196120000e-09
1.610219480000e-04 5.731786490000e-01 -1.162196120000e-09
3.231391310000e-04 1.372709040000e+00 2.384069970000e-07
3.231391310000e-04 1.376560090000e+00 2.641650100000e-07
3.231391310000e-04 1.401164290000e+00 4.676470840000e-07
4.041939970000e-04 1.419350030000e+00 6.857189870000e-07
4.852563140000e-04 1.433256860000e+00 9.015312800000e-07
6.473734970000e-04 1.446521760000e+00 1.137614280000e-06
6.473734970000e-04 1.457433100000e+00 1.380540430000e-06
7.284283640000e-04 1.467916730000e+00 1.631019700000e-06
8.094906810000e-04 1.476260660000e+00 1.865746980000e-06
8.905455470000e-04 1.485674500000e+00 2.153669130000e-06
1.052662730000e-03 1.494446400000e+00 2.443850460000e-06
1.133725050000e-03 1.502362610000e+00 2.749977280000e-06
1.133725050000e-03 1.510064840000e+00 2.749977280000e-06
1.214787360000e-03 1.517552970000e+00 3.416745360000e-06
1.295842230000e-03 1.525041220000e+00 3.777906610000e-06
1.376904550000e-03 1.532101630000e+00 4.176093630000e-06
1.539021730000e-03 1.538306120000e+00 4.596366580000e-06
1.539021730000e-03 1.545152540000e+00 5.116023660000e-06
1.701138910000e-03 1.551784990000e+00 5.712979600000e-06
1.782193780000e-03 1.557989480000e+00 6.466481410000e-06
1.782193780000e-03 1.563552260000e+00 7.449933040000e-06
1.863256100000e-03 1.569970730000e+00 9.082954420000e-06
1.944310960000e-03 1.575105550000e+00 1.306547440000e-05
2.187490460000e-03 1.580026390000e+00 1.306547440000e-05
2.106428150000e-03 1.584305410000e+00 4.923572490000e-05
2.187490460000e-03 1.588370440000e+00 7.209031170000e-05
2.349607650000e-03 1.592649460000e+00 9.550342660000e-05
2.430662510000e-03 1.597142340000e+00 1.196829110000e-04
2.430662510000e-03 1.600993390000e+00 1.425569790000e-04
2.511724830000e-03 1.605272410000e+00 1.668079200000e-04
2.592779700000e-03 1.609123590000e+00 1.899547640000e-04
2.673842010000e-03 1.613188620000e+00 2.130561330000e-04
2.754896880000e-03 1.617039680000e+00 2.350144350000e-04
2.917014060000e-03 1.621532680000e+00 2.589081710000e-04
2.917014060000e-03 1.625383730000e+00 2.818406790000e-04
3.079131250000e-03 1.629448770000e+00 2.818406790000e-04
3.079131250000e-03 1.633299830000e+00 3.279341330000e-04
3.241255880000e-03 1.637364860000e+00 3.502651530000e-04
3.322310750000e-03 1.641216040000e+00 3.722055990000e-04
3.403373060000e-03 1.645281080000e+00 3.953829290000e-04
3.484427930000e-03 1.648918150000e+00 4.173233760000e-04
3.484427930000e-03 1.652983190000e+00 4.413471030000e-04
3.646545110000e-03 1.656834360000e+00 4.636130180000e-04
3.646545110000e-03 1.660685420000e+00 4.863347280000e-04
3.727607430000e-03 1.664322610000e+00 5.078193500000e-04
3.889724610000e-03 1.668173670000e+00 5.308665570000e-04
3.970779480000e-03 1.672024730000e+00 5.533277870000e-04
4.051841800000e-03 1.676089760000e+00 5.762447840000e-04
4.051841800000e-03 1.679512980000e+00 5.970133350000e-04
4.132896660000e-03 1.683364150000e+00 6.196048340000e-04
4.295013840000e-03 1.687643050000e+00 6.419358540000e-04
4.295013840000e-03 1.691066270000e+00 6.642668740000e-04
4.457131030000e-03 1.694703460000e+00 6.847749460000e-04
4.538193350000e-03 1.698554520000e+00 7.067804690000e-04
4.538193350000e-03 1.702191710000e+00 7.277443070000e-04
4.700310530000e-03 1.706256750000e+00 7.494242750000e-04
4.700310530000e-03 1.709252000000e+00 7.692161600000e-04
4.862427710000e-03 1.713103180000e+00 7.920030040000e-04
4.943482580000e-03 1.716526270000e+00 8.139433920000e-04
5.024544890000e-03 1.720163580000e+00 8.357535120000e-04
5.105599760000e-03 1.724014520000e+00 8.565221210000e-04
5.105599760000e-03 1.727437730000e+00 8.779417260000e-04
5.267724390000e-03 1.731074810000e+00 8.990356580000e-04
5.348779260000e-03 1.734712120000e+00 9.209762210000e-04
5.429841580000e-03 1.738135340000e+00 9.437629490000e-04
5.429841580000e-03 1.741986270000e+00 9.657032790000e-04
5.510896440000e-03 1.745623590000e+00 9.872531520000e-04
5.591958760000e-03 1.749046800000e+00 1.008282070000e-03
5.754075940000e-03 1.752469780000e+00 1.027618070000e-03
5.835130810000e-03 1.756320950000e+00 1.047931030000e-03
5.916193130000e-03 1.759530310000e+00 1.067592650000e-03
5.997247990000e-03 1.762953520000e+00 1.087449610000e-03
6.078310310000e-03 1.766162630000e+00 1.105223550000e-03
6.159365180000e-03 1.769799710000e+00 1.126447690000e-03
6.159365180000e-03 1.773437020000e+00 1.147671840000e-03
6.321482360000e-03 1.776860240000e+00 1.169416940000e-03
6.321482360000e-03 1.780069350000e+00 1.189990200000e-03
6.402544680000e-03 1.783706670000e+00 1.211149270000e-03
6.564661860000e-03 1.787129640000e+00 1.231657460000e-03
6.645716730000e-03 1.790552850000e+00 1.252100450000e-03
6.645716730000e-03 1.793762210000e+00 1.270981040000e-03
6.726779040000e-03 1.797399280000e+00 1.291684220000e-03
6.807833910000e-03 1.800822500000e+00 1.310890310000e-03
6.888896230000e-03 1.804459570000e+00 1.330161470000e-03
6.969951090000e-03 1.807240960000e+00 1.349237280000e-03
7.132075730000e-03 1.811306000000e+00 1.369484930000e-03
7.213130590000e-03 1.814515350000e+00 1.389406970000e-03
7.294192910000e-03 1.817510600000e+00 1.410631350000e-03
7.456310090000e-03 1.821147680000e+00 1.429902510000e-03
7.456310090000e-03 1.824143170000e+00 1.451191840000e-03
7.537364960000e-03 1.827994110000e+00 1.471179070000e-03
7.537364960000e-03 1.831203460000e+00 1.490775610000e-03
7.618427280000e-03 1.834626670000e+00 1.509005090000e-03
7.699482140000e-03 1.838049890000e+00 1.528536670000e-03
7.861599330000e-03 1.840617180000e+00 1.547937980000e-03
7.861599330000e-03 1.844682220000e+00 1.569162120000e-03
8.023716510000e-03 1.847463610000e+00 1.588888930000e-03
7.942661640000e-03 1.850672720000e+00 1.609592350000e-03
8.185833690000e-03 1.854095940000e+00 1.629514620000e-03
8.185833690000e-03 1.856663470000e+00 1.648850620000e-03
8.266896010000e-03 1.860942360000e+00 1.666233640000e-03
8.429013190000e-03 1.862868070000e+00 1.684723540000e-03
8.429013190000e-03 1.867574930000e+00 1.702562320000e-03
8.510068060000e-03 1.870998140000e+00 1.721052220000e-03
8.591130380000e-03 1.873779300000e+00 1.736547220000e-03
8.753247560000e-03 1.876346830000e+00 1.755167260000e-03
8.672185240000e-03 1.880198000000e+00 1.772680550000e-03
8.834302430000e-03 1.883407120000e+00 1.793383970000e-03
8.996419610000e-03 1.886616470000e+00 1.815584840000e-03
8.996419610000e-03 1.889611720000e+00 1.834204890000e-03
9.077481930000e-03 1.892606970000e+00 1.853150320000e-03
9.239599110000e-03 1.895816330000e+00 1.870663600000e-03
9.239599110000e-03 1.898811580000e+00 1.887851390000e-03
9.320661430000e-03 1.902876620000e+00 1.906145950000e-03
9.401716290000e-03 1.905230050000e+00 1.924765880000e-03
9.563833480000e-03 1.908653260000e+00 1.943646460000e-03
9.563833480000e-03 1.911862370000e+00 1.961289910000e-03
9.725950660000e-03 1.915071730000e+00 1.979714730000e-03
9.807012980000e-03 1.918494940000e+00 1.997488320000e-03
9.807012980000e-03 1.917853120000e+00 1.997944200000e-03
9.807012980000e-03 1.921062230000e+00 2.016368790000e-03
9.969130160000e-03 1.924485450000e+00 2.033361230000e-03
1.005018500000e-02 1.927480700000e+00 2.051786050000e-03
1.013124730000e-02 1.930476190000e+00 2.069494450000e-03
1.021230220000e-02 1.933899400000e+00 2.088049430000e-03
1.021230220000e-02 1.936894660000e+00 2.105302410000e-03
1.037441940000e-02 1.940103770000e+00 2.124377990000e-03
1.037441940000e-02 1.943099260000e+00 2.141891280000e-03
1.045548170000e-02 1.946308370000e+00 2.159990370000e-03
1.061759890000e-02 1.949089770000e+00 2.178089690000e-03
1.061759890000e-02 1.952298880000e+00 2.198402540000e-03
1.069865380000e-02 1.955294370000e+00 2.215525140000e-03
1.077971610000e-02 1.958503480000e+00 2.233624460000e-03
1.086077090000e-02 1.961498740000e+00 2.250681860000e-03
1.094183330000e-02 1.964708090000e+00 2.268781190000e-03
1.102288810000e-02 1.967917200000e+00 2.281671860000e-03
1.110395040000e-02 1.970484730000e+00 2.296320630000e-03
1.126606760000e-02 1.973052020000e+00 2.310708630000e-03
1.126606760000e-02 1.976261380000e+00 2.328742760000e-03
1.134712990000e-02 1.979470490000e+00 2.346256050000e-03
1.142818480000e-02 1.982893710000e+00 2.363313690000e-03
1.159030200000e-02 1.985461240000e+00 2.380175750000e-03
1.159030200000e-02 1.988670350000e+00 2.397754230000e-03
1.175241920000e-02 1.991665840000e+00 2.414876830000e-03
1.183348150000e-02 1.994874950000e+00 2.432064620000e-03
1.191453640000e-02 1.997870210000e+00 2.448666380000e-03
1.199559870000e-02 2.000651600000e+00 2.465333320000e-03
1.207665350000e-02 2.003860950000e+00 2.482260580000e-03
1.215771590000e-02 2.006856200000e+00 2.498666990000e-03
1.223877070000e-02 2.009851460000e+00 2.514748140000e-03
1.231983300000e-02 2.012846710000e+00 2.531154550000e-03
1.231983300000e-02 2.015628100000e+00 2.549058520000e-03
1.248195020000e-02 2.018623350000e+00 2.565139210000e-03
1.248195020000e-02 2.021404740000e+00 2.580569360000e-03
1.256300510000e-02 2.024400000000e+00 2.595738740000e-03
1.256300510000e-02 2.027395250000e+00 2.611754690000e-03
1.280618460000e-02 2.030390740000e+00 2.628291260000e-03
1.280618460000e-02 2.033171890000e+00 2.643786140000e-03
1.296830180000e-02 2.036167380000e+00 2.660843780000e-03
1.304936410000e-02 2.038948540000e+00 2.675883010000e-03
1.304936410000e-02 2.041729930000e+00 2.692549960000e-03
1.313041900000e-02 2.044939280000e+00 2.707068340000e-03
1.321148130000e-02 2.047720670000e+00 2.723605140000e-03
1.337359850000e-02 2.050715920000e+00 2.738969870000e-03
1.337359850000e-02 2.053497310000e+00 2.752837260000e-03
1.353571560000e-02 2.056278470000e+00 2.763839900000e-03
1.353571560000e-02 2.059487820000e+00 2.777251410000e-03
1.361677050000e-02 2.062269210000e+00 2.790728580000e-03
1.377888770000e-02 2.064836500000e+00 2.803163370000e-03
1.377888770000e-02 2.067831750000e+00 2.816770460000e-03
1.385995000000e-02 2.070613150000e+00 2.832134950000e-03
1.394100490000e-02 2.073394540000e+00 2.846718530000e-03
1.410312210000e-02 2.076389790000e+00 2.859349130000e-03
1.410312210000e-02 2.079171180000e+00 2.873541790000e-03
1.418418440000e-02 2.082380530000e+00 2.873541790000e-03
1.426523920000e-02 2.085161690000e+00 2.931619530000e-03
1.442735640000e-02 2.087729220000e+00 2.938112480000e-03
1.442735640000e-02 2.090724470000e+00 2.946553750000e-03
1.458947360000e-02 2.093719720000e+00 2.958890750000e-03
1.467053590000e-02 2.095859290000e+00 2.971227050000e-03
1.475159080000e-02 2.099282500000e+00 2.987460230000e-03
1.475159080000e-02 2.101849790000e+00 3.001095490000e-03
1.491370800000e-02 2.104845290000e+00 3.014730520000e-03
1.491370800000e-02 2.107626440000e+00 3.026418390000e-03
1.499477030000e-02 2.110407830000e+00 3.037456420000e-03
1.515688750000e-02 2.112761260000e+00 3.050443020000e-03
1.523794980000e-02 2.115970610000e+00 3.065377240000e-03
1.523794980000e-02 2.118752000000e+00 3.077713540000e-03
1.531900470000e-02 2.121747260000e+00 3.088102440000e-03
1.548112180000e-02 2.124100690000e+00 3.099140480000e-03
1.548112180000e-02 2.127095940000e+00 3.111477710000e-03
1.564323900000e-02 2.130091190000e+00 3.122515980000e-03
1.564323900000e-02 2.132658720000e+00 3.135501640000e-03
1.572430130000e-02 2.135440110000e+00 3.145890540000e-03
1.588641850000e-02 2.138007400000e+00 3.159526500000e-03
1.588641850000e-02 2.140788790000e+00 3.169265810000e-03
1.604853570000e-02 2.143570180000e+00 3.180953440000e-03
1.604853570000e-02 2.146137480000e+00 3.191342340000e-03
1.621065290000e-02 2.148918870000e+00 3.203029980000e-03
1.629170780000e-02 2.151700260000e+00 3.212769280000e-03
1.637277010000e-02 2.154053690000e+00 3.227053910000e-03
1.637277010000e-02 2.156620980000e+00 3.234196450000e-03
1.653488730000e-02 2.159616230000e+00 3.247182820000e-03
1.653488730000e-02 2.162397620000e+00 3.257571720000e-03
1.661594210000e-02 2.164751050000e+00 3.264064670000e-03
1.669700440000e-02 2.167318580000e+00 3.277699930000e-03
1.685912160000e-02 2.170313840000e+00 3.288088600000e-03
1.694017650000e-02 2.173095230000e+00 3.297828600000e-03
1.694017650000e-02 2.175876620000e+00 3.308866870000e-03
1.710230110000e-02 2.178230050000e+00 3.316009180000e-03
1.710230110000e-02 2.181011200000e+00 3.323801090000e-03
1.718335600000e-02 2.183578730000e+00 3.333540400000e-03
1.734547320000e-02 2.186360120000e+00 3.343929300000e-03
1.742653550000e-02 2.188713550000e+00 3.352370350000e-03
1.750759040000e-02 2.191708800000e+00 3.362109650000e-03
1.758865270000e-02 2.194490190000e+00 3.370550930000e-03
1.766970750000e-02 2.197057490000e+00 3.378991500000e-03
1.766970750000e-02 2.199410920000e+00 3.390029770000e-03
1.775076990000e-02 2.202406170000e+00 3.397172080000e-03
1.791288700000e-02 2.204759840000e+00 3.407561450000e-03
1.791288700000e-02 2.207540990000e+00 3.416651390000e-03
1.799394190000e-02 2.209894420000e+00 3.425742030000e-03
1.815605910000e-02 2.212675810000e+00 3.434831980000e-03
1.815605910000e-02 2.215029240000e+00 3.441974290000e-03
1.831817630000e-02 2.217596770000e+00 3.447817870000e-03
1.831817630000e-02 2.220164060000e+00 3.454960180000e-03
1.839923860000e-02 2.222945450000e+00 3.461453830000e-03
1.848029350000e-02 2.225298880000e+00 3.469894410000e-03
1.856135580000e-02 2.228080270000e+00 3.478985050000e-03
1.864241060000e-02 2.230433700000e+00 3.478985050000e-03
1.880452780000e-02 2.233000990000e+00 3.486127360000e-03
1.880452780000e-02 2.235354660000e+00 3.496516030000e-03
1.888559010000e-02 2.238135810000e+00 3.505606670000e-03
1.904770730000e-02 2.240489240000e+00 3.515346210000e-03
1.904770730000e-02 2.243270640000e+00 3.519891530000e-03
1.920982450000e-02 2.246052030000e+00 3.525734880000e-03
1.912876960000e-02 2.246052030000e+00 3.527683210000e-03
1.929088680000e-02 2.248405460000e+00 3.533526560000e-03
1.929088680000e-02 2.250972990000e+00 3.538720780000e-03
1.945300400000e-02 2.253754140000e+00 3.542616500000e-03
1.953405890000e-02 2.256107570000e+00 3.551057770000e-03
