#  J [A] 	 V 	 L [w] 
7.995963100000e-05 7.212162020000e-06 -1.226713620000e-09
7.995963100000e-05 2.211630340000e-04 -1.226713620000e-09
1.610219480000e-04 7.212162020000e-06 -1.162196120000e-09
1.610219480000e-04 7.212162020000e-06 -1.226713620000e-09
1.610219480000e-04 7.212162020000e-06 -1.162196120000e-09
1.610219480000e-04 7.212162020000e-06 -1.355841330000e-09
7.995963100000e-05 7.212162020000e-06 -1.291277420000e-09
1.610219480000e-04 7.212162020000e-06 -1.355841330000e-09
1.610219480000e-04 5.733926300000e-01 -1.033068410000e-09
2.420768140000e-04 1.378485680000e+00 2.506726840000e-07
3.231391310000e-04 1.382764700000e+00 2.772700040000e-07
4.041939970000e-04 1.406299110000e+00 4.862393440000e-07
4.852563140000e-04 1.424270870000e+00 7.126390070000e-07
5.663111810000e-04 1.438605550000e+00 9.360044260000e-07
5.663111810000e-04 1.451656460000e+00 1.186870920000e-06
6.473734970000e-04 1.462567930000e+00 1.436769250000e-06
7.284283640000e-04 1.473051430000e+00 1.697771040000e-06
8.094906810000e-04 1.481395480000e+00 1.946507380000e-06
9.716078640000e-04 1.491451140000e+00 2.246114040000e-06
1.052662730000e-03 1.499795200000e+00 2.554113050000e-06
1.052662730000e-03 1.508139250000e+00 2.554113050000e-06
1.214787360000e-03 1.515627500000e+00 3.265395430000e-06
1.214787360000e-03 1.523757580000e+00 3.612266480000e-06
1.376904550000e-03 1.530604000000e+00 4.007855300000e-06
1.457959410000e-03 1.537236450000e+00 4.464503950000e-06
1.457959410000e-03 1.543868900000e+00 4.949733010000e-06
1.539021730000e-03 1.550929190000e+00 5.585014150000e-06
1.701138910000e-03 1.557133790000e+00 6.353456230000e-06
1.701138910000e-03 1.563552260000e+00 7.407710650000e-06
1.782193780000e-03 1.569542770000e+00 9.036185470000e-06
1.944310960000e-03 1.575319410000e+00 1.367347430000e-05
2.025373280000e-03 1.579812410000e+00 1.367347430000e-05
2.025373280000e-03 1.584305410000e+00 5.237263030000e-05
2.187490460000e-03 1.588798280000e+00 7.372046090000e-05
2.187490460000e-03 1.593077300000e+00 9.851043430000e-05
2.268545330000e-03 1.597570300000e+00 1.220534540000e-04
2.349607650000e-03 1.602063180000e+00 1.457913020000e-04
2.430662510000e-03 1.606128220000e+00 1.684705350000e-04
2.511724830000e-03 1.610407230000e+00 1.926435220000e-04
2.673842010000e-03 1.614258290000e+00 2.159852300000e-04
2.754896880000e-03 1.618751290000e+00 2.398009820000e-04
2.754896880000e-03 1.622602340000e+00 2.618372670000e-04
2.835959200000e-03 1.626881360000e+00 2.860102690000e-04
2.998076380000e-03 1.630946400000e+00 2.860102690000e-04
3.079131250000e-03 1.634797450000e+00 3.334029750000e-04
3.079131250000e-03 1.638648630000e+00 3.533902350000e-04
3.241255880000e-03 1.642927650000e+00 3.747446170000e-04
3.241255880000e-03 1.646992680000e+00 3.964246720000e-04
3.403373060000e-03 1.650843740000e+00 4.182347910000e-04
3.403373060000e-03 1.654694800000e+00 4.382871560000e-04
3.565490250000e-03 1.658759830000e+00 4.629620530000e-04
3.646545110000e-03 1.662824990000e+00 4.878972250000e-04
3.727607430000e-03 1.666890030000e+00 5.139392450000e-04
3.727607430000e-03 1.670527100000e+00 5.388094000000e-04
3.808662300000e-03 1.674592140000e+00 5.631587120000e-04
3.889724610000e-03 1.678657170000e+00 5.861407840000e-04
4.051841800000e-03 1.682294370000e+00 6.093182020000e-04
4.132896660000e-03 1.686145420000e+00 6.305424610000e-04
4.132896660000e-03 1.689996600000e+00 6.541755870000e-04
4.295013840000e-03 1.693847660000e+00 6.770925830000e-04
4.376076160000e-03 1.697912690000e+00 7.003350180000e-04
4.457131030000e-03 1.701335910000e+00 7.217546230000e-04
4.457131030000e-03 1.705400940000e+00 7.445413500000e-04
4.619248210000e-03 1.708610180000e+00 7.668072940000e-04
4.538193350000e-03 1.712461230000e+00 7.885523960000e-04
4.781365390000e-03 1.715884450000e+00 8.090605840000e-04
4.862427710000e-03 1.719949480000e+00 8.311962010000e-04
4.862427710000e-03 1.723586560000e+00 8.535272210000e-04
4.943482580000e-03 1.727437730000e+00 8.752072460000e-04
5.105599760000e-03 1.731288910000e+00 8.973430380000e-04
5.186662080000e-03 1.734498020000e+00 9.216921750000e-04
5.186662080000e-03 1.738135340000e+00 9.463671590000e-04
5.267724390000e-03 1.741986270000e+00 9.699350920000e-04
5.348779260000e-03 1.745409490000e+00 9.913546960000e-04
5.510896440000e-03 1.749474530000e+00 1.011537160000e-03
5.510896440000e-03 1.752683880000e+00 1.032956760000e-03
5.591958760000e-03 1.756320950000e+00 1.055613280000e-03
5.673013630000e-03 1.759530310000e+00 1.076967920000e-03
5.754075940000e-03 1.763381240000e+00 1.098517560000e-03
5.916193130000e-03 1.766804460000e+00 1.118635060000e-03
5.997247990000e-03 1.770441770000e+00 1.140250130000e-03
5.997247990000e-03 1.773437020000e+00 1.158088790000e-03
6.159365180000e-03 1.777074100000e+00 1.178922480000e-03
6.240427490000e-03 1.780925270000e+00 1.199690970000e-03
6.240427490000e-03 1.784348490000e+00 1.220459350000e-03
6.321482360000e-03 1.787771700000e+00 1.241488270000e-03
6.402544680000e-03 1.791408780000e+00 1.263754330000e-03
6.483599540000e-03 1.794831990000e+00 1.284913390000e-03
6.645716730000e-03 1.798255210000e+00 1.305812150000e-03
6.726779040000e-03 1.801464320000e+00 1.325799390000e-03
6.726779040000e-03 1.805101630000e+00 1.346958450000e-03
6.807833910000e-03 1.808524850000e+00 1.366945800000e-03
6.888896230000e-03 1.812161920000e+00 1.388235130000e-03
7.051013410000e-03 1.815585140000e+00 1.409264050000e-03
7.132075730000e-03 1.818794250000e+00 1.431985760000e-03
7.132075730000e-03 1.822431560000e+00 1.453600590000e-03
7.213130590000e-03 1.825426820000e+00 1.475150460000e-03
7.294192910000e-03 1.828635930000e+00 1.493379940000e-03
7.375247780000e-03 1.832059140000e+00 1.514148320000e-03
7.537364960000e-03 1.835696460000e+00 1.534265820000e-03
7.537364960000e-03 1.838905570000e+00 1.554838960000e-03
7.618427280000e-03 1.842328790000e+00 1.574045050000e-03
7.699482140000e-03 1.845965860000e+00 1.594618310000e-03
7.861599330000e-03 1.849389080000e+00 1.614475270000e-03
7.861599330000e-03 1.852170470000e+00 1.634267160000e-03
7.942661640000e-03 1.855379820000e+00 1.652691980000e-03
8.023716510000e-03 1.859230760000e+00 1.675218230000e-03
8.104778830000e-03 1.862440110000e+00 1.695986720000e-03
8.185833690000e-03 1.865435360000e+00 1.717797010000e-03
8.266896010000e-03 1.868430610000e+00 1.737588780000e-03
8.347950880000e-03 1.871639970000e+00 1.755883450000e-03
8.429013190000e-03 1.875277040000e+00 1.774047730000e-03
8.591130380000e-03 1.878272290000e+00 1.793318780000e-03
8.672185240000e-03 1.882123470000e+00 1.811808670000e-03
8.672185240000e-03 1.885118720000e+00 1.831014760000e-03
8.834302430000e-03 1.887686250000e+00 1.850871720000e-03
8.834302430000e-03 1.890467410000e+00 1.871379790000e-03
8.834302430000e-03 1.895602230000e+00 1.889413920000e-03
8.996419610000e-03 1.897955660000e+00 1.909531420000e-03
9.077481930000e-03 1.901806830000e+00 1.929909340000e-03
9.239599110000e-03 1.905230050000e+00 1.949896450000e-03
9.320661430000e-03 1.906727790000e+00 1.967670160000e-03
9.239599110000e-03 1.911434650000e+00 1.987592320000e-03
9.401716290000e-03 1.914857860000e+00 2.005691640000e-03
9.563833480000e-03 1.917853120000e+00 2.021577210000e-03
9.482778610000e-03 1.919992450000e+00 2.039936840000e-03
9.725950660000e-03 1.924485450000e+00 2.059728610000e-03
9.807012980000e-03 1.926197050000e+00 2.078413960000e-03
9.725950660000e-03 1.927908660000e+00 2.078544120000e-03
9.807012980000e-03 1.928764580000e+00 2.097359390000e-03
9.888067840000e-03 1.933685300000e+00 2.114417030000e-03
1.005018500000e-02 1.936894660000e+00 2.132451160000e-03
1.005018500000e-02 1.939461950000e+00 2.149834300000e-03
1.029336450000e-02 1.942671300000e+00 2.167542700000e-03
1.021230220000e-02 1.945452690000e+00 2.187204550000e-03
1.037441940000e-02 1.948875900000e+00 2.208363730000e-03
1.037441940000e-02 1.951657060000e+00 2.227243970000e-03
1.045548170000e-02 1.955294370000e+00 2.246450170000e-03
1.061759890000e-02 1.957647800000e+00 2.263312230000e-03
1.061759890000e-02 1.961498740000e+00 2.282908880000e-03
1.077971610000e-02 1.964280130000e+00 2.301463860000e-03
1.077971610000e-02 1.967061520000e+00 2.322492660000e-03
1.094183330000e-02 1.970484730000e+00 2.340461830000e-03
1.094183330000e-02 1.973052020000e+00 2.358951610000e-03
1.102288810000e-02 1.976261380000e+00 2.376985740000e-03
1.110395040000e-02 1.979470490000e+00 2.393782840000e-03
1.118501280000e-02 1.982038020000e+00 2.408822070000e-03
1.126606760000e-02 1.985247140000e+00 2.424056640000e-03
1.134712990000e-02 1.988456490000e+00 2.442025580000e-03
1.142818480000e-02 1.991237880000e+00 2.459994520000e-03
1.159030200000e-02 1.994446990000e+00 2.476205820000e-03
1.159030200000e-02 1.997656350000e+00 2.493588950000e-03
1.167136430000e-02 2.000437740000e+00 2.510711550000e-03
1.175241920000e-02 2.003432990000e+00 2.528354990000e-03
1.191453640000e-02 2.006214380000e+00 2.544566060000e-03
1.199559870000e-02 2.009637590000e+00 2.562209500000e-03
1.207665350000e-02 2.012418990000e+00 2.579853170000e-03
1.207665350000e-02 2.015414240000e+00 2.597952260000e-03
1.215771590000e-02 2.018195630000e+00 2.614879520000e-03
1.231983300000e-02 2.021404740000e+00 2.633239380000e-03
1.240088790000e-02 2.024400000000e+00 2.650426930000e-03
1.248195020000e-02 2.027395250000e+00 2.666898540000e-03
1.248195020000e-02 2.030390740000e+00 2.681938000000e-03
1.256300510000e-02 2.033171890000e+00 2.700232200000e-03
1.272512230000e-02 2.036167380000e+00 2.717354800000e-03
1.272512230000e-02 2.039162640000e+00 2.736105120000e-03
1.288723950000e-02 2.042157890000e+00 2.751339930000e-03
1.288723950000e-02 2.044939280000e+00 2.767681380000e-03
1.296830180000e-02 2.047934530000e+00 2.784608630000e-03
1.313041900000e-02 2.050929780000e+00 2.801535880000e-03
1.313041900000e-02 2.053711180000e+00 2.816705500000e-03
1.329253610000e-02 2.056706430000e+00 2.833762900000e-03
1.329253610000e-02 2.059701680000e+00 2.849127630000e-03
1.345465330000e-02 2.062483070000e+00 2.863841360000e-03
1.353571560000e-02 2.065264460000e+00 2.863841360000e-03
1.353571560000e-02 2.068473820000e+00 2.927074210000e-03
1.361677050000e-02 2.071041110000e+00 2.925776180000e-03
1.369783280000e-02 2.074036360000e+00 2.937463810000e-03
1.377888770000e-02 2.076603890000e+00 2.949800110000e-03
1.385995000000e-02 2.079599140000e+00 2.966682660000e-03
1.402206720000e-02 2.082808260000e+00 2.979668320000e-03
1.410312210000e-02 2.085589650000e+00 2.994602550000e-03
1.410312210000e-02 2.088371040000e+00 3.003692490000e-03
1.426523920000e-02 2.091152430000e+00 3.021224400000e-03
1.418418440000e-02 2.093719720000e+00 3.036158390000e-03
1.442735640000e-02 2.096501110000e+00 3.051741280000e-03
1.450841870000e-02 2.099496360000e+00 3.066025910000e-03
1.450841870000e-02 2.102491620000e+00 3.081609490000e-03
1.467053590000e-02 2.105273010000e+00 3.096543490000e-03
1.467053590000e-02 2.108054400000e+00 3.108231350000e-03
1.475159080000e-02 2.110835790000e+00 3.123814010000e-03
1.491370800000e-02 2.113831040000e+00 3.137449970000e-03
1.499477030000e-02 2.116612430000e+00 3.151734830000e-03
1.507583260000e-02 2.119393830000e+00 3.166668820000e-03
1.507583260000e-02 2.121961120000e+00 3.178355750000e-03
1.515688750000e-02 2.124956370000e+00 3.193939340000e-03
1.523794980000e-02 2.127523900000e+00 3.207574600000e-03
1.540006700000e-02 2.130305290000e+00 3.219262230000e-03
1.548112180000e-02 2.133300540000e+00 3.230300500000e-03
1.548112180000e-02 2.136081930000e+00 3.245884090000e-03
1.556218420000e-02 2.138649230000e+00 3.258221080000e-03
1.572430130000e-02 2.141430620000e+00 3.272505710000e-03
1.580535620000e-02 2.144425870000e+00 3.287439930000e-03
1.588641850000e-02 2.147207260000e+00 3.301075190000e-03
1.588641850000e-02 2.149988650000e+00 3.314710460000e-03
1.604853570000e-02 2.152555940000e+00 3.325748720000e-03
1.604853570000e-02 2.155337330000e+00 3.336137390000e-03
1.612959060000e-02 2.158118720000e+00 3.347825030000e-03
1.621065290000e-02 2.160686020000e+00 3.358213930000e-03
1.629170780000e-02 2.163467410000e+00 3.375095550000e-03
1.645382490000e-02 2.165820840000e+00 3.388082140000e-03
1.653488730000e-02 2.168602230000e+00 3.399769780000e-03
1.653488730000e-02 2.171383620000e+00 3.410808040000e-03
1.669700440000e-02 2.174165010000e+00 3.421196710000e-03
1.669700440000e-02 2.176732300000e+00 3.430286660000e-03
1.677805930000e-02 2.179727550000e+00 3.442623890000e-03
1.694017650000e-02 2.182080980000e+00 3.453012560000e-03
1.702123880000e-02 2.184862380000e+00 3.466647820000e-03
1.702123880000e-02 2.187215810000e+00 3.475738460000e-03
1.710230110000e-02 2.190211060000e+00 3.486776720000e-03
1.718335600000e-02 2.192778590000e+00 3.491970710000e-03
1.734547320000e-02 2.195559980000e+00 3.502359610000e-03
1.734547320000e-02 2.198341130000e+00 3.512099620000e-03
1.750759040000e-02 2.200480700000e+00 3.527033840000e-03
1.758865270000e-02 2.203690050000e+00 3.540669100000e-03
1.766970750000e-02 2.206257340000e+00 3.551057770000e-03
1.766970750000e-02 2.208610770000e+00 3.561446680000e-03
1.775076990000e-02 2.211178300000e+00 3.564044370000e-03
1.791288700000e-02 2.213959460000e+00 3.575082640000e-03
1.799394190000e-02 2.216954950000e+00 3.586119970000e-03
1.807500420000e-02 2.219308380000e+00 3.595210610000e-03
1.815605910000e-02 2.221661810000e+00 3.603002520000e-03
1.815605910000e-02 2.224229100000e+00 3.612741830000e-03
1.831817630000e-02 2.227224350000e+00 3.622481130000e-03
1.839923860000e-02 2.229363920000e+00 3.631571770000e-03
1.839923860000e-02 2.232145310000e+00 3.642610040000e-03
1.848029350000e-02 2.234284880000e+00 3.649102990000e-03
1.864241060000e-02 2.237280130000e+00 3.656894670000e-03
1.872347300000e-02 2.239847420000e+00 3.663387620000e-03
1.872347300000e-02 2.242414950000e+00 3.670529930000e-03
1.880452780000e-02 2.245196340000e+00 3.684814790000e-03
1.888559010000e-02 2.247335670000e+00 3.688710510000e-03
1.896665250000e-02 2.250117060000e+00 3.699099410000e-03
1.904770730000e-02 2.252684590000e+00 3.705593060000e-03
1.912876960000e-02 2.255251880000e+00 3.719228320000e-03
1.920982450000e-02 2.255251880000e+00 3.720527050000e-03
1.920982450000e-02 2.258033280000e+00 3.727669360000e-03
1.929088680000e-02 2.260600570000e+00 3.732213980000e-03
1.945300400000e-02 2.263168100000e+00 3.732213980000e-03
1.953405890000e-02 2.265949250000e+00 3.743901620000e-03
