#  J [A] 	 V 	 L [w] 
7.995963100000e-05 2.211630340000e-04 -1.226713620000e-09
1.610219480000e-04 2.211630340000e-04 -1.033068410000e-09
1.610219480000e-04 2.211630340000e-04 -1.226713620000e-09
1.610219480000e-04 2.211630340000e-04 -1.549532950000e-09
1.610219480000e-04 2.211630340000e-04 -1.291277420000e-09
7.995963100000e-05 7.212162020000e-06 -1.226713620000e-09
1.610219480000e-04 2.211630340000e-04 -1.226713620000e-09
1.610219480000e-04 2.211630340000e-04 -1.097632210000e-09
1.610219480000e-04 4.396739900000e-01 -1.226713620000e-09
3.231391310000e-04 1.353239540000e+00 2.208476250000e-07
3.231391310000e-04 1.365220790000e+00 2.440879710000e-07
4.041939970000e-04 1.390038970000e+00 4.329802440000e-07
4.041939970000e-04 1.408224700000e+00 6.353649270000e-07
5.663111810000e-04 1.422345400000e+00 8.392987640000e-07
6.473734970000e-04 1.435182330000e+00 1.060598490000e-06
7.284283640000e-04 1.446521760000e+00 1.278153830000e-06
7.284283640000e-04 1.456791280000e+00 1.511073720000e-06
8.905455470000e-04 1.465349320000e+00 1.724432990000e-06
9.716078640000e-04 1.474977020000e+00 1.977429750000e-06
1.052662730000e-03 1.483535050000e+00 2.236753290000e-06
1.052662730000e-03 1.491665120000e+00 2.505760220000e-06
1.214787360000e-03 1.498939390000e+00 2.770635550000e-06
1.214787360000e-03 1.506855490000e+00 2.770635550000e-06
1.295842230000e-03 1.513701920000e+00 3.382967630000e-06
1.457959410000e-03 1.520762320000e+00 3.696060960000e-06
1.539021730000e-03 1.527180790000e+00 4.016948880000e-06
1.620076600000e-03 1.534027220000e+00 4.402144440000e-06
1.701138910000e-03 1.540445690000e+00 4.811374770000e-06
1.701138910000e-03 1.546650170000e+00 5.275818240000e-06
1.782193780000e-03 1.552212830000e+00 5.782483190000e-06
1.863256100000e-03 1.558203460000e+00 6.451542500000e-06
1.944310960000e-03 1.563980100000e+00 7.259607630000e-06
2.106428150000e-03 1.569542770000e+00 8.439229530000e-06
2.106428150000e-03 1.574677590000e+00 1.038859320000e-05
2.268545330000e-03 1.579812410000e+00 1.705449180000e-05
2.349607650000e-03 1.584305410000e+00 1.705449180000e-05
2.430662510000e-03 1.588156460000e+00 5.571735890000e-05
2.511724830000e-03 1.592221500000e+00 7.614295460000e-05
2.592779700000e-03 1.596286540000e+00 9.877671980000e-05
2.592779700000e-03 1.600351570000e+00 1.205856750000e-04
2.754896880000e-03 1.604416610000e+00 1.425959490000e-04
2.754896880000e-03 1.608053800000e+00 1.631709160000e-04
2.917014060000e-03 1.612118840000e+00 1.859345790000e-04
2.998076380000e-03 1.615969900000e+00 2.073863000000e-04
2.998076380000e-03 1.619821070000e+00 2.292277200000e-04
3.160193560000e-03 1.623886110000e+00 2.495234370000e-04
3.241255880000e-03 1.627523180000e+00 2.711894920000e-04
3.241255880000e-03 1.631374360000e+00 2.711894920000e-04
3.322310750000e-03 1.635011430000e+00 3.152386630000e-04
3.403373060000e-03 1.638648630000e+00 3.340540280000e-04
3.565490250000e-03 1.642713670000e+00 3.545621000000e-04
3.565490250000e-03 1.646136880000e+00 3.746795120000e-04
3.727607430000e-03 1.650629760000e+00 3.957085140000e-04
3.727607430000e-03 1.653838990000e+00 4.153701880000e-04
3.808662300000e-03 1.657904030000e+00 4.368548980000e-04
3.970779480000e-03 1.661327240000e+00 4.592510520000e-04
4.051841800000e-03 1.664964440000e+00 4.827539670000e-04
4.132896660000e-03 1.668387650000e+00 5.039130920000e-04
4.213958980000e-03 1.672452690000e+00 5.259186730000e-04
4.213958980000e-03 1.675661920000e+00 5.471428160000e-04
4.457131030000e-03 1.679726960000e+00 5.679764440000e-04
4.457131030000e-03 1.682936190000e+00 5.884194400000e-04
4.538193350000e-03 1.686787250000e+00 6.097739100000e-04
4.619248210000e-03 1.690210460000e+00 6.303471160000e-04
4.700310530000e-03 1.694275500000e+00 6.516365100000e-04
4.781365390000e-03 1.697484850000e+00 6.701914240000e-04
4.862427710000e-03 1.701121930000e+00 6.918062570000e-04
4.943482580000e-03 1.704759120000e+00 7.123143300000e-04
4.943482580000e-03 1.708610180000e+00 7.326923080000e-04
5.024544890000e-03 1.711605430000e+00 7.521586960000e-04
5.186662080000e-03 1.715242620000e+00 7.725365580000e-04
5.267724390000e-03 1.718665840000e+00 7.927191910000e-04
5.348779260000e-03 1.722302910000e+00 8.130969950000e-04
5.429841580000e-03 1.725512270000e+00 8.324332880000e-04
5.510896440000e-03 1.729149340000e+00 8.541131390000e-04
5.510896440000e-03 1.733000520000e+00 8.727983220000e-04
5.673013630000e-03 1.735995770000e+00 8.922648270000e-04
5.754075940000e-03 1.739418980000e+00 9.098430750000e-04
5.835130810000e-03 1.743056060000e+00 9.305465500000e-04
5.835130810000e-03 1.746479270000e+00 9.513801780000e-04
5.916193130000e-03 1.750116350000e+00 9.714976770000e-04
5.997247990000e-03 1.752897740000e+00 9.894666730000e-04
6.159365180000e-03 1.756534810000e+00 1.009714320000e-03
6.240427490000e-03 1.760172130000e+00 1.028855210000e-03
6.240427490000e-03 1.763381240000e+00 1.048256530000e-03
6.402544680000e-03 1.766804460000e+00 1.067202070000e-03
6.402544680000e-03 1.770227670000e+00 1.087905610000e-03
6.564661860000e-03 1.773650880000e+00 1.106395500000e-03
6.645716730000e-03 1.776860240000e+00 1.125992040000e-03
6.726779040000e-03 1.780069350000e+00 1.144286480000e-03
6.807833910000e-03 1.783706670000e+00 1.163427370000e-03
6.807833910000e-03 1.786915780000e+00 1.182047420000e-03
6.969951090000e-03 1.790338990000e+00 1.200797730000e-03
7.051013410000e-03 1.793548350000e+00 1.218311020000e-03
7.132075730000e-03 1.796971560000e+00 1.237386720000e-03
7.213130590000e-03 1.800394540000e+00 1.256918190000e-03
7.294192910000e-03 1.803603890000e+00 1.276449770000e-03
7.375247780000e-03 1.806813240000e+00 1.294809390000e-03
7.456310090000e-03 1.810022350000e+00 1.315643080000e-03
7.456310090000e-03 1.813231710000e+00 1.334067780000e-03
7.618427280000e-03 1.816654920000e+00 1.352427410000e-03
7.618427280000e-03 1.819864030000e+00 1.368833820000e-03
7.699482140000e-03 1.823287250000e+00 1.387063300000e-03
7.861599330000e-03 1.826496600000e+00 1.405553190000e-03
7.942661640000e-03 1.829705720000e+00 1.424303280000e-03
8.023716510000e-03 1.832700970000e+00 1.441881760000e-03
8.104778830000e-03 1.836124180000e+00 1.461283070000e-03
8.185833690000e-03 1.839547400000e+00 1.479838040000e-03
8.185833690000e-03 1.842542650000e+00 1.496830370000e-03
8.347950880000e-03 1.845965860000e+00 1.513887900000e-03
8.347950880000e-03 1.848961350000e+00 1.531401180000e-03
8.429013190000e-03 1.852598430000e+00 1.549044620000e-03
8.510068060000e-03 1.855593680000e+00 1.566297370000e-03
8.672185240000e-03 1.857733250000e+00 1.582704020000e-03
8.753247560000e-03 1.861370330000e+00 1.600998450000e-03
8.834302430000e-03 1.865007400000e+00 1.619293120000e-03
8.915364740000e-03 1.867574930000e+00 1.637522480000e-03
9.077481930000e-03 1.870570180000e+00 1.654775350000e-03
9.077481930000e-03 1.873993400000e+00 1.672744290000e-03
9.077481930000e-03 1.877844570000e+00 1.689866880000e-03
9.239599110000e-03 1.880625720000e+00 1.707184830000e-03
9.320661430000e-03 1.884048940000e+00 1.723396010000e-03
9.320661430000e-03 1.886830330000e+00 1.741169720000e-03
9.401716290000e-03 1.890681510000e+00 1.757055400000e-03
9.563833480000e-03 1.893462900000e+00 1.773657160000e-03
9.563833480000e-03 1.896885870000e+00 1.790258800000e-03
9.725950660000e-03 1.900095220000e+00 1.807381630000e-03
9.807012980000e-03 1.903090480000e+00 1.824764650000e-03
9.807012980000e-03 1.903090480000e+00 1.824373960000e-03
9.888067840000e-03 1.905871870000e+00 1.840585030000e-03
9.888067840000e-03 1.908867120000e+00 1.856470710000e-03
9.969130160000e-03 1.912076470000e+00 1.872616820000e-03
1.013124730000e-02 1.915285590000e+00 1.889088420000e-03
1.029336450000e-02 1.918066980000e+00 1.905950480000e-03
1.037441940000e-02 1.921918150000e+00 1.922943050000e-03
1.021230220000e-02 1.923415660000e+00 1.939870420000e-03
1.053653660000e-02 1.927908660000e+00 1.957058210000e-03
1.053653660000e-02 1.929834370000e+00 1.972683240000e-03
1.061759890000e-02 1.933043480000e+00 1.988308500000e-03
1.069865380000e-02 1.937108520000e+00 2.003933770000e-03
1.077971610000e-02 1.939889910000e+00 2.018191850000e-03
1.086077090000e-02 1.943099260000e+00 2.032905350000e-03
1.094183330000e-02 1.945452690000e+00 2.048400460000e-03
1.094183330000e-02 1.948447940000e+00 2.063700000000e-03
1.110395040000e-02 1.951443200000e+00 2.079195340000e-03
1.118501280000e-02 1.954652550000e+00 2.094364730000e-03
1.126606760000e-02 1.957005980000e+00 2.108427230000e-03
1.126606760000e-02 1.960215090000e+00 2.124638530000e-03
1.134712990000e-02 1.963852170000e+00 2.139677760000e-03
1.150924710000e-02 1.966419700000e+00 2.154521640000e-03
1.159030200000e-02 1.969842910000e+00 2.168779730000e-03
1.159030200000e-02 1.972624300000e+00 2.184144450000e-03
1.175241920000e-02 1.975833420000e+00 2.198337340000e-03
1.183348150000e-02 1.978614810000e+00 2.213897650000e-03
1.183348150000e-02 1.981396200000e+00 2.227374350000e-03
1.191453640000e-02 1.984605310000e+00 2.242739080000e-03
1.207665350000e-02 1.987386700000e+00 2.256931970000e-03
1.215771590000e-02 1.990809920000e+00 2.273729070000e-03
1.223877070000e-02 1.993377450000e+00 2.288117310000e-03
1.223877070000e-02 1.996800420000e+00 2.304979600000e-03
1.240088790000e-02 1.999581810000e+00 2.317674920000e-03
1.248195020000e-02 2.002577070000e+00 2.331672700000e-03
1.256300510000e-02 2.005144600000e+00 2.345670250000e-03
1.264406740000e-02 2.008139850000e+00 2.360839630000e-03
1.272512230000e-02 2.011349200000e+00 2.377115890000e-03
1.280618460000e-02 2.013702630000e+00 2.391439160000e-03
1.288723950000e-02 2.016911750000e+00 2.402897460000e-03
1.288723950000e-02 2.019907000000e+00 2.412728500000e-03
1.296830180000e-02 2.022902490000e+00 2.424707870000e-03
1.313041900000e-02 2.025469780000e+00 2.438509840000e-03
1.321148130000e-02 2.028465030000e+00 2.450879900000e-03
1.329253610000e-02 2.031460290000e+00 2.464226450000e-03
1.337359850000e-02 2.034241680000e+00 2.476466120000e-03
1.337359850000e-02 2.037236930000e+00 2.489682520000e-03
1.345465330000e-02 2.039804460000e+00 2.502898690000e-03
1.361677050000e-02 2.042585850000e+00 2.516701120000e-03
1.369783280000e-02 2.045581100000e+00 2.528615530000e-03
1.377888770000e-02 2.048576350000e+00 2.538901990000e-03
1.385995000000e-02 2.051143880000e+00 2.551011510000e-03
1.385995000000e-02 2.054139140000e+00 2.564553400000e-03
1.394100490000e-02 2.057134390000e+00 2.577899960000e-03
1.410312210000e-02 2.059701680000e+00 2.589814130000e-03
1.418418440000e-02 2.062697170000e+00 2.599319440000e-03
1.426523920000e-02 2.065478320000e+00 2.612080190000e-03
1.426523920000e-02 2.068473820000e+00 2.624515210000e-03
1.442735640000e-02 2.071254970000e+00 2.637796570000e-03
1.450841870000e-02 2.073608400000e+00 2.649841130000e-03
1.458947360000e-02 2.076817750000e+00 2.661885460000e-03
1.467053590000e-02 2.079599140000e+00 2.673539330000e-03
1.475159080000e-02 2.082808260000e+00 2.684932670000e-03
1.475159080000e-02 2.085161690000e+00 2.696130660000e-03
1.491370800000e-02 2.088157180000e+00 2.707914910000e-03
1.491370800000e-02 2.090724470000e+00 2.718331290000e-03
1.507583260000e-02 2.093505860000e+00 2.729334170000e-03
1.515688750000e-02 2.096287250000e+00 2.740076740000e-03
1.515688750000e-02 2.099068640000e+00 2.751535040000e-03
1.531900470000e-02 2.101849790000e+00 2.762602880000e-03
1.540006700000e-02 2.104417320000e+00 2.773084910000e-03
1.548112180000e-02 2.107412580000e+00 2.783566710000e-03
1.548112180000e-02 2.110193970000e+00 2.794960280000e-03
1.564323900000e-02 2.112975360000e+00 2.804921240000e-03
1.564323900000e-02 2.115542650000e+00 2.815142740000e-03
1.580535620000e-02 2.118324040000e+00 2.823736750000e-03
1.588641850000e-02 2.121105430000e+00 2.833306790000e-03
1.596747340000e-02 2.123458860000e+00 2.840989500000e-03
1.604853570000e-02 2.126454110000e+00 2.848541830000e-03
1.612959060000e-02 2.129235510000e+00 2.855963540000e-03
1.612959060000e-02 2.132016900000e+00 2.865208550000e-03
1.629170780000e-02 2.134584190000e+00 2.865208550000e-03
1.629170780000e-02 2.137151480000e+00 2.930321500000e-03
1.637277010000e-02 2.139719010000e+00 2.913438950000e-03
1.645382490000e-02 2.142286300000e+00 2.913438950000e-03
1.661594210000e-02 2.145281790000e+00 2.921880220000e-03
1.669700440000e-02 2.147635220000e+00 2.928373170000e-03
1.669700440000e-02 2.150416370000e+00 2.937463810000e-03
1.677805930000e-02 2.152983900000e+00 2.944606120000e-03
1.694017650000e-02 2.155765300000e+00 2.951099070000e-03
1.702123880000e-02 2.158332590000e+00 2.957592020000e-03
1.702123880000e-02 2.160900120000e+00 2.963436070000e-03
1.718335600000e-02 2.163467410000e+00 2.970578380000e-03
1.718335600000e-02 2.166248800000e+00 2.976421970000e-03
1.734547320000e-02 2.168816090000e+00 2.986161270000e-03
1.742653550000e-02 2.171383620000e+00 2.992654220000e-03
1.750759040000e-02 2.174165010000e+00 2.996550170000e-03
1.758865270000e-02 2.176732300000e+00 3.003043820000e-03
1.766970750000e-02 2.179299590000e+00 3.005640810000e-03
1.775076990000e-02 2.181653260000e+00 3.014081860000e-03
1.775076990000e-02 2.184220550000e+00 3.021224400000e-03
1.791288700000e-02 2.186787840000e+00 3.027067750000e-03
1.791288700000e-02 2.189569230000e+00 3.032911100000e-03
1.807500420000e-02 2.192136760000e+00 3.036158390000e-03
1.807500420000e-02 2.194704060000e+00 3.045248330000e-03
1.823712140000e-02 2.197485450000e+00 3.049793650000e-03
1.823712140000e-02 2.199838880000e+00 3.054987640000e-03
1.831817630000e-02 2.202406170000e+00 3.056286600000e-03
1.839923860000e-02 2.204759840000e+00 3.062129950000e-03
1.848029350000e-02 2.207327130000e+00 3.067974230000e-03
1.856135580000e-02 2.210108520000e+00 3.074467180000e-03
1.872347300000e-02 2.212461950000e+00 3.079012500000e-03
1.880452780000e-02 2.215029240000e+00 3.082908220000e-03
1.888559010000e-02 2.217596770000e+00 3.090050770000e-03
1.896665250000e-02 2.219950200000e+00 3.093946490000e-03
1.896665250000e-02 2.222517490000e+00 3.095244760000e-03
1.904770730000e-02 2.225512740000e+00 3.098491110000e-03
1.920982450000e-02 2.227866410000e+00 3.101738400000e-03
1.920982450000e-02 2.227866410000e+00 3.103036430000e-03
1.929088680000e-02 2.230433700000e+00 3.104984760000e-03
1.937194170000e-02 2.233000990000e+00 3.109529380000e-03
1.945300400000e-02 2.234926700000e+00 3.104984760000e-03
1.945300400000e-02 2.237921950000e+00 3.108880720000e-03
