#  J [A] 	 V 	 L [w] 
1.610219480000e-04 2.211630340000e-04 -1.355841330000e-09
1.610219480000e-04 7.212162020000e-06 -1.226713620000e-09
1.610219480000e-04 2.211630340000e-04 -1.162196120000e-09
1.610219480000e-04 2.211630340000e-04 -1.291277420000e-09
7.995963100000e-05 2.211630340000e-04 -1.226713620000e-09
1.610219480000e-04 2.211630340000e-04 -1.291277420000e-09
1.610219480000e-04 2.211630340000e-04 -1.162196120000e-09
1.610219480000e-04 2.211630340000e-04 -1.226713620000e-09
2.420768140000e-04 4.777570660000e-01 -1.162196120000e-09
3.231391310000e-04 1.336337570000e+00 1.686213840000e-07
3.231391310000e-04 1.344895600000e+00 2.023198820000e-07
3.231391310000e-04 1.371639250000e+00 3.730718280000e-07
4.852563140000e-04 1.390894770000e+00 5.578325500000e-07
5.663111810000e-04 1.405229450000e+00 7.402046550000e-07
6.473734970000e-04 1.418708210000e+00 9.385221920000e-07
6.473734970000e-04 1.430261490000e+00 1.134257330000e-06
8.094906810000e-04 1.440317150000e+00 1.336125590000e-06
8.905455470000e-04 1.449303030000e+00 1.521661030000e-06
9.716078640000e-04 1.458288910000e+00 1.740507400000e-06
9.716078640000e-04 1.467060920000e+00 1.961807130000e-06
1.133725050000e-03 1.475618840000e+00 2.188077810000e-06
1.214787360000e-03 1.483107090000e+00 2.406472280000e-06
1.295842230000e-03 1.490595340000e+00 2.644362890000e-06
1.376904550000e-03 1.497655750000e+00 2.644362890000e-06
1.376904550000e-03 1.504502060000e+00 3.179651690000e-06
1.457959410000e-03 1.510920640000e+00 3.386215210000e-06
1.620076600000e-03 1.517552970000e+00 3.651240600000e-06
1.620076600000e-03 1.523971560000e+00 3.922761150000e-06
1.782193780000e-03 1.529962060000e+00 4.219615220000e-06
1.863256100000e-03 1.535738710000e+00 4.516468830000e-06
1.944310960000e-03 1.541729330000e+00 4.845152030000e-06
1.944310960000e-03 1.547291990000e+00 5.201117350000e-06
2.025373280000e-03 1.553068640000e+00 5.588911340000e-06
2.106428150000e-03 1.557989480000e+00 5.998791040000e-06
2.268545330000e-03 1.563766120000e+00 6.530139670000e-06
2.349607650000e-03 1.568900940000e+00 7.136190110000e-06
2.430662510000e-03 1.574249740000e+00 7.889692820000e-06
2.511724830000e-03 1.578956600000e+00 8.926407650000e-06
2.592779700000e-03 1.584305410000e+00 1.070168580000e-05
2.592779700000e-03 1.588798280000e+00 1.485634310000e-05
2.754896880000e-03 1.593077300000e+00 2.710075750000e-05
2.754896880000e-03 1.596714500000e+00 2.710075750000e-05
2.835959200000e-03 1.600779530000e+00 6.425129690000e-05
2.998076380000e-03 1.604416610000e+00 8.378713390000e-05
3.079131250000e-03 1.608267780000e+00 1.034398670000e-04
3.160193560000e-03 1.611904860000e+00 1.222482970000e-04
3.160193560000e-03 1.615542050000e+00 1.420049380000e-04
3.322310750000e-03 1.619179130000e+00 1.613004720000e-04
3.322310750000e-03 1.622816320000e+00 1.807388760000e-04
3.484427930000e-03 1.626453520000e+00 1.992940230000e-04
3.565490250000e-03 1.630304570000e+00 2.198689910000e-04
3.646545110000e-03 1.633941650000e+00 2.398984070000e-04
3.646545110000e-03 1.637578850000e+00 2.595381230000e-04
3.808662300000e-03 1.641002060000e+00 2.782296800000e-04
3.808662300000e-03 1.644853120000e+00 2.782296800000e-04
3.889724610000e-03 1.648490310000e+00 3.186891840000e-04
3.970779480000e-03 1.651913520000e+00 3.368534960000e-04
4.132896660000e-03 1.655336740000e+00 3.547573580000e-04
4.213958980000e-03 1.658973810000e+00 3.740285470000e-04
4.295013840000e-03 1.662397030000e+00 3.931042740000e-04
4.295013840000e-03 1.666034220000e+00 4.124404800000e-04
4.376076160000e-03 1.669671300000e+00 4.308001370000e-04
4.538193350000e-03 1.672880530000e+00 4.503967070000e-04
4.619248210000e-03 1.676945570000e+00 4.685610180000e-04
4.700310530000e-03 1.679726960000e+00 4.872461430000e-04
4.781365390000e-03 1.683150170000e+00 5.049547760000e-04
4.862427710000e-03 1.686787250000e+00 5.244862990000e-04
4.943482580000e-03 1.690424440000e+00 5.433667680000e-04
4.943482580000e-03 1.694061640000e+00 5.623773900000e-04
5.105599760000e-03 1.697270870000e+00 5.802813680000e-04
5.186662080000e-03 1.700694080000e+00 5.992268560000e-04
5.267724390000e-03 1.704117180000e+00 6.173260630000e-04
5.348779260000e-03 1.707540390000e+00 6.350997720000e-04
5.348779260000e-03 1.710963610000e+00 6.523526970000e-04
5.510896440000e-03 1.714386820000e+00 6.706471320000e-04
5.591958760000e-03 1.717809920000e+00 6.887463390000e-04
5.591958760000e-03 1.721233130000e+00 7.061945510000e-04
5.754075940000e-03 1.724656340000e+00 7.224708100000e-04
5.754075940000e-03 1.727865700000e+00 7.405700160000e-04
5.916193130000e-03 1.731288910000e+00 7.564555850000e-04
5.916193130000e-03 1.734498020000e+00 7.750756920000e-04
5.997247990000e-03 1.737279420000e+00 7.922633670000e-04
6.159365180000e-03 1.740702630000e+00 8.104927260000e-04
6.240427490000e-03 1.744125840000e+00 8.277457090000e-04
6.240427490000e-03 1.747549060000e+00 8.455192440000e-04
6.321482360000e-03 1.750758170000e+00 8.621211160000e-04
6.402544680000e-03 1.754181390000e+00 8.801552470000e-04
6.483599540000e-03 1.757390740000e+00 8.972778450000e-04
6.645716730000e-03 1.760600090000e+00 9.145958470000e-04
6.645716730000e-03 1.763809200000e+00 9.308069710000e-04
6.726779040000e-03 1.767446280000e+00 9.480597800000e-04
6.888896230000e-03 1.770655630000e+00 9.649870920000e-04
6.888896230000e-03 1.773864750000e+00 9.826305320000e-04
7.051013410000e-03 1.777074100000e+00 9.985812940000e-04
7.132075730000e-03 1.780497310000e+00 1.015378510000e-03
7.213130590000e-03 1.783492570000e+00 1.031394230000e-03
7.294192910000e-03 1.786701920000e+00 1.048386800000e-03
7.294192910000e-03 1.789697170000e+00 1.064467710000e-03
7.375247780000e-03 1.793120380000e+00 1.081720460000e-03
7.456310090000e-03 1.796757460000e+00 1.098061800000e-03
7.618427280000e-03 1.799752710000e+00 1.114077750000e-03
7.699482140000e-03 1.802748200000e+00 1.129182170000e-03
7.699482140000e-03 1.806385280000e+00 1.145328160000e-03
7.780544460000e-03 1.809380530000e+00 1.161083580000e-03
7.942661640000e-03 1.812161920000e+00 1.177229690000e-03
7.942661640000e-03 1.815371040000e+00 1.192464140000e-03
8.023716510000e-03 1.818366530000e+00 1.209261480000e-03
8.104778830000e-03 1.822003600000e+00 1.225081850000e-03
8.185833690000e-03 1.824998860000e+00 1.240642040000e-03
8.266896010000e-03 1.828208210000e+00 1.255355660000e-03
8.429013190000e-03 1.831203460000e+00 1.270329930000e-03
8.429013190000e-03 1.834626670000e+00 1.285629580000e-03
8.510068060000e-03 1.837408070000e+00 1.300994310000e-03
8.672185240000e-03 1.840617180000e+00 1.315447620000e-03
8.753247560000e-03 1.843826530000e+00 1.331333300000e-03
8.834302430000e-03 1.846821780000e+00 1.346828300000e-03
8.834302430000e-03 1.849603180000e+00 1.362323410000e-03
8.915364740000e-03 1.852812290000e+00 1.377753210000e-03
8.915364740000e-03 1.856663470000e+00 1.392662180000e-03
9.158544240000e-03 1.859230760000e+00 1.407245760000e-03
9.158544240000e-03 1.862653970000e+00 1.421634110000e-03
9.239599110000e-03 1.865435360000e+00 1.435892070000e-03
9.320661430000e-03 1.868644710000e+00 1.451126650000e-03
9.401716290000e-03 1.872495650000e+00 1.466491380000e-03
9.482778610000e-03 1.874635220000e+00 1.481921300000e-03
9.482778610000e-03 1.878058430000e+00 1.496309650000e-03
9.644895790000e-03 1.881053690000e+00 1.510567610000e-03
9.888067840000e-03 1.883621220000e+00 1.524500080000e-03
9.807012980000e-03 1.884476900000e+00 1.524695310000e-03
9.888067840000e-03 1.887686250000e+00 1.537716480000e-03
9.888067840000e-03 1.890253540000e+00 1.551062920000e-03
9.969130160000e-03 1.892393110000e+00 1.565711460000e-03
1.021230220000e-02 1.897313830000e+00 1.579448810000e-03
1.013124730000e-02 1.899667260000e+00 1.593902130000e-03
1.021230220000e-02 1.903090480000e+00 1.607443790000e-03
1.029336450000e-02 1.905230050000e+00 1.621636790000e-03
1.045548170000e-02 1.908439160000e+00 1.634592770000e-03
1.045548170000e-02 1.911220550000e+00 1.647483560000e-03
1.053653660000e-02 1.913573980000e+00 1.660504490000e-03
1.069865380000e-02 1.917211290000e+00 1.673460470000e-03
1.061759890000e-02 1.920420410000e+00 1.686220990000e-03
1.086077090000e-02 1.924271580000e+00 1.699046700000e-03
1.086077090000e-02 1.926197050000e+00 1.711742140000e-03
1.102288810000e-02 1.929192300000e+00 1.725023610000e-03
1.110395040000e-02 1.931973700000e+00 1.737588780000e-03
1.110395040000e-02 1.934755090000e+00 1.750479800000e-03
1.118501280000e-02 1.939033990000e+00 1.761482450000e-03
1.126606760000e-02 1.940959690000e+00 1.774308160000e-03
1.150924710000e-02 1.945024730000e+00 1.785831760000e-03
1.134712990000e-02 1.947164300000e+00 1.797941280000e-03
1.142818480000e-02 1.951015230000e+00 1.809725310000e-03
1.159030200000e-02 1.954010490000e+00 1.822095360000e-03
1.167136430000e-02 1.957219840000e+00 1.833879270000e-03
1.175241920000e-02 1.958289620000e+00 1.845793570000e-03
1.183348150000e-02 1.962782620000e+00 1.856731130000e-03
1.207665350000e-02 1.964708090000e+00 1.868710500000e-03
1.207665350000e-02 1.968559270000e+00 1.879648190000e-03
1.207665350000e-02 1.971768380000e+00 1.890911260000e-03
1.215771590000e-02 1.974335910000e+00 1.901979210000e-03
1.231983300000e-02 1.977331160000e+00 1.912591400000e-03
1.231983300000e-02 1.978614810000e+00 1.923789500000e-03
1.248195020000e-02 1.982679840000e+00 1.934531730000e-03
1.240088790000e-02 1.984391450000e+00 1.944883380000e-03
1.264406740000e-02 1.988028530000e+00 1.955560640000e-03
1.272512230000e-02 1.990596060000e+00 1.965521830000e-03
1.272512230000e-02 1.994446990000e+00 1.975938440000e-03
1.288723950000e-02 1.997228380000e+00 1.985509180000e-03
1.288723950000e-02 1.998939990000e+00 1.996446630000e-03
1.296830180000e-02 2.003005030000e+00 2.006277440000e-03
1.304936410000e-02 2.005358460000e+00 2.016629330000e-03
1.321148130000e-02 2.007925990000e+00 2.025418450000e-03
1.321148130000e-02 2.011135100000e+00 2.035314450000e-03
1.329253610000e-02 2.014130350000e+00 2.045340600000e-03
1.337359850000e-02 2.016911750000e+00 2.055496910000e-03
1.345465330000e-02 2.019051310000e+00 2.064416190000e-03
1.361677050000e-02 2.022474530000e+00 2.073596000000e-03
1.369783280000e-02 2.025041820000e+00 2.081994670000e-03
1.369783280000e-02 2.027823210000e+00 2.090718830000e-03
1.377888770000e-02 2.030604600000e+00 2.099182460000e-03
1.394100490000e-02 2.033385990000e+00 2.108166930000e-03
1.394100490000e-02 2.036381240000e+00 2.116565590000e-03
1.410312210000e-02 2.038948540000e+00 2.125810370000e-03
1.418418440000e-02 2.041944030000e+00 2.135055140000e-03
1.426523920000e-02 2.044725180000e+00 2.144951140000e-03
1.434630160000e-02 2.047292710000e+00 2.152959120000e-03
1.434630160000e-02 2.050501820000e+00 2.160902140000e-03
1.450841870000e-02 2.053069350000e+00 2.167933390000e-03
1.450841870000e-02 2.055850740000e+00 2.175615630000e-03
1.458947360000e-02 2.058632140000e+00 2.183558650000e-03
1.467053590000e-02 2.061413290000e+00 2.190850440000e-03
1.483265310000e-02 2.063766720000e+00 2.197751540000e-03
1.491370800000e-02 2.066976070000e+00 2.205108530000e-03
1.491370800000e-02 2.069543360000e+00 2.211944200000e-03
1.499477030000e-02 2.072110890000e+00 2.218845530000e-03
1.515688750000e-02 2.074678180000e+00 2.225811590000e-03
1.523794980000e-02 2.077673440000e+00 2.233168580000e-03
1.531900470000e-02 2.080240960000e+00 2.239744180000e-03
1.540006700000e-02 2.083022360000e+00 2.247296510000e-03
1.540006700000e-02 2.085375790000e+00 2.253806920000e-03
1.556218420000e-02 2.088371040000e+00 2.259992060000e-03
1.556218420000e-02 2.091152430000e+00 2.263702920000e-03
1.572430130000e-02 2.093505860000e+00 2.267999810000e-03
1.580535620000e-02 2.096287250000e+00 2.273533960000e-03
1.588641850000e-02 2.099068640000e+00 2.279718870000e-03
1.596747340000e-02 2.101635930000e+00 2.285122410000e-03
1.604853570000e-02 2.104417320000e+00 2.290981820000e-03
1.612959060000e-02 2.106770750000e+00 2.296580930000e-03
1.621065290000e-02 2.109338050000e+00 2.302440580000e-03
1.621065290000e-02 2.112333540000e+00 2.308690450000e-03
1.629170780000e-02 2.114686970000e+00 2.313898880000e-03
1.637277010000e-02 2.117254260000e+00 2.319367840000e-03
1.645382490000e-02 2.119821550000e+00 2.324706410000e-03
1.661594210000e-02 2.122389080000e+00 2.329068260000e-03
1.661594210000e-02 2.124956370000e+00 2.333235230000e-03
1.677805930000e-02 2.127309800000e+00 2.336490430000e-03
1.685912160000e-02 2.130305290000e+00 2.340071140000e-03
1.685912160000e-02 2.133086440000e+00 2.343717030000e-03
1.702123880000e-02 2.135440110000e+00 2.346711930000e-03
1.702123880000e-02 2.138007400000e+00 2.349576450000e-03
1.710230110000e-02 2.140574690000e+00 2.352701500000e-03
1.718335600000e-02 2.143142220000e+00 2.354850060000e-03
1.726441830000e-02 2.145709510000e+00 2.356672890000e-03
1.734547320000e-02 2.148277040000e+00 2.359602600000e-03
1.742653550000e-02 2.151058440000e+00 2.363443840000e-03
1.758865270000e-02 2.153411870000e+00 2.366699050000e-03
1.766970750000e-02 2.156193020000e+00 2.368977760000e-03
1.766970750000e-02 2.158332590000e+00 2.370800590000e-03
1.775076990000e-02 2.160900120000e+00 2.372558460000e-03
1.791288700000e-02 2.163681270000e+00 2.373079540000e-03
1.791288700000e-02 2.166034700000e+00 2.373795720000e-03
1.807500420000e-02 2.168388370000e+00 2.374641830000e-03
1.807500420000e-02 2.170741800000e+00 2.376660010000e-03
1.815605910000e-02 2.173095230000e+00 2.378027420000e-03
1.839923860000e-02 2.175876620000e+00 2.378678410000e-03
1.831817630000e-02 2.178443910000e+00 2.379720100000e-03
1.839923860000e-02 2.181011200000e+00 2.380175750000e-03
1.856135580000e-02 2.183150770000e+00 2.381347590000e-03
1.856135580000e-02 2.185718300000e+00 2.381738280000e-03
1.872347300000e-02 2.188285590000e+00 2.381087280000e-03
1.872347300000e-02 2.190425160000e+00 2.380761780000e-03
1.880452780000e-02 2.192992450000e+00 2.379655140000e-03
1.896665250000e-02 2.195345880000e+00 2.378417880000e-03
1.896665250000e-02 2.197913410000e+00 2.377246040000e-03
1.904770730000e-02 2.200480700000e+00 2.375813900000e-03
1.912876960000e-02 2.203048230000e+00 2.375032520000e-03
1.912876960000e-02 2.202406170000e+00 2.374446490000e-03
1.920982450000e-02 2.205401660000e+00 2.373665340000e-03
1.929088680000e-02 2.207755090000e+00 2.373274650000e-03
1.937194170000e-02 2.209894420000e+00 2.373535190000e-03
1.953405890000e-02 2.212461950000e+00 2.373925880000e-03
