#  J [A] 	 V 	 L [w] 
1.610219480000e-04 7.212162020000e-06 -1.291277420000e-09
1.610219480000e-04 7.212162020000e-06 -1.484969040000e-09
1.610219480000e-04 7.212162020000e-06 -1.420405240000e-09
7.995963100000e-05 -2.067387100000e-04 -1.484969040000e-09
1.610219480000e-04 -2.067387100000e-04 -1.420405240000e-09
1.610219480000e-04 7.212162020000e-06 -1.226713620000e-09
1.610219480000e-04 -2.067387100000e-04 -1.420405240000e-09
2.420768140000e-04 7.212162020000e-06 -1.549532950000e-09
1.610219480000e-04 5.795971160000e-01 -1.678614250000e-09
2.420768140000e-04 1.426196460000e+00 2.874699310000e-07
3.231391310000e-04 1.430689450000e+00 3.237506970000e-07
4.041939970000e-04 1.454865690000e+00 5.705501280000e-07
4.852563140000e-04 1.473265410000e+00 8.433012790000e-07
5.663111810000e-04 1.488027930000e+00 1.117343570000e-06
5.663111810000e-04 1.501506810000e+00 1.425794610000e-06
6.473734970000e-04 1.513487940000e+00 1.736053040000e-06
8.094906810000e-04 1.524827360000e+00 2.071682270000e-06
8.905455470000e-04 1.533813240000e+00 2.390268490000e-06
8.905455470000e-04 1.543868900000e+00 2.787355700000e-06
9.716078640000e-04 1.553068640000e+00 2.787355700000e-06
1.052662730000e-03 1.562268500000e+00 3.677872660000e-06
1.214787360000e-03 1.569970730000e+00 4.152059320000e-06
1.295842230000e-03 1.578742620000e+00 4.728878590000e-06
1.376904550000e-03 1.586230870000e+00 5.386245450000e-06
1.457959410000e-03 1.593933110000e+00 6.185867280000e-06
1.457959410000e-03 1.600779530000e+00 7.173215640000e-06
1.620076600000e-03 1.608053800000e+00 8.728288780000e-06
1.701138910000e-03 1.614900230000e+00 1.152144520000e-05
1.701138910000e-03 1.620676880000e+00 2.301040880000e-05
1.782193780000e-03 1.625811580000e+00 2.301040880000e-05
1.863256100000e-03 1.631374360000e+00 7.575327620000e-05
1.944310960000e-03 1.636509060000e+00 1.015564190000e-04
2.106428150000e-03 1.641857860000e+00 1.276648110000e-04
2.106428150000e-03 1.646778700000e+00 1.526236450000e-04
2.187490460000e-03 1.652341370000e+00 1.805635260000e-04
2.349607650000e-03 1.657476190000e+00 2.084838920000e-04
2.430662510000e-03 1.662611010000e+00 2.360146460000e-04
2.511724830000e-03 1.667531850000e+00 2.628049700000e-04
2.592779700000e-03 1.672666670000e+00 2.628049700000e-04
2.592779700000e-03 1.677587510000e+00 3.186240790000e-04
2.673842010000e-03 1.682294370000e+00 3.421269940000e-04
2.835959200000e-03 1.686787250000e+00 3.654997560000e-04
2.917014060000e-03 1.691922070000e+00 3.913464610000e-04
2.998076380000e-03 1.696629050000e+00 4.158910010000e-04
3.079131250000e-03 1.701549890000e+00 4.423888460000e-04
3.160193560000e-03 1.706042770000e+00 4.665428130000e-04
3.241255880000e-03 1.710749630000e+00 4.935613830000e-04
3.241255880000e-03 1.715456600000e+00 5.204498300000e-04
3.403373060000e-03 1.720377450000e+00 5.494866640000e-04
3.484427930000e-03 1.724656340000e+00 5.778724440000e-04
3.484427930000e-03 1.729363200000e+00 6.097739100000e-04
3.646545110000e-03 1.734284160000e+00 6.387456670000e-04
3.646545110000e-03 1.738991020000e+00 6.662200320000e-04
3.808662300000e-03 1.743056060000e+00 6.911552050000e-04
3.889724610000e-03 1.747549060000e+00 7.183690900000e-04
3.889724610000e-03 1.752255920000e+00 7.449320400000e-04
3.970779480000e-03 1.756534810000e+00 7.721459840000e-04
4.051841800000e-03 1.760813950000e+00 7.970811570000e-04
4.132896660000e-03 1.765306950000e+00 8.245555800000e-04
4.295013840000e-03 1.769585850000e+00 8.509882030000e-04
4.376076160000e-03 1.774078850000e+00 8.780717620000e-04
4.457131030000e-03 1.778143880000e+00 9.034629330000e-04
4.538193350000e-03 1.782636880000e+00 9.310022580000e-04
4.619248210000e-03 1.786701920000e+00 9.568489040000e-04
4.700310530000e-03 1.791194920000e+00 9.821748830000e-04
4.781365390000e-03 1.794831990000e+00 1.006459000000e-03
4.862427710000e-03 1.799324990000e+00 1.034128710000e-03
4.943482580000e-03 1.803390030000e+00 1.060431120000e-03
5.024544890000e-03 1.807668920000e+00 1.088686750000e-03
5.105599760000e-03 1.811733960000e+00 1.115184630000e-03
5.186662080000e-03 1.815585140000e+00 1.142789140000e-03
5.186662080000e-03 1.820078130000e+00 1.167138460000e-03
5.267724390000e-03 1.823929070000e+00 1.192073690000e-03
5.429841580000e-03 1.827994110000e+00 1.217334410000e-03
5.429841580000e-03 1.832059140000e+00 1.241423310000e-03
5.591958760000e-03 1.836124180000e+00 1.269939240000e-03
5.673013630000e-03 1.840189220000e+00 1.298715830000e-03
5.673013630000e-03 1.843826530000e+00 1.325473890000e-03
5.835130810000e-03 1.847677470000e+00 1.350864880000e-03
5.916193130000e-03 1.851528640000e+00 1.373391130000e-03
5.916193130000e-03 1.855379820000e+00 1.396763950000e-03
5.997247990000e-03 1.859016900000e+00 1.417597520000e-03
6.078310310000e-03 1.863081930000e+00 1.443639630000e-03
6.159365180000e-03 1.866933110000e+00 1.469942040000e-03
6.240427490000e-03 1.870784040000e+00 1.496374610000e-03
6.321482360000e-03 1.874635220000e+00 1.522351520000e-03
6.483599540000e-03 1.878486390000e+00 1.549565580000e-03
6.564661860000e-03 1.882123470000e+00 1.576258570000e-03
6.645716730000e-03 1.885974650000e+00 1.602756330000e-03
6.726779040000e-03 1.889611720000e+00 1.627170830000e-03
6.807833910000e-03 1.893248800000e+00 1.653082550000e-03
6.888896230000e-03 1.897313830000e+00 1.677692290000e-03
6.888896230000e-03 1.900951150000e+00 1.702041600000e-03
7.051013410000e-03 1.904374120000e+00 1.728344010000e-03
7.132075730000e-03 1.908225300000e+00 1.762459050000e-03
7.132075730000e-03 1.911648510000e+00 1.792146940000e-03
7.294192910000e-03 1.915285590000e+00 1.817082170000e-03
7.375247780000e-03 1.918922900000e+00 1.836092910000e-03
7.375247780000e-03 1.922559980000e+00 1.861679130000e-03
7.456310090000e-03 1.926197050000e+00 1.886614480000e-03
7.618427280000e-03 1.930048230000e+00 1.909336190000e-03
7.618427280000e-03 1.933471440000e+00 1.930169640000e-03
7.780544460000e-03 1.936894660000e+00 1.951003330000e-03
7.780544460000e-03 1.940531730000e+00 1.973399430000e-03
7.942661640000e-03 1.943954940000e+00 1.996641980000e-03
7.942661640000e-03 1.947592020000e+00 2.018582310000e-03
8.023716510000e-03 1.951443200000e+00 2.044624420000e-03
8.185833690000e-03 1.954652550000e+00 2.070275830000e-03
8.266896010000e-03 1.958289620000e+00 2.095145870000e-03
8.266896010000e-03 1.961498740000e+00 2.119364920000e-03
8.429013190000e-03 1.964921950000e+00 2.144820990000e-03
8.429013190000e-03 1.968345170000e+00 2.169886370000e-03
8.510068060000e-03 1.971768380000e+00 2.192868620000e-03
8.672185240000e-03 1.974977730000e+00 2.214743990000e-03
8.672185240000e-03 1.978614810000e+00 2.241827550000e-03
8.753247560000e-03 1.982251880000e+00 2.265460790000e-03
8.834302430000e-03 1.985675100000e+00 2.288703110000e-03
8.915364740000e-03 1.988884450000e+00 2.310513520000e-03
9.077481930000e-03 1.992307660000e+00 2.334146530000e-03
9.077481930000e-03 1.995730880000e+00 2.357779770000e-03
9.239599110000e-03 1.999154090000e+00 2.381217670000e-03
9.239599110000e-03 2.002577070000e+00 2.404069300000e-03
9.320661430000e-03 2.006000280000e+00 2.429785910000e-03
9.401716290000e-03 2.009209630000e+00 2.453484110000e-03
9.563833480000e-03 2.012846710000e+00 2.475620010000e-03
9.563833480000e-03 2.016056060000e+00 2.497039270000e-03
9.644895790000e-03 2.019265170000e+00 2.521584040000e-03
9.725950660000e-03 2.022474530000e+00 2.545347200000e-03
9.807012980000e-03 2.022688390000e+00 2.545542780000e-03
9.888067840000e-03 2.025897740000e+00 2.570022360000e-03
9.888067840000e-03 2.028892990000e+00 2.592548500000e-03
9.969130160000e-03 2.032530070000e+00 2.618330300000e-03
1.005018500000e-02 2.035739420000e+00 2.642158650000e-03
1.013124730000e-02 2.039162640000e+00 2.666833340000e-03
1.029336450000e-02 2.042157890000e+00 2.686560150000e-03
1.037441940000e-02 2.045367240000e+00 2.704464130000e-03
1.037441940000e-02 2.048576350000e+00 2.723019340000e-03
1.053653660000e-02 2.051999570000e+00 2.742550340000e-03
1.061759890000e-02 2.054994820000e+00 2.767355410000e-03
1.061759890000e-02 2.058204170000e+00 2.797629450000e-03
1.077971610000e-02 2.061627390000e+00 2.824257360000e-03
1.077971610000e-02 2.064408780000e+00 2.849518320000e-03
1.086077090000e-02 2.067617890000e+00 2.871718960000e-03
1.102288810000e-02 2.071041110000e+00 2.871718960000e-03
1.110395040000e-02 2.074036360000e+00 2.943307160000e-03
1.118501280000e-02 2.077245710000e+00 2.956942420000e-03
1.118501280000e-02 2.080027100000e+00 2.975772600000e-03
1.126606760000e-02 2.083450320000e+00 2.995251910000e-03
1.134712990000e-02 2.086231470000e+00 3.018626480000e-03
1.142818480000e-02 2.089440820000e+00 3.038755390000e-03
1.150924710000e-02 2.092864040000e+00 3.062129950000e-03
1.159030200000e-02 2.095431330000e+00 3.088102440000e-03
1.167136430000e-02 2.098212720000e+00 3.114724070000e-03
1.175241920000e-02 2.101635930000e+00 3.134203610000e-03
1.183348150000e-02 2.104631190000e+00 3.156280150000e-03
1.191453640000e-02 2.108054400000e+00 3.175109390000e-03
1.207665350000e-02 2.111263750000e+00 3.193289970000e-03
1.207665350000e-02 2.114259000000e+00 3.215366280000e-03
1.215771590000e-02 2.117254260000e+00 3.237442810000e-03
1.231983300000e-02 2.119821550000e+00 3.265363400000e-03
1.240088790000e-02 2.123458860000e+00 3.288088600000e-03
1.248195020000e-02 2.125812290000e+00 3.308217510000e-03
1.256300510000e-02 2.129235510000e+00 3.325099130000e-03
1.264406740000e-02 2.132444620000e+00 3.339383750000e-03
1.272512230000e-02 2.135012150000e+00 3.357564330000e-03
1.280618460000e-02 2.138435360000e+00 3.379640870000e-03
1.280618460000e-02 2.141430620000e+00 3.401717400000e-03
1.296830180000e-02 2.144212010000e+00 3.424443300000e-03
1.296830180000e-02 2.147207260000e+00 3.444571280000e-03
1.313041900000e-02 2.149774550000e+00 3.464050820000e-03
1.321148130000e-02 2.153197770000e+00 3.488724350000e-03
1.321148130000e-02 2.155765300000e+00 3.512748980000e-03
1.337359850000e-02 2.159188510000e+00 3.534825520000e-03
1.345465330000e-02 2.161755800000e+00 3.562745410000e-03
1.345465330000e-02 2.165392880000e+00 3.588068300000e-03
1.361677050000e-02 2.167746310000e+00 3.610144830000e-03
1.361677050000e-02 2.170741800000e+00 3.629624380000e-03
1.377888770000e-02 2.172453400000e+00 3.646506000000e-03
1.377888770000e-02 2.176304340000e+00 3.666634210000e-03
1.394100490000e-02 2.179513690000e+00 3.679620570000e-03
1.410312210000e-02 2.183150770000e+00 3.698450750000e-03
1.402206720000e-02 2.185504200000e+00 3.717929360000e-03
1.410312210000e-02 2.187643770000e+00 3.741954220000e-03
1.426523920000e-02 2.189997200000e+00 3.763381160000e-03
1.426523920000e-02 2.193848370000e+00 3.784808100000e-03
1.450841870000e-02 2.196415660000e+00 3.806235270000e-03
1.450841870000e-02 2.199410920000e+00 3.825714580000e-03
1.450841870000e-02 2.202620270000e+00 3.847791110000e-03
1.467053590000e-02 2.205401660000e+00 3.873114010000e-03
1.467053590000e-02 2.207755090000e+00 3.895839210000e-03
1.483265310000e-02 2.211178300000e+00 3.915967890000e-03
1.491370800000e-02 2.213745590000e+00 3.939342690000e-03
1.499477030000e-02 2.216099020000e+00 3.952978640000e-03
1.507583260000e-02 2.219094280000e+00 3.971158990000e-03
1.507583260000e-02 2.222303630000e+00 3.991936800000e-03
1.523794980000e-02 2.224870920000e+00 4.015312060000e-03
1.531900470000e-02 2.227652310000e+00 4.036089870000e-03
1.540006700000e-02 2.230861660000e+00 4.054919820000e-03
1.540006700000e-02 2.233000990000e+00 4.073100160000e-03
1.548112180000e-02 2.235996480000e+00 4.088034390000e-03
1.556218420000e-02 2.238991740000e+00 4.106863870000e-03
1.564323900000e-02 2.241345170000e+00 4.127642140000e-03
1.572430130000e-02 2.244340420000e+00 4.148419480000e-03
1.588641850000e-02 2.247121810000e+00 4.172443410000e-03
1.596747340000e-02 2.249903200000e+00 4.184780640000e-03
1.596747340000e-02 2.252470490000e+00 4.195819140000e-03
1.604853570000e-02 2.255038020000e+00 4.215946890000e-03
1.612959060000e-02 2.258033280000e+00 4.237374760000e-03
1.621065290000e-02 2.260600570000e+00 4.254256380000e-03
1.629170780000e-02 2.263168100000e+00 4.272437190000e-03
1.645382490000e-02 2.265521530000e+00 4.289318810000e-03
1.653488730000e-02 2.268730640000e+00 4.310097080000e-03
1.661594210000e-02 2.271084070000e+00 4.325031300000e-03
1.661594210000e-02 2.274079560000e+00 4.343860320000e-03
1.677805930000e-02 2.276646850000e+00 4.363339860000e-03
1.685912160000e-02 2.279428240000e+00 4.376975350000e-03
1.694017650000e-02 2.281995530000e+00 4.392558710000e-03
1.694017650000e-02 2.284776930000e+00 4.413985650000e-03
1.710230110000e-02 2.287130360000e+00 4.433465190000e-03
1.718335600000e-02 2.290125610000e+00 4.452943800000e-03
1.726441830000e-02 2.292693140000e+00 4.471773750000e-03
1.734547320000e-02 2.295474530000e+00 4.489304960000e-03
1.734547320000e-02 2.297827960000e+00 4.506187510000e-03
1.742653550000e-02 2.300609110000e+00 4.523718730000e-03
1.758865270000e-02 2.303176640000e+00 4.538652950000e-03
1.766970750000e-02 2.305958030000e+00 4.551638380000e-03
1.766970750000e-02 2.308097360000e+00 4.569169600000e-03
1.783182470000e-02 2.311306720000e+00 4.587350410000e-03
1.791288700000e-02 2.313660140000e+00 4.600986370000e-03
1.791288700000e-02 2.316441540000e+00 4.618517120000e-03
1.799394190000e-02 2.318581100000e+00 4.639294930000e-03
1.815605910000e-02 2.321148400000e+00 4.660721870000e-03
1.823712140000e-02 2.323929790000e+00 4.678902680000e-03
1.831817630000e-02 2.326925040000e+00 4.697083030000e-03
1.831817630000e-02 2.329492330000e+00 4.717861300000e-03
1.848029350000e-02 2.332059860000e+00 4.732795530000e-03
1.856135580000e-02 2.334413290000e+00 4.758767320000e-03
1.864241060000e-02 2.337194680000e+00 4.782791720000e-03
1.864241060000e-02 2.339548110000e+00 4.793180620000e-03
1.872347300000e-02 2.342329500000e+00 4.800322930000e-03
1.880452780000e-02 2.344682930000e+00 4.812010560000e-03
1.896665250000e-02 2.347464320000e+00 4.829541780000e-03
1.896665250000e-02 2.349817750000e+00 4.845125600000e-03
1.904770730000e-02 2.352598910000e+00 4.862007220000e-03
1.912876960000e-02 2.355166440000e+00 4.876940980000e-03
1.912876960000e-02 2.355380300000e+00 4.876291840000e-03
1.929088680000e-02 2.357733730000e+00 4.893823060000e-03
1.929088680000e-02 2.360301260000e+00 4.912003410000e-03
1.945300400000e-02 2.362440820000e+00 4.936677870000e-03
1.953405890000e-02 2.365008120000e+00 4.958753470000e-03
