#  J [A] 	 V 	 L [w] 
1.610219480000e-04 7.212162020000e-06 -1.226713620000e-09
1.610219480000e-04 7.212162020000e-06 -1.226713620000e-09
7.995963100000e-05 7.212162020000e-06 -1.162196120000e-09
7.995963100000e-05 7.212162020000e-06 -1.033068410000e-09
1.610219480000e-04 7.212162020000e-06 -1.162196120000e-09
7.995963100000e-05 7.212162020000e-06 -1.291277420000e-09
1.610219480000e-04 7.212162020000e-06 -1.355841330000e-09
1.610219480000e-04 7.212162020000e-06 -1.420405240000e-09
2.420768140000e-04 5.755320790000e-01 -1.355841330000e-09
3.231391310000e-04 1.388969180000e+00 2.615182100000e-07
3.231391310000e-04 1.393676160000e+00 2.938610070000e-07
4.041939970000e-04 1.417638420000e+00 5.170328450000e-07
4.852563140000e-04 1.435396310000e+00 7.574412280000e-07
5.663111810000e-04 1.449517010000e+00 9.990761780000e-07
5.663111810000e-04 1.462353940000e+00 1.268276720000e-06
7.284283640000e-04 1.473693370000e+00 1.538574790000e-06
7.284283640000e-04 1.484604720000e+00 1.825980350000e-06
8.094906810000e-04 1.493162750000e+00 2.098086040000e-06
9.716078640000e-04 1.502362610000e+00 2.434554290000e-06
1.052662730000e-03 1.511562470000e+00 2.778834190000e-06
1.133725050000e-03 1.519906520000e+00 2.778834190000e-06
1.214787360000e-03 1.527394770000e+00 3.562899110000e-06
1.295842230000e-03 1.534882900000e+00 4.012401860000e-06
1.376904550000e-03 1.542585130000e+00 4.508674010000e-06
1.376904550000e-03 1.549645540000e+00 5.103031530000e-06
1.457959410000e-03 1.556064010000e+00 5.790278010000e-06
1.620076600000e-03 1.563124300000e+00 6.775027490000e-06
1.701138910000e-03 1.569542770000e+00 8.230717870000e-06
1.782193780000e-03 1.575961350000e+00 1.136879560000e-05
1.863256100000e-03 1.581096050000e+00 2.472787490000e-05
1.944310960000e-03 1.586017010000e+00 2.472787490000e-05
2.025373280000e-03 1.590295910000e+00 7.422704220000e-05
2.025373280000e-03 1.595216750000e+00 9.980287000000e-05
2.106428150000e-03 1.599281790000e+00 1.231120700000e-04
2.187490460000e-03 1.603988770000e+00 1.488697600000e-04
2.349607650000e-03 1.608695630000e+00 1.737506540000e-04
2.349607650000e-03 1.613188620000e+00 1.994174240000e-04
2.511724830000e-03 1.617467520000e+00 2.230708630000e-04
2.511724830000e-03 1.621960520000e+00 2.481465640000e-04
2.673842010000e-03 1.626453520000e+00 2.727157550000e-04
2.673842010000e-03 1.630732420000e+00 2.727157550000e-04
2.754896880000e-03 1.634583590000e+00 3.230512670000e-04
2.917014060000e-03 1.639076470000e+00 3.476609420000e-04
2.998076380000e-03 1.643355490000e+00 3.716196520000e-04
3.079131250000e-03 1.647420530000e+00 3.960339820000e-04
3.079131250000e-03 1.651699540000e+00 4.190811890000e-04
3.241255880000e-03 1.655764580000e+00 4.434305010000e-04
3.322310750000e-03 1.660043600000e+00 4.668683100000e-04
3.403373060000e-03 1.664322610000e+00 4.897852780000e-04
3.403373060000e-03 1.667959690000e+00 5.118559350000e-04
3.565490250000e-03 1.672238710000e+00 5.360750370000e-04
3.565490250000e-03 1.676731710000e+00 5.600336590000e-04
3.646545110000e-03 1.680582760000e+00 5.834063050000e-04
3.808662300000e-03 1.684647800000e+00 6.065837810000e-04
3.808662300000e-03 1.688498850000e+00 6.311935140000e-04
3.970779480000e-03 1.692777870000e+00 6.552824050000e-04
4.051841800000e-03 1.696629050000e+00 6.787853200000e-04
4.132896660000e-03 1.700480100000e+00 7.019627370000e-04
4.213958980000e-03 1.704545140000e+00 7.267677570000e-04
4.295013840000e-03 1.708396200000e+00 7.502055380000e-04
4.376076160000e-03 1.712461230000e+00 7.732527450000e-04
4.457131030000e-03 1.716312410000e+00 7.952582090000e-04
4.457131030000e-03 1.720163580000e+00 8.185658950000e-04
4.619248210000e-03 1.724014520000e+00 8.407015120000e-04
4.619248210000e-03 1.727651600000e+00 8.637487190000e-04
4.781365390000e-03 1.731288910000e+00 8.845823470000e-04
4.781365390000e-03 1.735567810000e+00 9.086711800000e-04
4.862427710000e-03 1.738991020000e+00 9.323043630000e-04
4.943482580000e-03 1.743056060000e+00 9.556770090000e-04
5.024544890000e-03 1.746907230000e+00 9.783987190000e-04
5.105599760000e-03 1.750544310000e+00 1.002292380000e-03
5.186662080000e-03 1.754395480000e+00 1.025274400000e-03
5.348779260000e-03 1.758246420000e+00 1.047931030000e-03
5.429841580000e-03 1.761669640000e+00 1.068699520000e-03
5.510896440000e-03 1.765306950000e+00 1.090835310000e-03
5.510896440000e-03 1.769157890000e+00 1.112840840000e-03
5.673013630000e-03 1.773009060000e+00 1.135627510000e-03
5.673013630000e-03 1.776218410000e+00 1.158023600000e-03
5.754075940000e-03 1.780283450000e+00 1.181396420000e-03
5.916193130000e-03 1.783706670000e+00 1.203987750000e-03
5.916193130000e-03 1.787129640000e+00 1.226188730000e-03
5.997247990000e-03 1.790766950000e+00 1.246371310000e-03
6.159365180000e-03 1.794190170000e+00 1.269483470000e-03
6.159365180000e-03 1.798255210000e+00 1.291879690000e-03
6.321482360000e-03 1.801678420000e+00 1.313755060000e-03
6.321482360000e-03 1.805315490000e+00 1.335239620000e-03
6.483599540000e-03 1.809166670000e+00 1.357310220000e-03
6.564661860000e-03 1.812375780000e+00 1.377102220000e-03
6.645716730000e-03 1.816012860000e+00 1.396243110000e-03
6.645716730000e-03 1.819222210000e+00 1.416360610000e-03
6.807833910000e-03 1.822859290000e+00 1.436022340000e-03
6.888896230000e-03 1.826496600000e+00 1.459199590000e-03
6.969951090000e-03 1.830133680000e+00 1.485046460000e-03
6.969951090000e-03 1.833556890000e+00 1.510307190000e-03
7.132075730000e-03 1.836980100000e+00 1.535242420000e-03
7.213130590000e-03 1.840403320000e+00 1.557313020000e-03
7.294192910000e-03 1.843612430000e+00 1.578797590000e-03
7.375247780000e-03 1.846821780000e+00 1.598915090000e-03
7.456310090000e-03 1.850458860000e+00 1.621571600000e-03
7.456310090000e-03 1.854095940000e+00 1.643186440000e-03
7.618427280000e-03 1.857305290000e+00 1.666559370000e-03
7.618427280000e-03 1.861156460000e+00 1.687783520000e-03
7.780544460000e-03 1.864151720000e+00 1.709723850000e-03
7.780544460000e-03 1.868216750000e+00 1.730232030000e-03
7.861599330000e-03 1.870784040000e+00 1.752042100000e-03
7.942661640000e-03 1.873993400000e+00 1.772615360000e-03
8.104778830000e-03 1.877844570000e+00 1.794490610000e-03
8.185833690000e-03 1.880625720000e+00 1.815584840000e-03
8.266896010000e-03 1.884690760000e+00 1.836222950000e-03
8.266896010000e-03 1.887900110000e+00 1.856731130000e-03
8.347950880000e-03 1.890039680000e+00 1.879452840000e-03
8.591130380000e-03 1.894532440000e+00 1.901132750000e-03
8.429013190000e-03 1.898383620000e+00 1.921966440000e-03
8.672185240000e-03 1.899453400000e+00 1.942669860000e-03
8.753247560000e-03 1.904802080000e+00 1.967214510000e-03
8.915364740000e-03 1.906727790000e+00 1.988698960000e-03
8.996419610000e-03 1.909936900000e+00 2.007905160000e-03
8.915364740000e-03 1.913360120000e+00 2.028608460000e-03
8.996419610000e-03 1.917853120000e+00 2.049832600000e-03
9.077481930000e-03 1.920634510000e+00 2.065132370000e-03
9.158544240000e-03 1.923629760000e+00 2.085380020000e-03
9.320661430000e-03 1.927266840000e+00 2.105237220000e-03
9.401716290000e-03 1.930262090000e+00 2.124247840000e-03
9.401716290000e-03 1.933685300000e+00 2.147620540000e-03
9.482778610000e-03 1.936894660000e+00 2.167607890000e-03
9.644895790000e-03 1.940103770000e+00 2.184600340000e-03
9.644895790000e-03 1.943099260000e+00 2.204717840000e-03
9.807012980000e-03 1.946094510000e+00 2.225225790000e-03
9.725950660000e-03 1.946308370000e+00 2.226007170000e-03
9.888067840000e-03 1.949517730000e+00 2.242934420000e-03
1.005018500000e-02 1.952085020000e+00 2.261619550000e-03
1.005018500000e-02 1.955508230000e+00 2.285382940000e-03
1.005018500000e-02 1.959145310000e+00 2.308169610000e-03
1.013124730000e-02 1.961926700000e+00 2.329784450000e-03
1.021230220000e-02 1.965136050000e+00 2.347297730000e-03
1.029336450000e-02 1.968559270000e+00 2.364550480000e-03
1.037441940000e-02 1.971768380000e+00 2.383691490000e-03
1.045548170000e-02 1.974763630000e+00 2.403288150000e-03
1.061759890000e-02 1.977972980000e+00 2.422103660000e-03
1.069865380000e-02 1.980968240000e+00 2.442286120000e-03
1.077971610000e-02 1.983963490000e+00 2.462078120000e-03
1.086077090000e-02 1.987172840000e+00 2.482521110000e-03
1.094183330000e-02 1.990168090000e+00 2.501596930000e-03
1.102288810000e-02 1.993377450000e+00 2.521063200000e-03
1.102288810000e-02 1.996372700000e+00 2.539878480000e-03
1.118501280000e-02 1.999367950000e+00 2.560321470000e-03
1.126606760000e-02 2.001935240000e+00 2.578941640000e-03
1.134712990000e-02 2.005572560000e+00 2.599579980000e-03
1.134712990000e-02 2.008139850000e+00 2.620088170000e-03
1.142818480000e-02 2.011563060000e+00 2.641051770000e-03
1.150924710000e-02 2.014344450000e+00 2.660192780000e-03
1.167136430000e-02 2.017767670000e+00 2.679854400000e-03
1.167136430000e-02 2.020762920000e+00 2.698083870000e-03
1.175241920000e-02 2.023544310000e+00 2.712341960000e-03
1.183348150000e-02 2.026753430000e+00 2.730180510000e-03
1.199559870000e-02 2.029748920000e+00 2.748540370000e-03
1.199559870000e-02 2.032530070000e+00 2.767029920000e-03
1.215771590000e-02 2.035953280000e+00 2.784413290000e-03
1.215771590000e-02 2.038734670000e+00 2.802121920000e-03
1.231983300000e-02 2.041516070000e+00 2.821002160000e-03
1.240088790000e-02 2.044725180000e+00 2.839426740000e-03
1.248195020000e-02 2.047720670000e+00 2.857656450000e-03
1.256300510000e-02 2.050501820000e+00 2.873672170000e-03
1.272512230000e-02 2.053283210000e+00 2.873672170000e-03
1.272512230000e-02 2.056278470000e+00 2.936164850000e-03
1.272512230000e-02 2.059273960000e+00 2.945904150000e-03
1.280618460000e-02 2.062055110000e+00 2.960189010000e-03
1.288723950000e-02 2.065050600000e+00 2.979018960000e-03
1.304936410000e-02 2.068259720000e+00 2.995251910000e-03
1.304936410000e-02 2.071254970000e+00 3.015380120000e-03
1.313041900000e-02 2.074036360000e+00 3.030963710000e-03
1.321148130000e-02 2.077031610000e+00 3.050443020000e-03
1.337359850000e-02 2.079813000000e+00 3.067974230000e-03
1.337359850000e-02 2.083022360000e+00 3.087452850000e-03
1.353571560000e-02 2.085589650000e+00 3.103685800000e-03
1.361677050000e-02 2.088584900000e+00 3.117970660000e-03
1.361677050000e-02 2.091366290000e+00 3.134203610000e-03
1.369783280000e-02 2.094361540000e+00 3.151085230000e-03
1.377888770000e-02 2.096929070000e+00 3.169915410000e-03
1.394100490000e-02 2.099924330000e+00 3.191991710000e-03
1.394100490000e-02 2.102919580000e+00 3.208873330000e-03
1.410312210000e-02 2.106128930000e+00 3.220561190000e-03
1.418418440000e-02 2.108696220000e+00 3.230949860000e-03
1.418418440000e-02 2.111691470000e+00 3.252376800000e-03
1.426523920000e-02 2.114259000000e+00 3.264714030000e-03
1.434630160000e-02 2.117468120000e+00 3.284842240000e-03
1.450841870000e-02 2.120035650000e+00 3.293932880000e-03
1.458947360000e-02 2.123244760000e+00 3.314060860000e-03
1.458947360000e-02 2.125812290000e+00 3.332891040000e-03
1.475159080000e-02 2.128807540000e+00 3.353668610000e-03
1.475159080000e-02 2.131374840000e+00 3.366655200000e-03
1.483265310000e-02 2.134370330000e+00 3.385485150000e-03
1.499477030000e-02 2.136937620000e+00 3.401067810000e-03
1.499477030000e-02 2.139932870000e+00 3.414054400000e-03
1.515688750000e-02 2.142714260000e+00 3.427689660000e-03
1.515688750000e-02 2.145495650000e+00 3.438727930000e-03
1.531900470000e-02 2.148490910000e+00 3.453662150000e-03
1.540006700000e-02 2.151272300000e+00 3.467297180000e-03
1.548112180000e-02 2.153839590000e+00 3.482880770000e-03
1.556218420000e-02 2.156620980000e+00 3.498464360000e-03
1.556218420000e-02 2.159616230000e+00 3.515995570000e-03
1.572430130000e-02 2.162183760000e+00 3.534825520000e-03
1.572430130000e-02 2.164751050000e+00 3.547161820000e-03
1.588641850000e-02 2.167746310000e+00 3.562096040000e-03
1.596747340000e-02 2.170527700000e+00 3.575082640000e-03
1.604853570000e-02 2.173309090000e+00 3.592613620000e-03
1.604853570000e-02 2.175876620000e+00 3.604300550000e-03
1.612959060000e-02 2.178443910000e+00 3.612741830000e-03
1.629170780000e-02 2.181439160000e+00 3.628974780000e-03
1.629170780000e-02 2.184006690000e+00 3.641960680000e-03
1.637277010000e-02 2.186146020000e+00 3.652998940000e-03
1.653488730000e-02 2.189141270000e+00 3.671828890000e-03
1.661594210000e-02 2.192136760000e+00 3.689360110000e-03
1.669700440000e-02 2.194704060000e+00 3.699748780000e-03
1.669700440000e-02 2.197485450000e+00 3.712735370000e-03
1.685912160000e-02 2.200052740000e+00 3.725721040000e-03
1.694017650000e-02 2.203048230000e+00 3.743901620000e-03
1.702123880000e-02 2.205401660000e+00 3.760134800000e-03
1.710230110000e-02 2.208182810000e+00 3.770523470000e-03
1.710230110000e-02 2.210964200000e+00 3.779613410000e-03
1.726441830000e-02 2.213745590000e+00 3.790002080000e-03
1.726441830000e-02 2.216313120000e+00 3.804936310000e-03
1.734547320000e-02 2.218880410000e+00 3.814676310000e-03
1.742653550000e-02 2.221661810000e+00 3.830259200000e-03
1.750759040000e-02 2.224015240000e+00 3.838051110000e-03
1.766970750000e-02 2.227010490000e+00 3.849089150000e-03
1.775076990000e-02 2.228935960000e+00 3.863374000000e-03
1.775076990000e-02 2.232145310000e+00 3.876360370000e-03
1.791288700000e-02 2.234712600000e+00 3.891294590000e-03
1.799394190000e-02 2.237493990000e+00 3.900384530000e-03
1.791288700000e-02 2.240061520000e+00 3.915967890000e-03
1.815605910000e-02 2.242842670000e+00 3.927655520000e-03
1.823712140000e-02 2.245196340000e+00 3.938044420000e-03
1.831817630000e-02 2.247763630000e+00 3.948433320000e-03
1.831817630000e-02 2.250330920000e+00 3.956874370000e-03
1.848029350000e-02 2.253112320000e+00 3.968561530000e-03
1.856135580000e-02 2.255679850000e+00 3.980249170000e-03
1.864241060000e-02 2.258247140000e+00 3.991936800000e-03
1.864241060000e-02 2.260600570000e+00 4.004274030000e-03
1.872347300000e-02 2.263168100000e+00 4.018558650000e-03
1.888559010000e-02 2.266163350000e+00 4.026350570000e-03
1.888559010000e-02 2.268516780000e+00 4.036089870000e-03
1.888559010000e-02 2.271084070000e+00 4.045179580000e-03
1.912876960000e-02 2.273651600000e+00 4.052321890000e-03
1.912876960000e-02 2.276005030000e+00 4.065308720000e-03
1.920982450000e-02 2.276218890000e+00 4.061412530000e-03
1.920982450000e-02 2.278786420000e+00 4.073749760000e-03
1.929088680000e-02 2.281353710000e+00 4.084138670000e-03
1.945300400000e-02 2.283921240000e+00 4.097773690000e-03
1.953405890000e-02 2.286274670000e+00 4.104916010000e-03
