#  J [A] 	 V 	 L [w] 
7.995963100000e-05 7.212162020000e-06 -1.226713620000e-09
7.995963100000e-05 7.212162020000e-06 -1.097632210000e-09
7.995963100000e-05 2.211630340000e-04 -1.033068410000e-09
1.610219480000e-04 2.211630340000e-04 -9.685044990000e-10
1.610219480000e-04 7.212162020000e-06 -1.097632210000e-09
1.610219480000e-04 7.212162020000e-06 -1.162196120000e-09
1.610219480000e-04 7.212162020000e-06 -1.291277420000e-09
7.995963100000e-05 2.211630340000e-04 -1.162196120000e-09
1.610219480000e-04 5.761740210000e-01 -9.039406450000e-10
3.231391310000e-04 1.367788200000e+00 2.356310350000e-07
3.231391310000e-04 1.371853230000e+00 2.582258390000e-07
3.231391310000e-04 1.395815610000e+00 4.530573110000e-07
4.041939970000e-04 1.414215330000e+00 6.669976070000e-07
4.852563140000e-04 1.428336020000e+00 8.764188810000e-07
6.473734970000e-04 1.441172960000e+00 1.103657720000e-06
6.473734970000e-04 1.452298400000e+00 1.335286360000e-06
8.094906810000e-04 1.462567930000e+00 1.575630110000e-06
8.094906810000e-04 1.471125960000e+00 1.799964140000e-06
9.716078640000e-04 1.480753660000e+00 2.073877110000e-06
1.052662730000e-03 1.488883730000e+00 2.344562520000e-06
1.052662730000e-03 1.497441770000e+00 2.629643860000e-06
1.133725050000e-03 1.504502060000e+00 2.629643860000e-06
1.214787360000e-03 1.512204290000e+00 3.268643010000e-06
1.376904550000e-03 1.519264580000e+00 3.574591350000e-06
1.457959410000e-03 1.526538970000e+00 3.933154860000e-06
1.457959410000e-03 1.532957430000e+00 4.302110480000e-06
1.539021730000e-03 1.539803860000e+00 4.756161160000e-06
1.620076600000e-03 1.546222330000e+00 5.247236460000e-06
1.782193780000e-03 1.552426820000e+00 5.834448980000e-06
1.863256100000e-03 1.558203460000e+00 6.524942360000e-06
1.863256100000e-03 1.564194080000e+00 7.523333350000e-06
2.025373280000e-03 1.569756750000e+00 9.028391100000e-06
2.106428150000e-03 1.575319410000e+00 1.257699750000e-05
2.106428150000e-03 1.579598430000e+00 2.456288350000e-05
2.268545330000e-03 1.584305410000e+00 2.456288350000e-05
2.349607650000e-03 1.588370440000e+00 6.872609810000e-05
2.349607650000e-03 1.592649460000e+00 9.163913640000e-05
2.511724830000e-03 1.596500520000e+00 1.129479930000e-04
2.592779700000e-03 1.600779530000e+00 1.356467110000e-04
2.673842010000e-03 1.604630590000e+00 1.582155240000e-04
2.754896880000e-03 1.608909610000e+00 1.811545230000e-04
2.754896880000e-03 1.612546680000e+00 2.028465820000e-04
2.835959200000e-03 1.616825700000e+00 2.263051430000e-04
2.917014060000e-03 1.620676880000e+00 2.489584150000e-04
2.998076380000e-03 1.624741910000e+00 2.715272420000e-04
3.160193560000e-03 1.628378990000e+00 2.715272420000e-04
3.241255880000e-03 1.632230160000e+00 3.171917340000e-04
3.322310750000e-03 1.636295200000e+00 3.369186310000e-04
3.403373060000e-03 1.640360240000e+00 3.584683580000e-04
3.403373060000e-03 1.643783450000e+00 3.791718050000e-04
3.484427930000e-03 1.647634510000e+00 4.024143270000e-04
3.565490250000e-03 1.651699540000e+00 4.241594290000e-04
3.727607430000e-03 1.655550600000e+00 4.464253430000e-04
3.727607430000e-03 1.658973810000e+00 4.677147080000e-04
3.808662300000e-03 1.662824990000e+00 4.899154880000e-04
3.889724610000e-03 1.666676040000e+00 5.114652450000e-04
4.051841800000e-03 1.670099260000e+00 5.332754230000e-04
4.132896660000e-03 1.673950310000e+00 5.531975770000e-04
4.213958980000e-03 1.678015350000e+00 5.758542100000e-04
4.213958980000e-03 1.681438570000e+00 5.974690430000e-04
4.376076160000e-03 1.685503600000e+00 6.190188580000e-04
4.457131030000e-03 1.688926820000e+00 6.388758770000e-04
4.538193350000e-03 1.692563890000e+00 6.610766870000e-04
4.619248210000e-03 1.696415070000e+00 6.826265020000e-04
4.700310530000e-03 1.700052140000e+00 7.037856850000e-04
4.781365390000e-03 1.703261490000e+00 7.231218620000e-04
4.862427710000e-03 1.706898570000e+00 7.453878060000e-04
4.943482580000e-03 1.710749630000e+00 7.663515860000e-04
5.024544890000e-03 1.714386820000e+00 7.875758460000e-04
5.024544890000e-03 1.717809920000e+00 8.070422920000e-04
5.186662080000e-03 1.721447230000e+00 8.274200950000e-04
5.267724390000e-03 1.724870440000e+00 8.482537230000e-04
5.348779260000e-03 1.728293660000e+00 8.679805320000e-04
5.429841580000e-03 1.731716870000e+00 8.860147210000e-04
5.510896440000e-03 1.735567810000e+00 9.069133670000e-04
5.510896440000e-03 1.738991020000e+00 9.255334730000e-04
5.673013630000e-03 1.742200370000e+00 9.469530780000e-04
5.754075940000e-03 1.745837450000e+00 9.680470100000e-04
5.754075940000e-03 1.749474530000e+00 9.910942750000e-04
5.916193130000e-03 1.752683880000e+00 1.011472200000e-03
5.916193130000e-03 1.756320950000e+00 1.031524500000e-03
5.997247990000e-03 1.759530310000e+00 1.048907520000e-03
6.078310310000e-03 1.763167380000e+00 1.069610940000e-03
6.240427490000e-03 1.766590600000e+00 1.089793630000e-03
6.240427490000e-03 1.770013810000e+00 1.110366780000e-03
6.321482360000e-03 1.773437020000e+00 1.130354130000e-03
6.483599540000e-03 1.776646140000e+00 1.150666850000e-03
6.564661860000e-03 1.780283450000e+00 1.170393660000e-03
6.564661860000e-03 1.783706670000e+00 1.190836540000e-03
6.726779040000e-03 1.786915780000e+00 1.209782200000e-03
6.807833910000e-03 1.790552850000e+00 1.229509010000e-03
6.888896230000e-03 1.793976070000e+00 1.248454560000e-03
6.888896230000e-03 1.796971560000e+00 1.267921060000e-03
6.969951090000e-03 1.800394540000e+00 1.287061950000e-03
7.132075730000e-03 1.804031850000e+00 1.307049180000e-03
7.213130590000e-03 1.807027100000e+00 1.325864580000e-03
7.213130590000e-03 1.810450320000e+00 1.344614780000e-03
7.375247780000e-03 1.813659430000e+00 1.362193260000e-03
7.456310090000e-03 1.817082640000e+00 1.383091910000e-03
7.456310090000e-03 1.820505860000e+00 1.402818710000e-03
7.618427280000e-03 1.823715210000e+00 1.422610720000e-03
7.618427280000e-03 1.827138420000e+00 1.441881760000e-03
7.699482140000e-03 1.830561640000e+00 1.462455020000e-03
7.780544460000e-03 1.833556890000e+00 1.481921300000e-03
7.861599330000e-03 1.836980100000e+00 1.501257650000e-03
8.023716510000e-03 1.840189220000e+00 1.519552080000e-03
8.104778830000e-03 1.843398570000e+00 1.538562700000e-03
8.185833690000e-03 1.846821780000e+00 1.556792060000e-03
8.185833690000e-03 1.849817040000e+00 1.575607460000e-03
8.347950880000e-03 1.853026390000e+00 1.593316210000e-03
8.429013190000e-03 1.856449370000e+00 1.611610640000e-03
8.510068060000e-03 1.859658720000e+00 1.629905080000e-03
8.591130380000e-03 1.862868070000e+00 1.646832330000e-03
8.672185240000e-03 1.865649220000e+00 1.662653060000e-03
8.753247560000e-03 1.869072440000e+00 1.682314790000e-03
8.753247560000e-03 1.872281790000e+00 1.702367100000e-03
8.915364740000e-03 1.875705000000e+00 1.722028830000e-03
8.996419610000e-03 1.878486390000e+00 1.739997770000e-03
9.077481930000e-03 1.882123470000e+00 1.757706280000e-03
9.158544240000e-03 1.885118720000e+00 1.774373350000e-03
9.158544240000e-03 1.888328080000e+00 1.791691170000e-03
9.320661430000e-03 1.891323330000e+00 1.808488280000e-03
9.401716290000e-03 1.894746540000e+00 1.827173400000e-03
9.482778610000e-03 1.898169760000e+00 1.845337800000e-03
9.563833480000e-03 1.900951150000e+00 1.863892770000e-03
9.644895790000e-03 1.903946400000e+00 1.881405940000e-03
9.725950660000e-03 1.907369610000e+00 1.899895840000e-03
9.807012980000e-03 1.910364870000e+00 1.916367440000e-03
9.807012980000e-03 1.910364870000e+00 1.916562670000e-03
9.807012980000e-03 1.913360120000e+00 1.932057670000e-03
9.969130160000e-03 1.916569470000e+00 1.948594460000e-03
1.005018500000e-02 1.919992450000e+00 1.966498330000e-03
1.013124730000e-02 1.922559980000e+00 1.984011610000e-03
1.013124730000e-02 1.925983190000e+00 2.001720250000e-03
1.021230220000e-02 1.929192300000e+00 2.018061470000e-03
1.029336450000e-02 1.931973700000e+00 2.036356130000e-03
1.045548170000e-02 1.935183050000e+00 2.054780720000e-03
1.053653660000e-02 1.938392160000e+00 2.074377380000e-03
1.061759890000e-02 1.940959690000e+00 2.090914170000e-03
1.069865380000e-02 1.944168810000e+00 2.108101970000e-03
1.077971610000e-02 1.946950200000e+00 2.123596850000e-03
1.077971610000e-02 1.950373410000e+00 2.138310580000e-03
1.094183330000e-02 1.953154800000e+00 2.151982630000e-03
1.094183330000e-02 1.956363920000e+00 2.169430720000e-03
1.118501280000e-02 1.960215090000e+00 2.185772170000e-03
1.110395040000e-02 1.961926700000e+00 2.202699430000e-03
1.118501280000e-02 1.964921950000e+00 2.216957510000e-03
1.126606760000e-02 1.969201090000e+00 2.233819570000e-03
1.142818480000e-02 1.971554520000e+00 2.249510030000e-03
1.142818480000e-02 1.973693850000e+00 2.266176980000e-03
1.159030200000e-02 1.977545020000e+00 2.281606900000e-03
1.167136430000e-02 1.980326410000e+00 2.298143460000e-03
1.167136430000e-02 1.983535770000e+00 2.314419720000e-03
1.175241920000e-02 1.986531020000e+00 2.330305520000e-03
1.183348150000e-02 1.989526270000e+00 2.345735210000e-03
1.191453640000e-02 1.992521520000e+00 2.363183540000e-03
1.215771590000e-02 1.995516780000e+00 2.379394600000e-03
1.215771590000e-02 1.998726130000e+00 2.395540710000e-03
1.223877070000e-02 2.001293420000e+00 2.410189250000e-03
1.231983300000e-02 2.004716630000e+00 2.425944670000e-03
1.240088790000e-02 2.007284160000e+00 2.440658400000e-03
1.248195020000e-02 2.010279420000e+00 2.455176790000e-03
1.248195020000e-02 2.013274670000e+00 2.469304720000e-03
1.256300510000e-02 2.016056060000e+00 2.487078310000e-03
1.264406740000e-02 2.019051310000e+00 2.503940600000e-03
1.280618460000e-02 2.022046570000e+00 2.518328840000e-03
1.288723950000e-02 2.025041820000e+00 2.531480040000e-03
1.288723950000e-02 2.027823210000e+00 2.545477590000e-03
1.304936410000e-02 2.030818460000e+00 2.560191320000e-03
1.313041900000e-02 2.033813950000e+00 2.574774900000e-03
1.313041900000e-02 2.036381240000e+00 2.586623890000e-03
1.329253610000e-02 2.039162640000e+00 2.599905480000e-03
1.329253610000e-02 2.042157890000e+00 2.613447370000e-03
1.337359850000e-02 2.045367240000e+00 2.625882390000e-03
1.345465330000e-02 2.048148390000e+00 2.640075280000e-03
1.361677050000e-02 2.050501820000e+00 2.654919170000e-03
1.361677050000e-02 2.053711180000e+00 2.669112290000e-03
1.369783280000e-02 2.056920530000e+00 2.681481880000e-03
1.377888770000e-02 2.059487820000e+00 2.693396290000e-03
1.394100490000e-02 2.062483070000e+00 2.704268790000e-03
1.402206720000e-02 2.065264460000e+00 2.718201370000e-03
1.410312210000e-02 2.068045850000e+00 2.733175410000e-03
1.410312210000e-02 2.070827250000e+00 2.746847460000e-03
1.418418440000e-02 2.074036360000e+00 2.759022170000e-03
1.434630160000e-02 2.076389790000e+00 2.769308630000e-03
1.442735640000e-02 2.079599140000e+00 2.783176260000e-03
1.450841870000e-02 2.082166430000e+00 2.796783110000e-03
1.458947360000e-02 2.085161690000e+00 2.810259580000e-03
1.467053590000e-02 2.087943080000e+00 2.824192170000e-03
1.467053590000e-02 2.090938330000e+00 2.837213450000e-03
1.483265310000e-02 2.093292000000e+00 2.850364660000e-03
1.483265310000e-02 2.096501110000e+00 2.862539380000e-03
1.499477030000e-02 2.099282500000e+00 2.873867280000e-03
1.499477030000e-02 2.101849790000e+00 2.873867280000e-03
1.507583260000e-02 2.104417320000e+00 2.925776180000e-03
1.523794980000e-02 2.107412580000e+00 2.926425540000e-03
1.531900470000e-02 2.110407830000e+00 2.936814450000e-03
1.540006700000e-02 2.113189220000e+00 2.945904150000e-03
1.548112180000e-02 2.115970610000e+00 2.956942420000e-03
1.556218420000e-02 2.118752000000e+00 2.967331330000e-03
1.564323900000e-02 2.121533160000e+00 2.977071330000e-03
1.564323900000e-02 2.123886820000e+00 2.987460230000e-03
1.572430130000e-02 2.126240250000e+00 3.000445900000e-03
1.588641850000e-02 2.129663470000e+00 3.010186130000e-03
1.596747340000e-02 2.132230760000e+00 3.020574800000e-03
1.604853570000e-02 2.135226010000e+00 3.030314110000e-03
1.604853570000e-02 2.137793540000e+00 3.040053650000e-03
1.621065290000e-02 2.140574690000e+00 3.049144290000e-03
1.621065290000e-02 2.142928120000e+00 3.058234000000e-03
1.637277010000e-02 2.145495650000e+00 3.067324870000e-03
1.637277010000e-02 2.148062940000e+00 3.075765910000e-03
1.645382490000e-02 2.151058440000e+00 3.088102440000e-03
1.653488730000e-02 2.153625730000e+00 3.096543490000e-03
1.661594210000e-02 2.156407120000e+00 3.107581750000e-03
1.669700440000e-02 2.158974410000e+00 3.117970660000e-03
1.677805930000e-02 2.161755800000e+00 3.129008920000e-03
1.694017650000e-02 2.164537190000e+00 3.136800600000e-03
1.694017650000e-02 2.167104480000e+00 3.145241880000e-03
1.702123880000e-02 2.169457910000e+00 3.153032860000e-03
1.718335600000e-02 2.172239300000e+00 3.158227540000e-03
1.726441830000e-02 2.175020690000e+00 3.166668820000e-03
1.726441830000e-02 2.177587990000e+00 3.175758760000e-03
1.742653550000e-02 2.180155520000e+00 3.182901070000e-03
1.750759040000e-02 2.182936910000e+00 3.190692980000e-03
1.758865270000e-02 2.185718300000e+00 3.199783620000e-03
1.766970750000e-02 2.188285590000e+00 3.208873330000e-03
1.766970750000e-02 2.190425160000e+00 3.216015870000e-03
1.783182470000e-02 2.193420410000e+00 3.223158190000e-03
1.791288700000e-02 2.196201800000e+00 3.229650900000e-03
1.799394190000e-02 2.198555230000e+00 3.238092180000e-03
1.799394190000e-02 2.201122520000e+00 3.245884090000e-03
1.815605910000e-02 2.203475950000e+00 3.252376800000e-03
1.823712140000e-02 2.206471200000e+00 3.255623390000e-03
1.831817630000e-02 2.209038730000e+00 3.264064670000e-03
1.831817630000e-02 2.211606030000e+00 3.266012060000e-03
1.848029350000e-02 2.213959460000e+00 3.273154380000e-03
1.856135580000e-02 2.216313120000e+00 3.278998660000e-03
1.856135580000e-02 2.219308380000e+00 3.285491610000e-03
1.864241060000e-02 2.221661810000e+00 3.289387560000e-03
1.872347300000e-02 2.224015240000e+00 3.299776230000e-03
1.888559010000e-02 2.226582530000e+00 3.304971150000e-03
1.896665250000e-02 2.229363920000e+00 3.310814500000e-03
1.896665250000e-02 2.231717350000e+00 3.315359820000e-03
1.904770730000e-02 2.234498740000e+00 3.321852770000e-03
1.920982450000e-02 2.236852170000e+00 3.325748720000e-03
1.912876960000e-02 2.236852170000e+00 3.328345720000e-03
1.920982450000e-02 2.239633560000e+00 3.333540400000e-03
1.929088680000e-02 2.241986990000e+00 3.336786760000e-03
1.945300400000e-02 2.244554280000e+00 3.340033350000e-03
1.953405890000e-02 2.247335670000e+00 3.343279710000e-03
