#  J [A] 	 V 	 L [w] 
-8.658319710000e-05 1.343458890000e-03 -2.132934270000e-09
-8.658319710000e-05 1.343458890000e-03 -2.225670540000e-09
-8.658319710000e-05 1.343458890000e-03 -2.132934270000e-09
-8.658319710000e-05 1.343458890000e-03 -2.132934270000e-09
-8.658319710000e-05 1.343458890000e-03 -2.132934270000e-09
-8.658319710000e-05 1.557439570000e-03 -2.225670540000e-09
-8.658319710000e-05 1.343458890000e-03 -2.040198010000e-09
-8.658319710000e-05 1.557439570000e-03 -2.411076450000e-09
-5.483627320000e-06 1.557439570000e-03 -2.040198010000e-09
-8.658319710000e-05 1.343458890000e-03 -2.318340190000e-09
-8.658319710000e-05 1.557439570000e-03 -2.411076450000e-09
-8.658319710000e-05 1.557439570000e-03 -2.318340190000e-09
-5.483627320000e-06 1.070553060000e-01 -2.596548980000e-09
-5.483627320000e-06 8.299191590000e-01 -2.132934270000e-09
1.567304130000e-04 1.679893970000e+00 7.139626670000e-09
1.567304130000e-04 1.733819720000e+00 1.381590490000e-08
2.378374340000e-04 1.762494560000e+00 3.319558670000e-08
2.378374340000e-04 1.780469890000e+00 5.693333800000e-08
1.567304130000e-04 1.780897860000e+00 5.748968950000e-08
3.189444540000e-04 1.792453530000e+00 8.326744450000e-08
4.000514750000e-04 1.803153040000e+00 1.130323850000e-07
4.000514750000e-04 1.803581000000e+00 1.134960000000e-07
5.622655150000e-04 1.811926600000e+00 1.470626640000e-07
4.811584950000e-04 1.811926600000e+00 1.465990490000e-07
5.622655150000e-04 1.818774460000e+00 1.818348350000e-07
6.433725360000e-04 1.825408220000e+00 2.192960270000e-07
6.433725360000e-04 1.825194120000e+00 2.197596420000e-07
7.244795560000e-04 1.829688070000e+00 2.524918160000e-07
7.244795560000e-04 1.830116030000e+00 2.541608520000e-07
8.055865760000e-04 1.835251810000e+00 2.982055210000e-07
8.866861460000e-04 1.839959620000e+00 3.408593440000e-07
9.677931670000e-04 1.839959620000e+00 3.416938910000e-07
9.677931670000e-04 1.844239470000e+00 3.868512690000e-07
1.048900190000e-03 1.848091360000e+00 4.321941840000e-07
1.048900190000e-03 1.848305230000e+00 4.324723190000e-07
1.130007210000e-03 1.851515050000e+00 4.787424360000e-07
1.130007210000e-03 1.851729150000e+00 4.818024310000e-07
1.211114230000e-03 1.855153080000e+00 5.291852290000e-07
1.211114230000e-03 1.858362910000e+00 5.790716390000e-07
1.292221250000e-03 1.858148810000e+00 5.796280790000e-07
1.373328270000e-03 1.860930680000e+00 6.277526270000e-07
1.454435290000e-03 1.864140750000e+00 6.815335500000e-07
1.454435290000e-03 1.863926650000e+00 6.832953550000e-07
1.535542310000e-03 1.866494660000e+00 7.326253240000e-07
1.535542310000e-03 1.866708520000e+00 7.356852620000e-07
1.616649330000e-03 1.869276520000e+00 7.901152800000e-07
1.616649330000e-03 1.871416330000e+00 8.416707830000e-07
1.697756350000e-03 1.871630430000e+00 8.424125330000e-07
1.778855920000e-03 1.874198200000e+00 8.987897790000e-07
1.778855920000e-03 1.874198200000e+00 9.003661030000e-07
1.859962940000e-03 1.876338240000e+00 9.537760660000e-07
1.941069960000e-03 1.878478050000e+00 1.007742410000e-06
1.941069960000e-03 1.878478050000e+00 1.012286020000e-06
2.022176980000e-03 1.880404000000e+00 1.064768750000e-06
2.103284000000e-03 1.882544040000e+00 1.125504010000e-06
2.022176980000e-03 1.882544040000e+00 1.126338700000e-06
2.184391020000e-03 1.884683850000e+00 1.184663230000e-06
2.184391020000e-03 1.884469990000e+00 1.186610120000e-06
2.184391020000e-03 1.886609790000e+00 1.245490920000e-06
2.346605060000e-03 1.888321640000e+00 1.300662800000e-06
2.346605060000e-03 1.888321640000e+00 1.305020870000e-06
2.427712080000e-03 1.890247580000e+00 1.367703700000e-06
2.427712080000e-03 1.890461680000e+00 1.368630930000e-06
2.508819100000e-03 1.891959670000e+00 1.424359080000e-06
2.589926120000e-03 1.893671510000e+00 1.489545070000e-06
2.589926120000e-03 1.893671510000e+00 1.491121450000e-06
2.671025690000e-03 1.895383360000e+00 1.548889370000e-06
2.752132710000e-03 1.896881340000e+00 1.610644740000e-06
2.752132710000e-03 1.897095440000e+00 1.615652080000e-06
2.833239730000e-03 1.898807290000e+00 1.678612760000e-06
2.833239730000e-03 1.898379330000e+00 1.678705530000e-06
2.833239730000e-03 1.900091170000e+00 1.739069830000e-06
2.995453770000e-03 1.901803260000e+00 1.802957740000e-06
2.995453770000e-03 1.901375290000e+00 1.804812430000e-06
3.076560800000e-03 1.903087140000e+00 1.869812880000e-06
3.157667820000e-03 1.904371020000e+00 1.929621250000e-06
3.157667820000e-03 1.904585120000e+00 1.934813550000e-06
3.238774840000e-03 1.905869010000e+00 1.999907230000e-06
3.157667820000e-03 1.905869010000e+00 2.000741690000e-06
3.319881860000e-03 1.907581090000e+00 2.058045990000e-06
3.400988880000e-03 1.908864970000e+00 2.131670270000e-06
3.319881860000e-03 1.908650880000e+00 2.134173880000e-06
3.482095900000e-03 1.910148860000e+00 2.199823710000e-06
3.482095900000e-03 1.910148860000e+00 2.201307320000e-06
3.563195470000e-03 1.911860700000e+00 2.269738840000e-06
3.644302490000e-03 1.913144830000e+00 2.336594210000e-06
3.644302490000e-03 1.912930730000e+00 2.336779520000e-06
3.725409510000e-03 1.914214610000e+00 2.402522110000e-06
3.887623550000e-03 1.915712590000e+00 2.475682550000e-06
3.806516530000e-03 1.915712590000e+00 2.477537010000e-06
3.887623550000e-03 1.916782620000e+00 2.544763220000e-06
3.887623550000e-03 1.916996720000e+00 2.546061300000e-06
3.887623550000e-03 1.918066500000e+00 2.611154740000e-06
4.049837590000e-03 1.919350620000e+00 2.685706250000e-06
4.049837590000e-03 1.919350620000e+00 2.685706250000e-06
4.130944610000e-03 1.920848370000e+00 2.750892240000e-06
4.130944610000e-03 1.920634510000e+00 2.756085000000e-06
4.212051630000e-03 1.921704530000e+00 2.826927580000e-06
4.293158650000e-03 1.922774310000e+00 2.893782720000e-06
4.293158650000e-03 1.922988410000e+00 2.895915260000e-06
4.374265670000e-03 1.924272300000e+00 2.966943160000e-06
4.455365240000e-03 1.925342320000e+00 3.038156590000e-06
4.455365240000e-03 1.925342320000e+00 3.038991050000e-06
4.617579280000e-03 1.926412340000e+00 3.105382800000e-06
4.536472260000e-03 1.926412340000e+00 3.110018950000e-06
4.617579280000e-03 1.927482130000e+00 3.176224940000e-06
4.698686300000e-03 1.928766250000e+00 3.249571140000e-06
4.617579280000e-03 1.928552150000e+00 3.252631130000e-06
4.860900340000e-03 1.929622170000e+00 3.324122420000e-06
4.860900340000e-03 1.930691960000e+00 3.400899230000e-06
4.860900340000e-03 1.931120160000e+00 3.400806690000e-06
4.942007360000e-03 1.931976080000e+00 3.467012900000e-06
4.942007360000e-03 1.931976080000e+00 3.470814590000e-06
5.023114380000e-03 1.933045860000e+00 3.545644180000e-06
5.023114380000e-03 1.934115890000e+00 3.617321230000e-06
5.104221400000e-03 1.933902030000e+00 3.619268450000e-06
5.185328420000e-03 1.934757950000e+00 3.691223580000e-06
5.185328420000e-03 1.935185910000e+00 3.693541660000e-06
5.266435440000e-03 1.936255930000e+00 3.760675100000e-06
5.347535010000e-03 1.937111850000e+00 3.834020840000e-06
5.347535010000e-03 1.937325720000e+00 3.839306370000e-06
5.509749050000e-03 1.938181880000e+00 3.914321500000e-06
5.590856080000e-03 1.939251660000e+00 3.987203850000e-06
5.509749050000e-03 1.939251660000e+00 3.989614470000e-06
5.509749050000e-03 1.940107820000e+00 4.058973450000e-06
5.590856080000e-03 1.940107820000e+00 4.060364520000e-06
5.671963100000e-03 1.940963750000e+00 4.060364520000e-06
5.834177140000e-03 1.942247630000e+00 4.381421600000e-06
5.753070120000e-03 1.942247630000e+00 4.254532090000e-06
5.834177140000e-03 1.943103550000e+00 4.303981310000e-06
5.834177140000e-03 1.943317650000e+00 4.297451140000e-06
5.834177140000e-03 1.944173570000e+00 4.359029390000e-06
5.996391180000e-03 1.945029500000e+00 4.443000310000e-06
5.915284160000e-03 1.944815640000e+00 4.441134480000e-06
6.077498200000e-03 1.945885420000e+00 4.518573860000e-06
6.077498200000e-03 1.946741340000e+00 4.595080550000e-06
6.158605220000e-03 1.946741340000e+00 4.596947290000e-06
6.239704790000e-03 1.947811370000e+00 4.668788730000e-06
6.239704790000e-03 1.948025470000e+00 4.664123940000e-06
6.320811810000e-03 1.948667290000e+00 4.743430050000e-06
6.401918830000e-03 1.949523450000e+00 4.823669310000e-06
6.401918830000e-03 1.949737310000e+00 4.822735720000e-06
6.483025850000e-03 1.950379370000e+00 4.901108700000e-06
6.564132870000e-03 1.951235290000e+00 4.972017450000e-06
6.564132870000e-03 1.951021190000e+00 4.973883280000e-06
6.645239890000e-03 1.952091220000e+00 5.057854650000e-06
6.564132870000e-03 1.952305320000e+00 5.053188940000e-06
6.726346910000e-03 1.953161240000e+00 5.129696090000e-06
6.807453930000e-03 1.954231260000e+00 5.212734320000e-06
6.807453930000e-03 1.954017160000e+00 5.210868950000e-06
6.807453930000e-03 1.955087180000e+00 5.288307880000e-06
6.807453930000e-03 1.954659220000e+00 5.289241470000e-06
6.969667970000e-03 1.955729010000e+00 5.367613990000e-06
7.050774990000e-03 1.956799030000e+00 5.445054280000e-06
7.050774990000e-03 1.956799030000e+00 5.446920110000e-06
7.131874560000e-03 1.957654950000e+00 5.520627840000e-06
7.212981580000e-03 1.958297010000e+00 5.598068130000e-06
7.212981580000e-03 1.958510880000e+00 5.599933960000e-06
7.294088600000e-03 1.959152940000e+00 5.682039050000e-06
7.294088600000e-03 1.959152940000e+00 5.684838020000e-06
7.456302640000e-03 1.960008860000e+00 5.758545740000e-06
7.456302640000e-03 1.960864780000e+00 5.843449800000e-06
7.456302640000e-03 1.960864780000e+00 5.839717690000e-06
7.456302640000e-03 1.961506840000e+00 5.914359010000e-06
7.537409660000e-03 1.961506840000e+00 5.921822320000e-06
7.618516680000e-03 1.962576870000e+00 6.001128440000e-06
7.699623700000e-03 1.963432790000e+00 6.079502330000e-06
7.699623700000e-03 1.963218690000e+00 6.081367700000e-06
7.699623700000e-03 1.964288710000e+00 6.160673820000e-06
7.861837740000e-03 1.965144630000e+00 6.237180970000e-06
7.861837740000e-03 1.964716670000e+00 6.237180970000e-06
7.942944770000e-03 1.965786700000e+00 6.320218290000e-06
7.861837740000e-03 1.966000800000e+00 6.324884000000e-06
7.942944770000e-03 1.966642620000e+00 6.400457550000e-06
8.105151360000e-03 1.967284680000e+00 6.482562640000e-06
8.024044330000e-03 1.967284680000e+00 6.481629040000e-06
8.186258380000e-03 1.968140600000e+00 6.556270360000e-06
8.267365400000e-03 1.968996520000e+00 6.643973390000e-06
8.267365400000e-03 1.968996520000e+00 6.644906990000e-06
8.267365400000e-03 1.969638590000e+00 6.718614710000e-06
8.267365400000e-03 1.969638590000e+00 6.723279510000e-06
8.429579440000e-03 1.970280650000e+00 6.803518770000e-06
8.429579440000e-03 1.971136570000e+00 6.878159180000e-06
8.510686460000e-03 1.971350430000e+00 6.880958150000e-06
8.591793480000e-03 1.971778390000e+00 6.965862210000e-06
8.591793480000e-03 1.972206350000e+00 6.964928620000e-06
8.591793480000e-03 1.972634550000e+00 7.051699410000e-06
8.754007520000e-03 1.973490480000e+00 7.130071940000e-06
8.754007520000e-03 1.973704340000e+00 7.132870910000e-06
8.835114540000e-03 1.974132300000e+00 7.214042850000e-06
8.916214110000e-03 1.974988460000e+00 7.300813650000e-06
8.916214110000e-03 1.975202320000e+00 7.301745880000e-06
8.997321130000e-03 1.975844380000e+00 7.383850520000e-06
8.916214110000e-03 1.976058240000e+00 7.387583080000e-06
9.078428150000e-03 1.976700310000e+00 7.470621310000e-06
9.159535170000e-03 1.977342370000e+00 7.546194870000e-06
9.078428150000e-03 1.977342370000e+00 7.547128460000e-06
9.240642190000e-03 1.978198290000e+00 7.635763720000e-06
9.240642190000e-03 1.978198290000e+00 7.636696860000e-06
9.240642190000e-03 1.978840110000e+00 7.715069840000e-06
9.321749210000e-03 1.979696270000e+00 7.803706470000e-06
9.402856230000e-03 1.979482170000e+00 7.802772420000e-06
9.483963250000e-03 1.980552200000e+00 7.889543670000e-06
9.565070270000e-03 1.980980160000e+00 7.969782020000e-06
9.483963250000e-03 1.980980160000e+00 7.974447730000e-06
9.646177290000e-03 1.981621980000e+00 8.055619220000e-06
9.646177290000e-03 1.981836080000e+00 8.055619220000e-06
9.727284310000e-03 1.982478140000e+00 8.136790710000e-06
9.808383880000e-03 1.983119960000e+00 8.218896260000e-06
9.808383880000e-03 1.983334060000e+00 8.220761630000e-06
9.889490900000e-03 1.983975890000e+00 8.311263630000e-06
9.889490900000e-03 1.983762030000e+00 8.309398250000e-06
9.970597920000e-03 1.984617950000e+00 8.396167690000e-06
1.005170490000e-02 1.985260010000e+00 8.486669690000e-06
1.005170490000e-02 1.985260010000e+00 8.486669690000e-06
1.005170490000e-02 1.986115930000e+00 8.565043570000e-06
1.021391900000e-02 1.986757990000e+00 8.655545570000e-06
1.021391900000e-02 1.986971860000e+00 8.657410940000e-06
1.029502600000e-02 1.987399820000e+00 8.739516490000e-06
1.021391900000e-02 1.987613920000e+00 8.739516490000e-06
1.037613300000e-02 1.988041880000e+00 8.828152200000e-06
1.045724000000e-02 1.988897800000e+00 8.906525180000e-06
1.045724000000e-02 1.988897800000e+00 8.908390560000e-06
1.045724000000e-02 1.989325760000e+00 8.998892550000e-06
1.061945410000e-02 1.990395780000e+00 9.083797520000e-06
1.061945410000e-02 1.990395780000e+00 9.086596040000e-06
1.070055370000e-02 1.991037610000e+00 9.170566950000e-06
1.070055370000e-02 1.991037610000e+00 9.174298610000e-06
1.070055370000e-02 1.991679670000e+00 9.257336390000e-06
1.086276770000e-02 1.992749690000e+00 9.345973010000e-06
1.086276770000e-02 1.992107630000e+00 9.347840210000e-06
1.094387470000e-02 1.993177650000e+00 9.431810210000e-06
1.086276770000e-02 1.993177650000e+00 9.429943930000e-06
1.102498170000e-02 1.993605610000e+00 9.517648320000e-06
1.102498170000e-02 1.994461540000e+00 9.594154110000e-06
1.102498170000e-02 1.994461540000e+00 9.597884850000e-06
1.118719580000e-02 1.995103600000e+00 9.687456440000e-06
1.126830280000e-02 1.995745420000e+00 9.775158110000e-06
1.134940980000e-02 1.995745420000e+00 9.779823810000e-06
1.134940980000e-02 1.996601580000e+00 9.865661010000e-06
1.134940980000e-02 1.996601580000e+00 9.868460440000e-06
1.134940980000e-02 1.997029540000e+00 9.955229870000e-06
1.151162390000e-02 1.997885470000e+00 1.004293150000e-05
1.151162390000e-02 1.997885470000e+00 1.004479870000e-05
1.151162390000e-02 1.998527530000e+00 1.012876960000e-05
1.151162390000e-02 1.998313430000e+00 1.013343540000e-05
1.167383040000e-02 1.999169350000e+00 1.022487050000e-05
1.175493750000e-02 1.999597310000e+00 1.030324350000e-05
1.175493750000e-02 1.999597310000e+00 1.030790650000e-05
1.183604450000e-02 2.000453230000e+00 1.039747710000e-05
1.191715150000e-02 2.001095290000e+00 1.048797820000e-05
1.183604450000e-02 2.000881430000e+00 1.048704600000e-05
1.199825850000e-02 2.001737360000e+00 1.057661480000e-05
1.199825850000e-02 2.001737360000e+00 1.058034650000e-05
1.207936560000e-02 2.002379180000e+00 1.066338430000e-05
1.216047260000e-02 2.003021240000e+00 1.075202090000e-05
1.216047260000e-02 2.003021240000e+00 1.075668660000e-05
1.224157960000e-02 2.003877160000e+00 1.084532320000e-05
1.232268660000e-02 2.004305120000e+00 1.093116040000e-05
1.232268660000e-02 2.004305120000e+00 1.093675840000e-05
1.232268660000e-02 2.004733090000e+00 1.101886300000e-05
1.240379360000e-02 2.004947190000e+00 1.101699580000e-05
1.240379360000e-02 2.005803110000e+00 1.111309670000e-05
1.248489320000e-02 2.006445170000e+00 1.120359780000e-05
1.256600020000e-02 2.006231070000e+00 1.120639720000e-05
1.256600020000e-02 2.006873130000e+00 1.129783230000e-05
1.256600020000e-02 2.006873130000e+00 1.129876730000e-05
1.272821430000e-02 2.007301090000e+00 1.138366950000e-05
1.272821430000e-02 2.008157010000e+00 1.148163570000e-05
1.280932130000e-02 2.008157010000e+00 1.148070350000e-05
1.289042830000e-02 2.008799080000e+00 1.156840520000e-05
1.289042830000e-02 2.009227040000e+00 1.166077530000e-05
1.297153530000e-02 2.009440900000e+00 1.166357380000e-05
1.297153530000e-02 2.010082960000e+00 1.174847690000e-05
1.297153530000e-02 2.010082960000e+00 1.175127640000e-05
1.313374940000e-02 2.010725020000e+00 1.183991300000e-05
1.321485640000e-02 2.011152980000e+00 1.193787830000e-05
1.321485640000e-02 2.011152980000e+00 1.193787830000e-05
1.329596340000e-02 2.011794810000e+00 1.202558270000e-05
1.329596340000e-02 2.011794810000e+00 1.202744720000e-05
1.329596340000e-02 2.012650970000e+00 1.212074950000e-05
1.337706300000e-02 2.013292790000e+00 1.221218460000e-05
1.345817000000e-02 2.013078930000e+00 1.221311690000e-05
1.345817000000e-02 2.013506890000e+00 1.229522060000e-05
1.362038400000e-02 2.014362810000e+00 1.239412090000e-05
1.362038400000e-02 2.014362810000e+00 1.239039010000e-05
1.370149110000e-02 2.015004870000e+00 1.248182340000e-05
1.370149110000e-02 2.015004870000e+00 1.248368970000e-05
1.370149110000e-02 2.015646700000e+00 1.257979150000e-05
1.386370510000e-02 2.016288760000e+00 1.267868900000e-05
1.378259810000e-02 2.016288760000e+00 1.267589050000e-05
1.394481210000e-02 2.017144680000e+00 1.277012420000e-05
1.402591910000e-02 2.017358780000e+00 1.286249240000e-05
1.402591910000e-02 2.017358780000e+00 1.286342470000e-05
1.410702620000e-02 2.018000600000e+00 1.296232490000e-05
1.410702620000e-02 2.018000600000e+00 1.296419120000e-05
1.410702620000e-02 2.018856530000e+00 1.305655950000e-05
1.426923270000e-02 2.019284730000e+00 1.315172630000e-05
1.426923270000e-02 2.019284730000e+00 1.315079410000e-05
1.435033980000e-02 2.019926550000e+00 1.323849570000e-05
1.435033980000e-02 2.019926550000e+00 1.324409370000e-05
1.435033980000e-02 2.020568610000e+00 1.334019450000e-05
1.451255380000e-02 2.021210430000e+00 1.343722580000e-05
1.443144680000e-02 2.020996570000e+00 1.343722580000e-05
1.451255380000e-02 2.021638630000e+00 1.353519380000e-05
1.459366080000e-02 2.022280450000e+00 1.362382860000e-05
1.459366080000e-02 2.022280450000e+00 1.362662990000e-05
1.467476790000e-02 2.022922520000e+00 1.372179670000e-05
1.467476790000e-02 2.023136380000e+00 1.372366110000e-05
1.483698190000e-02 2.023564340000e+00 1.381882980000e-05
1.483698190000e-02 2.023992540000e+00 1.391586100000e-05
1.491808890000e-02 2.024206400000e+00 1.391492880000e-05
1.499919590000e-02 2.024634360000e+00 1.400356540000e-05
1.499919590000e-02 2.024634360000e+00 1.400636390000e-05
1.508030300000e-02 2.025276420000e+00 1.410526240000e-05
1.508030300000e-02 2.025704380000e+00 1.420136320000e-05
1.508030300000e-02 2.025918250000e+00 1.420416270000e-05
1.524250950000e-02 2.026560310000e+00 1.429839720000e-05
1.532361660000e-02 2.026988270000e+00 1.439636250000e-05
1.532361660000e-02 2.027202370000e+00 1.439729480000e-05
1.540472360000e-02 2.027416230000e+00 1.449339650000e-05
1.540472360000e-02 2.027630330000e+00 1.449712730000e-05
1.540472360000e-02 2.028486250000e+00 1.459042960000e-05
1.556693760000e-02 2.028700350000e+00 1.468559640000e-05
1.556693760000e-02 2.028700350000e+00 1.469026030000e-05
1.564804460000e-02 2.029556270000e+00 1.478356260000e-05
1.572915170000e-02 2.029984240000e+00 1.488899310000e-05
1.564804460000e-02 2.029770140000e+00 1.488805810000e-05
1.581025870000e-02 2.030412200000e+00 1.498789060000e-05
1.581025870000e-02 2.030626060000e+00 1.498789060000e-05
1.589136570000e-02 2.031054260000e+00 1.508492460000e-05
1.597247270000e-02 2.031268120000e+00 1.517915920000e-05
1.589136570000e-02 2.031696080000e+00 1.517822690000e-05
1.605357230000e-02 2.032338140000e+00 1.528272330000e-05
1.597247270000e-02 2.032338140000e+00 1.528179020000e-05
1.613467930000e-02 2.032552000000e+00 1.537695790000e-05
1.613467930000e-02 2.032979970000e+00 1.547865580000e-05
1.621578630000e-02 2.033194070000e+00 1.548052020000e-05
1.629689340000e-02 2.033622030000e+00 1.556729150000e-05
1.629689340000e-02 2.034477950000e+00 1.567178880000e-05
1.629689340000e-02 2.034477950000e+00 1.567272190000e-05
1.637800040000e-02 2.035120010000e+00 1.577721920000e-05
1.645910740000e-02 2.034905910000e+00 1.577535290000e-05
1.654021440000e-02 2.035762070000e+00 1.587705260000e-05
1.654021440000e-02 2.036190030000e+00 1.597594930000e-05
1.662132140000e-02 2.035975930000e+00 1.597968370000e-05
1.670242850000e-02 2.036831860000e+00 1.608231290000e-05
1.662132140000e-02 2.036831860000e+00 1.608137970000e-05
1.678353550000e-02 2.037259820000e+00 1.618494390000e-05
1.686464250000e-02 2.037901880000e+00 1.628477730000e-05
1.686464250000e-02 2.037688020000e+00 1.628757670000e-05
1.694574210000e-02 2.038329840000e+00 1.638087820000e-05
1.702684910000e-02 2.038971900000e+00 1.649097250000e-05
1.702684910000e-02 2.038971900000e+00 1.649190380000e-05
1.710795610000e-02 2.039613720000e+00 1.659267220000e-05
1.702684910000e-02 2.039399860000e+00 1.659640290000e-05
1.710795610000e-02 2.040041920000e+00 1.669809900000e-05
1.718906310000e-02 2.040683750000e+00 1.679886740000e-05
1.718906310000e-02 2.040683750000e+00 1.679979870000e-05
1.735127720000e-02 2.041111710000e+00 1.690149840000e-05
1.743238420000e-02 2.041753770000e+00 1.700879330000e-05
1.735127720000e-02 2.041753770000e+00 1.700692700000e-05
1.751349120000e-02 2.042395830000e+00 1.711049300000e-05
1.751349120000e-02 2.042181730000e+00 1.710862670000e-05
1.751349120000e-02 2.042609690000e+00 1.720379260000e-05
1.759459820000e-02 2.043251750000e+00 1.731575320000e-05
1.767570530000e-02 2.043465610000e+00 1.731761950000e-05
1.775681230000e-02 2.043893580000e+00 1.741838420000e-05
1.775681230000e-02 2.044107680000e+00 1.741931740000e-05
1.775681230000e-02 2.044535640000e+00 1.752848220000e-05
1.783791180000e-02 2.044963600000e+00 1.762924690000e-05
1.783791180000e-02 2.045177700000e+00 1.763111320000e-05
1.791901890000e-02 2.045391560000e+00 1.773747500000e-05
1.808123290000e-02 2.046033620000e+00 1.784850430000e-05
1.800012590000e-02 2.046033620000e+00 1.784663800000e-05
1.816233990000e-02 2.046675440000e+00 1.795020220000e-05
1.808123290000e-02 2.046675440000e+00 1.795299980000e-05
1.816233990000e-02 2.046889540000e+00 1.805096690000e-05
1.832455400000e-02 2.047745470000e+00 1.816106310000e-05
1.832455400000e-02 2.047745470000e+00 1.816199440000e-05
1.832455400000e-02 2.048387530000e+00 1.827209050000e-05
1.832455400000e-02 2.048173430000e+00 1.826742480000e-05
1.848676800000e-02 2.048601390000e+00 1.837565470000e-05
1.848676800000e-02 2.049243450000e+00 1.847735260000e-05
1.856787500000e-02 2.049243450000e+00 1.848015020000e-05
1.856787500000e-02 2.049671410000e+00 1.859024810000e-05
1.864898200000e-02 2.050313470000e+00 1.869567860000e-05
1.864898200000e-02 2.050313470000e+00 1.869287920000e-05
1.873008160000e-02 2.051169400000e+00 1.880297350000e-05
1.881118860000e-02 2.050955300000e+00 1.880577110000e-05
1.881118860000e-02 2.051383260000e+00 1.891213650000e-05
1.889229570000e-02 2.052025320000e+00 1.902503030000e-05
1.889229570000e-02 2.052025320000e+00 1.902969600000e-05
1.897340270000e-02 2.052453280000e+00 1.914445600000e-05
1.913561670000e-02 2.053095340000e+00 1.925548350000e-05
1.905450970000e-02 2.053095340000e+00 1.925548350000e-05
1.913561670000e-02 2.053523300000e+00 1.936091580000e-05
1.913561670000e-02 2.053737160000e+00 1.936371340000e-05
1.929783080000e-02 2.054379220000e+00 1.948220600000e-05
1.929783080000e-02 2.054807190000e+00 1.958483700000e-05
1.929783080000e-02 2.054807190000e+00 1.959043400000e-05
1.946004480000e-02 2.055235150000e+00 1.970706220000e-05
1.937893780000e-02 2.055235150000e+00 1.970706220000e-05
1.946004480000e-02 2.055663110000e+00 1.980596240000e-05
1.954115180000e-02 2.056305170000e+00 1.992818400000e-05
1.954115180000e-02 2.056305170000e+00 1.992258690000e-05
1.970336590000e-02 2.056947230000e+00 2.003921330000e-05
1.970336590000e-02 2.057375190000e+00 2.015117570000e-05
1.970336590000e-02 2.057375190000e+00 2.015770590000e-05
1.978447290000e-02 2.058017020000e+00 2.026500080000e-05
1.978447290000e-02 2.057803150000e+00 2.026500080000e-05
1.994668690000e-02 2.058444980000e+00 2.037976260000e-05
2.002779390000e-02 2.059087040000e+00 2.049358950000e-05
1.994668690000e-02 2.059087040000e+00 2.049638720000e-05
2.002779390000e-02 2.059515000000e+00 2.060648330000e-05
2.010888610000e-02 2.059301140000e+00 2.061208220000e-05
2.018999310000e-02 2.059942960000e+00 2.071564630000e-05
2.018999310000e-02 2.060370920000e+00 2.083880280000e-05
2.018999310000e-02 2.060370920000e+00 2.083880280000e-05
2.027110010000e-02 2.061440940000e+00 2.095356470000e-05
2.043331410000e-02 2.061655040000e+00 2.107485490000e-05
2.035220710000e-02 2.061655040000e+00 2.107672120000e-05
2.043331410000e-02 2.062083010000e+00 2.118868360000e-05
2.043331410000e-02 2.062083010000e+00 2.118681550000e-05
2.051442120000e-02 2.062510970000e+00 2.130904070000e-05
2.067663520000e-02 2.063152790000e+00 2.142473570000e-05
2.067663520000e-02 2.062938930000e+00 2.142193630000e-05
2.067663520000e-02 2.063580990000e+00 2.153669630000e-05
2.083884920000e-02 2.064008950000e+00 2.165705340000e-05
2.083884920000e-02 2.064222810000e+00 2.165798830000e-05
2.091995630000e-02 2.064650770000e+00 2.177647910000e-05
2.083884920000e-02 2.064650770000e+00 2.178207800000e-05
2.091995630000e-02 2.065292840000e+00 2.190057060000e-05
2.100106330000e-02 2.065720800000e+00 2.201999630000e-05
2.108217030000e-02 2.065720800000e+00 2.201999630000e-05
2.116327730000e-02 2.066148760000e+00 2.213102560000e-05
2.116327730000e-02 2.066148760000e+00 2.213382500000e-05
2.116327730000e-02 2.066576720000e+00 2.226164540000e-05
2.124438430000e-02 2.067432640000e+00 2.237920670000e-05
2.124438430000e-02 2.067218780000e+00 2.237920670000e-05
2.132549140000e-02 2.067646740000e+00 2.249769750000e-05
2.140659840000e-02 2.068288800000e+00 2.261059310000e-05
2.140659840000e-02 2.068074700000e+00 2.260592740000e-05
2.148770540000e-02 2.068502660000e+00 2.273188330000e-05
2.156881240000e-02 2.068716760000e+00 2.273468090000e-05
2.156881240000e-02 2.069144730000e+00 2.286530250000e-05
2.164991950000e-02 2.069786550000e+00 2.298939400000e-05
2.164991950000e-02 2.069786550000e+00 2.298846080000e-05
2.173102650000e-02 2.070214510000e+00 2.310975290000e-05
2.173102650000e-02 2.070000650000e+00 2.310975290000e-05
2.189322560000e-02 2.070642710000e+00 2.323757510000e-05
2.197433260000e-02 2.071284530000e+00 2.336446410000e-05
2.197433260000e-02 2.071284530000e+00 2.336819670000e-05
2.197433260000e-02 2.071712490000e+00 2.349228630000e-05
2.205543970000e-02 2.072354560000e+00 2.361544650000e-05
2.213654670000e-02 2.072140460000e+00 2.361357840000e-05
2.221765370000e-02 2.072568660000e+00 2.374979890000e-05
2.213654670000e-02 2.072782520000e+00 2.374513310000e-05
2.221765370000e-02 2.072996620000e+00 2.387575480000e-05
2.229876070000e-02 2.073852540000e+00 2.399891130000e-05
2.229876070000e-02 2.073852540000e+00 2.400451010000e-05
2.237986770000e-02 2.074280500000e+00 2.413233230000e-05
2.246097480000e-02 2.074922560000e+00 2.426388710000e-05
2.246097480000e-02 2.074922560000e+00 2.426295400000e-05
2.254208180000e-02 2.075350520000e+00 2.438984480000e-05
2.262318880000e-02 2.075136420000e+00 2.438704540000e-05
2.262318880000e-02 2.075992350000e+00 2.451300130000e-05
2.270429580000e-02 2.076206450000e+00 2.463336020000e-05
2.278540280000e-02 2.076206450000e+00 2.463895730000e-05
2.286650990000e-02 2.076634410000e+00 2.477704400000e-05
2.278540280000e-02 2.076848270000e+00 2.477424460000e-05
2.286650990000e-02 2.077276470000e+00 2.490113370000e-05
2.302872390000e-02 2.077490330000e+00 2.505228260000e-05
2.302872390000e-02 2.077704430000e+00 2.504668370000e-05
2.302872390000e-02 2.078132390000e+00 2.517264150000e-05
2.310983090000e-02 2.078774210000e+00 2.530606070000e-05
2.319093790000e-02 2.078560350000e+00 2.531072460000e-05
2.319093790000e-02 2.079202180000e+00 2.544508060000e-05
2.319093790000e-02 2.079416280000e+00 2.544134620000e-05
2.327204500000e-02 2.079844240000e+00 2.557196790000e-05
2.343425900000e-02 2.080272200000e+00 2.570818830000e-05
2.335315200000e-02 2.080058340000e+00 2.570445760000e-05
2.351536600000e-02 2.080700160000e+00 2.584720640000e-05
2.343425900000e-02 2.080700160000e+00 2.585093900000e-05
2.351536600000e-02 2.080914260000e+00 2.598622630000e-05
2.359647300000e-02 2.081770180000e+00 2.612804380000e-05
2.359647300000e-02 2.081770180000e+00 2.612617750000e-05
2.367756520000e-02 2.082198140000e+00 2.625306660000e-05
2.375867220000e-02 2.082412240000e+00 2.640048300000e-05
2.375867220000e-02 2.082626100000e+00 2.640421370000e-05
2.392088620000e-02 2.083054070000e+00 2.654043420000e-05
2.392088620000e-02 2.083054070000e+00 2.654136730000e-05
2.392088620000e-02 2.083696130000e+00 2.667852100000e-05
2.400199320000e-02 2.083909990000e+00 2.681287330000e-05
2.400199320000e-02 2.083909990000e+00 2.681660590000e-05
2.400199320000e-02 2.084338190000e+00 2.696215420000e-05
2.416420730000e-02 2.084980010000e+00 2.711330310000e-05
2.416420730000e-02 2.084980010000e+00 2.711423620000e-05
2.424531430000e-02 2.085407970000e+00 2.726165260000e-05
2.424531430000e-02 2.085622070000e+00 2.726351890000e-05
2.440752830000e-02 2.086050030000e+00 2.739973930000e-05
2.440752830000e-02 2.086477990000e+00 2.755461720000e-05
2.440752830000e-02 2.086692090000e+00 2.755368400000e-05
2.448863540000e-02 2.086905960000e+00 2.769456840000e-05
2.448863540000e-02 2.087120060000e+00 2.770016540000e-05
2.456974240000e-02 2.087333920000e+00 2.784944810000e-05
2.465084940000e-02 2.087975980000e+00 2.798846800000e-05
2.473195640000e-02 2.087975980000e+00 2.799499820000e-05
2.473195640000e-02 2.088403940000e+00 2.814801160000e-05
2.489417050000e-02 2.088831900000e+00 2.830102490000e-05
2.481306340000e-02 2.088831900000e+00 2.830195990000e-05
2.489417050000e-02 2.089473960000e+00 2.844564190000e-05
2.489417050000e-02 2.089473960000e+00 2.845310700000e-05
2.497527750000e-02 2.089687820000e+00 2.859399140000e-05
2.505638450000e-02 2.090329890000e+00 2.875540300000e-05
2.505638450000e-02 2.090329890000e+00 2.875820250000e-05
2.521859850000e-02 2.090757850000e+00 2.891028090000e-05
2.513749150000e-02 2.090543750000e+00 2.890468200000e-05
2.521859850000e-02 2.091185810000e+00 2.906423110000e-05
2.529970560000e-02 2.091613770000e+00 2.920138290000e-05
2.538081260000e-02 2.092041730000e+00 2.920324730000e-05
2.538081260000e-02 2.092255830000e+00 2.937305730000e-05
2.546190470000e-02 2.092683790000e+00 2.953166770000e-05
2.554301170000e-02 2.092683790000e+00 2.952886830000e-05
2.554301170000e-02 2.093325610000e+00 2.969587880000e-05
2.554301170000e-02 2.093111750000e+00 2.969308120000e-05
2.570522580000e-02 2.093753810000e+00 2.984702590000e-05
2.570522580000e-02 2.093967680000e+00 3.001403270000e-05
2.570522580000e-02 2.094181780000e+00 3.001496770000e-05
2.586743980000e-02 2.094609740000e+00 3.017731070000e-05
2.586743980000e-02 2.095251560000e+00 3.033685610000e-05
2.586743980000e-02 2.095037700000e+00 3.034058860000e-05
2.594854680000e-02 2.095465660000e+00 3.049173570000e-05
2.594854680000e-02 2.095679520000e+00 3.049360020000e-05
2.602965380000e-02 2.096321580000e+00 3.066807400000e-05
2.619186790000e-02 2.096535680000e+00 3.083788400000e-05
2.619186790000e-02 2.096535680000e+00 3.082948750000e-05
2.619186790000e-02 2.096749540000e+00 3.099369500000e-05
2.619186790000e-02 2.096749540000e+00 3.099742750000e-05
2.627297490000e-02 2.097605470000e+00 3.115790610000e-05
2.643518890000e-02 2.097819570000e+00 3.133144860000e-05
2.635408190000e-02 2.097819570000e+00 3.133144860000e-05
2.651629600000e-02 2.098247530000e+00 3.150405250000e-05
2.659740300000e-02 2.098889590000e+00 3.167852630000e-05
2.659740300000e-02 2.098889590000e+00 3.167106480000e-05
2.659740300000e-02 2.099317550000e+00 3.182874210000e-05
2.659740300000e-02 2.099317550000e+00 3.182874210000e-05
2.667851000000e-02 2.099745510000e+00 3.201720760000e-05
2.675961700000e-02 2.100387330000e+00 3.219728020000e-05
2.675961700000e-02 2.100173470000e+00 3.219634890000e-05
2.684072410000e-02 2.100815530000e+00 3.238388310000e-05
2.692183110000e-02 2.100601430000e+00 3.237735290000e-05
2.692183110000e-02 2.101243500000e+00 3.255275810000e-05
2.700293810000e-02 2.101457360000e+00 3.273655970000e-05
2.708404510000e-02 2.101885320000e+00 3.274962000000e-05
2.708404510000e-02 2.102313280000e+00 3.292409380000e-05
2.716515210000e-02 2.102741240000e+00 3.310883040000e-05
2.716515210000e-02 2.102527380000e+00 3.310603280000e-05
2.724624430000e-02 2.102955340000e+00 3.328703680000e-05
2.724624430000e-02 2.102955340000e+00 3.328330420000e-05
2.732735130000e-02 2.103597400000e+00 3.347737220000e-05
2.740845830000e-02 2.103811260000e+00 3.366677630000e-05
2.740845830000e-02 2.104025360000e+00 3.367050520000e-05
2.748956530000e-02 2.104453330000e+00 3.386456960000e-05
2.757067230000e-02 2.104881290000e+00 3.405117600000e-05
2.748956530000e-02 2.104881290000e+00 3.404370730000e-05
2.765177940000e-02 2.105095150000e+00 3.424897300000e-05
2.765177940000e-02 2.105309250000e+00 3.424897300000e-05
2.773288640000e-02 2.105737210000e+00 3.443930470000e-05
2.781399340000e-02 2.106165170000e+00 3.462870880000e-05
2.781399340000e-02 2.106165170000e+00 3.463617030000e-05
2.789510040000e-02 2.106593130000e+00 3.481997560000e-05
2.789510040000e-02 2.106807230000e+00 3.481624300000e-05
2.797620740000e-02 2.107021090000e+00 3.502430630000e-05
2.805731450000e-02 2.107663150000e+00 3.523236590000e-05
2.805731450000e-02 2.107663150000e+00 3.523143100000e-05
2.813842150000e-02 2.108091120000e+00 3.544042920000e-05
2.821952850000e-02 2.108519080000e+00 3.563542490000e-05
2.821952850000e-02 2.108519080000e+00 3.564289000000e-05
2.830063550000e-02 2.108947040000e+00 3.585654850000e-05
2.830063550000e-02 2.109161140000e+00 3.585281960000e-05
2.838174250000e-02 2.109161140000e+00 3.605434900000e-05
2.854395660000e-02 2.109803200000e+00 3.628200280000e-05
2.854395660000e-02 2.109803200000e+00 3.627547270000e-05
2.854395660000e-02 2.110445020000e+00 3.647606720000e-05
2.854395660000e-02 2.110445020000e+00 3.648073470000e-05
2.862506360000e-02 2.110659120000e+00 3.670652220000e-05
2.878727760000e-02 2.111300950000e+00 3.692577960000e-05
2.870617060000e-02 2.111300950000e+00 3.692764950000e-05
2.878727760000e-02 2.111943010000e+00 3.714130430000e-05
2.886838470000e-02 2.112157110000e+00 3.736243160000e-05
2.886838470000e-02 2.112157110000e+00 3.736056170000e-05
2.886838470000e-02 2.112585070000e+00 3.759287940000e-05
2.894949170000e-02 2.112585070000e+00 3.759008180000e-05
2.903058380000e-02 2.113226890000e+00 3.781120900000e-05
2.911169080000e-02 2.113440990000e+00 3.804912560000e-05
2.911169080000e-02 2.113654850000e+00 3.804072910000e-05
2.919279780000e-02 2.113868950000e+00 3.825252130000e-05
2.927390490000e-02 2.114296910000e+00 3.851283330000e-05
2.927390490000e-02 2.114296910000e+00 3.851749720000e-05
2.943611890000e-02 2.114938970000e+00 3.876474510000e-05
2.935501190000e-02 2.114724870000e+00 3.876194750000e-05
2.935501190000e-02 2.115152840000e+00 3.901292440000e-05
2.951722590000e-02 2.115580800000e+00 3.926017230000e-05
2.951722590000e-02 2.115794900000e+00 3.925550850000e-05
2.959833290000e-02 2.116222860000e+00 3.951301910000e-05
2.959833290000e-02 2.116222860000e+00 3.951675170000e-05
2.967944000000e-02 2.116650820000e+00 3.977333110000e-05
2.976054700000e-02 2.117078780000e+00 4.003363940000e-05
2.976054700000e-02 2.117292880000e+00 4.003550570000e-05
2.984165400000e-02 2.117506740000e+00 4.027808970000e-05
2.992276100000e-02 2.117934700000e+00 4.056545370000e-05
2.992276100000e-02 2.117934700000e+00 4.055519460000e-05
3.000386800000e-02 2.118576770000e+00 4.082483430000e-05
3.008497510000e-02 2.118576770000e+00 4.082389930000e-05
3.008497510000e-02 2.119004730000e+00 4.109820290000e-05
3.016608210000e-02 2.119432690000e+00 4.109820290000e-05
3.024718910000e-02 2.119432690000e+00 4.253815500000e-05
3.024718910000e-02 2.119646790000e+00 4.203441860000e-05
3.024718910000e-02 2.119860650000e+00 4.187582820000e-05
3.040940310000e-02 2.120288610000e+00 4.209971670000e-05
3.040940310000e-02 2.120716570000e+00 4.237024040000e-05
3.040940310000e-02 2.120930670000e+00 4.232360520000e-05
3.057161720000e-02 2.121144530000e+00 4.260345300000e-05
3.057161720000e-02 2.121572730000e+00 4.292062290000e-05
3.057161720000e-02 2.121572730000e+00 4.291129520000e-05
3.065272420000e-02 2.122214560000e+00 4.320048170000e-05
3.065272420000e-02 2.122000690000e+00 4.318182980000e-05
3.073383120000e-02 2.122428660000e+00 4.348966830000e-05
3.073383120000e-02 2.123070480000e+00 4.382549380000e-05
3.081492330000e-02 2.122856620000e+00 4.379751040000e-05
3.089603040000e-02 2.123284580000e+00 4.409602480000e-05
3.089603040000e-02 2.123284580000e+00 4.412400810000e-05
3.097713740000e-02 2.123926640000e+00 4.440386690000e-05
3.113935140000e-02 2.124140500000e+00 4.477700710000e-05
3.105824440000e-02 2.124354600000e+00 4.478633490000e-05
3.113935140000e-02 2.124782560000e+00 4.506619370000e-05
3.122045840000e-02 2.124996420000e+00 4.538336000000e-05
3.122045840000e-02 2.125210520000e+00 4.541135060000e-05
3.138267250000e-02 2.125638480000e+00 4.575650380000e-05
3.130156550000e-02 2.125638480000e+00 4.577516670000e-05
3.138267250000e-02 2.126066450000e+00 4.609233290000e-05
3.146377950000e-02 2.126280550000e+00 4.646547310000e-05
3.146377950000e-02 2.126494410000e+00 4.642816570000e-05
3.154488650000e-02 2.126708510000e+00 4.679197810000e-05
3.162599350000e-02 2.127350330000e+00 4.718377390000e-05
3.162599350000e-02 2.127136470000e+00 4.715579050000e-05
3.178820760000e-02 2.127778290000e+00 4.750094010000e-05
3.178820760000e-02 2.127778290000e+00 4.749161230000e-05
3.178820760000e-02 2.127992390000e+00 4.784610060000e-05
3.186931460000e-02 2.128634450000e+00 4.829387400000e-05
3.186931460000e-02 2.128420350000e+00 4.827521120000e-05
3.195042160000e-02 2.129062410000e+00 4.866701420000e-05
3.195042160000e-02 2.129062410000e+00 4.865769010000e-05
3.203152870000e-02 2.129490380000e+00 4.908680060000e-05
3.211263570000e-02 2.129918340000e+00 4.949724830000e-05
3.211263570000e-02 2.129918340000e+00 4.951591470000e-05
3.219374270000e-02 2.130132200000e+00 4.992636970000e-05
3.227484970000e-02 2.130774260000e+00 5.038346350000e-05
3.227484970000e-02 2.130988360000e+00 5.037413580000e-05
3.235595670000e-02 2.131416320000e+00 5.080324990000e-05
3.235595670000e-02 2.131202220000e+00 5.080324990000e-05
3.243706380000e-02 2.131630180000e+00 5.123236040000e-05
3.251817080000e-02 2.132272240000e+00 5.173610770000e-05
3.251817080000e-02 2.132058140000e+00 5.168946520000e-05
3.259926290000e-02 2.132700200000e+00 5.218387740000e-05
3.259926290000e-02 2.132700200000e+00 5.221185710000e-05
3.268036990000e-02 2.132914070000e+00 5.271560440000e-05
3.276147690000e-02 2.133342270000e+00 5.315404270000e-05
3.276147690000e-02 2.133556130000e+00 5.314471850000e-05
3.284258400000e-02 2.133770230000e+00 5.364845490000e-05
3.292369100000e-02 2.134412050000e+00 5.423615580000e-05
3.292369100000e-02 2.134198190000e+00 5.424548360000e-05
3.308590500000e-02 2.134626150000e+00 5.469326060000e-05
3.300479800000e-02 2.134626150000e+00 5.473989590000e-05
3.308590500000e-02 2.135054110000e+00 5.526229510000e-05
3.316701200000e-02 2.135696170000e+00 5.585932380000e-05
3.316701200000e-02 2.135696170000e+00 5.584999600000e-05
3.324811910000e-02 2.136124130000e+00 5.643769690000e-05
3.332922610000e-02 2.136552100000e+00 5.710002730000e-05
3.324811910000e-02 2.136552100000e+00 5.704405340000e-05
3.341033310000e-02 2.136765960000e+00 5.765040990000e-05
3.341033310000e-02 2.136980060000e+00 5.759443590000e-05
3.349144010000e-02 2.137193920000e+00 5.829407380000e-05
3.365365420000e-02 2.137621880000e+00 5.892841730000e-05
3.357254710000e-02 2.137835980000e+00 5.893774510000e-05
3.365365420000e-02 2.138263940000e+00 5.963739020000e-05
3.373476120000e-02 2.138263940000e+00 5.962805520000e-05
3.373476120000e-02 2.138691900000e+00 6.027172640000e-05
3.381586820000e-02 2.138906000000e+00 6.104599740000e-05
3.381586820000e-02 2.139119860000e+00 6.104599740000e-05
3.389697520000e-02 2.139333960000e+00 6.182026850000e-05
3.397808220000e-02 2.139975790000e+00 6.261319500000e-05
3.405918930000e-02 2.139975790000e+00 6.257587670000e-05
3.414029630000e-02 2.140403990000e+00 6.339679380000e-05
3.405918930000e-02 2.140403990000e+00 6.333149210000e-05
3.414029630000e-02 2.140831950000e+00 6.422703880000e-05
3.430251030000e-02 2.141259910000e+00 6.510391540000e-05
3.422140330000e-02 2.141259910000e+00 6.508525980000e-05
3.430251030000e-02 2.141473770000e+00 6.597147150000e-05
3.430251030000e-02 2.141473770000e+00 6.592483260000e-05
3.438360240000e-02 2.141901730000e+00 6.687634600000e-05
3.446470950000e-02 2.142543790000e+00 6.800509440000e-05
3.454581650000e-02 2.142329930000e+00 6.793046490000e-05
3.454581650000e-02 2.142757890000e+00 6.902190220000e-05
3.462692350000e-02 2.143399720000e+00 7.015999290000e-05
3.462692350000e-02 2.143399720000e+00 7.018798350000e-05
3.470803050000e-02 2.143613820000e+00 7.127008580000e-05
3.470803050000e-02 2.143827680000e+00 7.122344690000e-05
3.478913750000e-02 2.144255640000e+00 7.252943760000e-05
3.487024460000e-02 2.144469740000e+00 7.384477070000e-05
3.487024460000e-02 2.144683840000e+00 7.377014120000e-05
3.495135160000e-02 2.145111800000e+00 7.521605580000e-05
3.503245860000e-02 2.145325660000e+00 7.658735560000e-05
3.511356560000e-02 2.145325660000e+00 7.655004450000e-05
3.511356560000e-02 2.145753620000e+00 7.821053440000e-05
3.519467260000e-02 2.145753620000e+00 7.817320870000e-05
3.519467260000e-02 2.146395680000e+00 7.975907650000e-05
3.527577970000e-02 2.146609540000e+00 8.164343310000e-05
3.527577970000e-02 2.146609540000e+00 8.157813140000e-05
3.535688670000e-02 2.147251610000e+00 8.338787300000e-05
3.543799370000e-02 2.147251610000e+00 8.326660460000e-05
3.543799370000e-02 2.147465710000e+00 8.541216080000e-05
3.551910070000e-02 2.147893670000e+00 8.764168160000e-05
3.551910070000e-02 2.147893670000e+00 8.751108540000e-05
3.568131480000e-02 2.148321630000e+00 8.984323360000e-05
3.568131480000e-02 2.148749590000e+00 9.240856890000e-05
3.576242180000e-02 2.148963450000e+00 9.232461890000e-05
3.584352880000e-02 2.149177550000e+00 9.522580510000e-05
3.576242180000e-02 2.149177550000e+00 9.515116840000e-05
3.592463580000e-02 2.149819610000e+00 9.827624310000e-05
3.592463580000e-02 2.150033470000e+00 1.019050400000e-04
3.592463580000e-02 2.150033470000e+00 1.018024340000e-04
3.600574280000e-02 2.150461440000e+00 1.053379530000e-04
3.608684990000e-02 2.150675540000e+00 1.052913070000e-04
3.608684990000e-02 2.150889400000e+00 1.097317000000e-04
3.624904900000e-02 2.151317360000e+00 1.147317960000e-04
3.616794200000e-02 2.151317360000e+00 1.144519480000e-04
3.624904900000e-02 2.151745560000e+00 1.199744370000e-04
3.633015600000e-02 2.151959420000e+00 1.258887350000e-04
3.633015600000e-02 2.152173520000e+00 1.258047850000e-04
3.641126300000e-02 2.152387380000e+00 1.329970840000e-04
3.641126300000e-02 2.152387380000e+00 1.331277020000e-04
3.649237010000e-02 2.152815340000e+00 1.417379390000e-04
3.657347710000e-02 2.153243300000e+00 1.521112860000e-04
3.657347710000e-02 2.153243300000e+00 1.520366640000e-04
3.665458410000e-02 2.153671260000e+00 1.632309290000e-04
3.673569110000e-02 2.154313330000e+00 1.785297350000e-04
3.681679820000e-02 2.154313330000e+00 1.780353340000e-04
3.681679820000e-02 2.154527430000e+00 1.936233460000e-04
3.681679820000e-02 2.154313330000e+00 1.936233460000e-04
3.689790520000e-02 2.154955390000e+00 2.138662820000e-04
3.697901220000e-02 2.155169250000e+00 2.337734190000e-04
3.697901220000e-02 2.155383350000e+00 2.333256420000e-04
3.706011920000e-02 2.155811310000e+00 2.607329220000e-04
3.697901220000e-02 2.155383350000e+00 2.598466820000e-04
3.714122620000e-02 2.156025170000e+00 2.891103800000e-04
3.722233330000e-02 2.156453370000e+00 3.199878850000e-04
3.714122620000e-02 2.156239270000e+00 3.212378940000e-04
3.730344030000e-02 2.156881330000e+00 3.533094420000e-04
3.746565430000e-02 2.157095190000e+00 3.899426370000e-04
3.738454730000e-02 2.157309290000e+00 3.897187710000e-04
3.746565430000e-02 2.157523160000e+00 3.897187710000e-04
3.754676130000e-02 2.157737260000e+00 4.290403160000e-04
3.762786840000e-02 2.158165220000e+00 4.639209070000e-04
3.762786840000e-02 2.158379080000e+00 4.987079880000e-04
3.762786840000e-02 2.158379080000e+00 4.976792840000e-04
3.770897540000e-02 2.158807280000e+00 5.389188880000e-04
3.770897540000e-02 2.158807280000e+00 5.373290040000e-04
3.779008240000e-02 2.159235240000e+00 5.763242950000e-04
3.795228150000e-02 2.159663200000e+00 6.180313650000e-04
3.787118940000e-02 2.159663200000e+00 6.172831640000e-04
3.795228150000e-02 2.160091160000e+00 6.554368300000e-04
3.811449560000e-02 2.160519120000e+00 6.960217140000e-04
3.803338860000e-02 2.160519120000e+00 6.961152540000e-04
3.819560260000e-02 2.160732980000e+00 7.362326140000e-04
3.811449560000e-02 2.160947080000e+00 7.345493650000e-04
3.819560260000e-02 2.161161180000e+00 7.724222960000e-04
3.827670960000e-02 2.161375050000e+00 8.109499470000e-04
3.827670960000e-02 2.161375050000e+00 8.102952850000e-04
3.843892370000e-02 2.162017110000e+00 8.511607300000e-04
3.843892370000e-02 2.162230970000e+00 8.895013020000e-04
3.843892370000e-02 2.162445070000e+00 8.896883810000e-04
3.852003070000e-02 2.162658930000e+00 9.302732070000e-04
3.852003070000e-02 2.162658930000e+00 9.293381010000e-04
3.860113770000e-02 2.163086890000e+00 9.652473380000e-04
3.868224470000e-02 2.163515090000e+00 1.008731200000e-03
3.868224470000e-02 2.163728950000e+00 1.007702550000e-03
3.876335170000e-02 2.163943050000e+00 1.045949520000e-03
3.876335170000e-02 2.163943050000e+00 1.045482120000e-03
3.884445880000e-02 2.164371010000e+00 1.084103130000e-03
3.892556580000e-02 2.164584880000e+00 1.121695620000e-03
3.892556580000e-02 2.164798970000e+00 1.120012370000e-03
3.908777980000e-02 2.165012840000e+00 1.161719560000e-03
3.916888680000e-02 2.165440800000e+00 1.199966410000e-03
3.908777980000e-02 2.165440800000e+00 1.201556300000e-03
3.916888680000e-02 2.165869000000e+00 1.242328090000e-03
3.916888680000e-02 2.165869000000e+00 1.240831920000e-03
3.924999390000e-02 2.166082860000e+00 1.277582950000e-03
3.933110090000e-02 2.166510820000e+00 1.320318440000e-03
