#  J [A] 	 V 	 L [w] 
-8.658319710000e-05 1.343458890000e-03 -2.411076450000e-09
-5.483627320000e-06 1.557439570000e-03 -2.411076450000e-09
-8.658319710000e-05 1.557439570000e-03 -2.132934270000e-09
-8.658319710000e-05 1.771420240000e-03 -2.318340190000e-09
-8.658319710000e-05 1.557439570000e-03 -2.132934270000e-09
-8.658319710000e-05 1.557439570000e-03 -2.132934270000e-09
-8.658319710000e-05 1.557439570000e-03 -2.225670540000e-09
-5.483627320000e-06 1.771420240000e-03 -2.225670540000e-09
-5.483627320000e-06 1.557439570000e-03 -2.132934270000e-09
-5.483627320000e-06 1.557439570000e-03 -2.040198010000e-09
-8.658319710000e-05 1.557439570000e-03 -2.318340190000e-09
-5.483627320000e-06 1.557439570000e-03 -2.225670540000e-09
-5.483627320000e-06 3.950880770000e-01 -2.318340190000e-09
7.562339310000e-05 8.269231920000e-01 -1.947461750000e-09
7.562339310000e-05 1.383301500000e+00 5.099694890000e-09
7.562339310000e-05 1.754363060000e+00 1.873032750000e-08
1.567304130000e-04 1.782609940000e+00 4.256088460000e-08
2.378374340000e-04 1.797375200000e+00 7.167673740000e-08
3.189444540000e-04 1.799087290000e+00 7.232582530000e-08
3.189444540000e-04 1.811284780000e+00 1.064488440000e-07
4.000514750000e-04 1.820700410000e+00 1.421482380000e-07
4.000514750000e-04 1.820700410000e+00 1.425191270000e-07
4.811584950000e-04 1.828618050000e+00 1.834111460000e-07
4.811584950000e-04 1.828832150000e+00 1.842457070000e-07
6.433725360000e-04 1.835679770000e+00 2.252304800000e-07
6.433725360000e-04 1.841029640000e+00 2.694606000000e-07
6.433725360000e-04 1.841243510000e+00 2.715932790000e-07
7.244795560000e-04 1.845951320000e+00 3.149889380000e-07
7.244795560000e-04 1.845951320000e+00 3.138762280000e-07
8.055865760000e-04 1.850873230000e+00 3.650607710000e-07
8.866861460000e-04 1.855581050000e+00 4.197689800000e-07
8.866861460000e-04 1.855366950000e+00 4.206962100000e-07
1.048900190000e-03 1.859646800000e+00 4.749407200000e-07
1.048900190000e-03 1.863070730000e+00 5.258471560000e-07
1.130007210000e-03 1.863284590000e+00 5.296488440000e-07
1.130007210000e-03 1.866708520000e+00 5.881587410000e-07
1.130007210000e-03 1.866708520000e+00 5.889006050000e-07
1.211114230000e-03 1.869490390000e+00 6.430523170000e-07
1.292221250000e-03 1.873128410000e+00 7.049004010000e-07
1.292221250000e-03 1.873128410000e+00 7.074039560000e-07
1.373328270000e-03 1.875696180000e+00 7.624830690000e-07
1.454435290000e-03 1.878264190000e+00 8.241455590000e-07
1.454435290000e-03 1.878478050000e+00 8.290600700000e-07
1.535542310000e-03 1.881259920000e+00 8.921135760000e-07
1.535542310000e-03 1.881259920000e+00 8.926698460000e-07
1.616649330000e-03 1.883613820000e+00 9.530343160000e-07
1.697756350000e-03 1.886181830000e+00 1.018127700000e-06
1.697756350000e-03 1.885967730000e+00 1.020260470000e-06
1.859962940000e-03 1.888321640000e+00 1.085168380000e-06
1.778855920000e-03 1.888535740000e+00 1.087671990000e-06
1.859962940000e-03 1.890461680000e+00 1.152023510000e-06
1.941069960000e-03 1.892815590000e+00 1.221011530000e-06
1.941069960000e-03 1.892815590000e+00 1.221382490000e-06
2.022176980000e-03 1.894527440000e+00 1.279985100000e-06
2.184391020000e-03 1.896667480000e+00 1.354350960000e-06
2.184391020000e-03 1.896881340000e+00 1.357782030000e-06
2.184391020000e-03 1.898807290000e+00 1.424637160000e-06
2.184391020000e-03 1.898593430000e+00 1.428902350000e-06
2.265498040000e-03 1.900519370000e+00 1.498910480000e-06
2.346605060000e-03 1.902659180000e+00 1.570216450000e-06
2.346605060000e-03 1.902659180000e+00 1.570123690000e-06
2.427712080000e-03 1.903943060000e+00 1.639853390000e-06
2.427712080000e-03 1.904157160000e+00 1.644953270000e-06
2.589926120000e-03 1.905869010000e+00 1.716908290000e-06
2.589926120000e-03 1.907366990000e+00 1.787565220000e-06
2.589926120000e-03 1.907581090000e+00 1.790903530000e-06
2.671025690000e-03 1.909078840000e+00 1.858871540000e-06
2.833239730000e-03 1.910790920000e+00 1.937595700000e-06
2.752132710000e-03 1.910790920000e+00 1.937317170000e-06
2.833239730000e-03 1.912288900000e+00 2.008715910000e-06
2.833239730000e-03 1.912502770000e+00 2.014094210000e-06
2.914346750000e-03 1.914000750000e+00 2.089758250000e-06
2.914346750000e-03 1.915498730000e+00 2.161713380000e-06
2.995453770000e-03 1.915498730000e+00 2.164587840000e-06
3.076560800000e-03 1.916996720000e+00 2.241272110000e-06
3.076560800000e-03 1.918494460000e+00 2.318048930000e-06
3.157667820000e-03 1.918494460000e+00 2.319625310000e-06
3.238774840000e-03 1.919778590000e+00 2.391024050000e-06
3.238774840000e-03 1.919992450000e+00 2.396773200000e-06
3.319881860000e-03 1.921062470000e+00 2.469748100000e-06
3.400988880000e-03 1.922774310000e+00 2.551902980000e-06
3.400988880000e-03 1.922774310000e+00 2.555982970000e-06
3.482095900000e-03 1.924058440000e+00 2.633408940000e-06
3.482095900000e-03 1.924058440000e+00 2.635912780000e-06
3.563195470000e-03 1.925556180000e+00 2.716769360000e-06
3.644302490000e-03 1.926840310000e+00 2.789651720000e-06
3.563195470000e-03 1.926840310000e+00 2.797069780000e-06
3.725409510000e-03 1.928124190000e+00 2.881357430000e-06
3.887623550000e-03 1.929622170000e+00 2.960174240000e-06
3.806516530000e-03 1.929408070000e+00 2.963697850000e-06
3.887623550000e-03 1.930906060000e+00 3.044832740000e-06
3.806516530000e-03 1.930691960000e+00 3.047058270000e-06
3.968730570000e-03 1.931976080000e+00 3.122073390000e-06
4.049837590000e-03 1.932832000000e+00 3.205711890000e-06
4.049837590000e-03 1.932832000000e+00 3.212202730000e-06
4.212051630000e-03 1.934543850000e+00 3.294728460000e-06
4.130944610000e-03 1.934543850000e+00 3.296397610000e-06
4.212051630000e-03 1.935185910000e+00 3.374936110000e-06
4.293158650000e-03 1.936469790000e+00 3.459502070000e-06
4.293158650000e-03 1.936469790000e+00 3.462098450000e-06
4.455365240000e-03 1.937753920000e+00 3.546756940000e-06
4.455365240000e-03 1.938823700000e+00 3.627057370000e-06
4.455365240000e-03 1.938823700000e+00 3.633733740000e-06
4.536472260000e-03 1.940107820000e+00 3.718206700000e-06
4.536472260000e-03 1.940321680000e+00 3.719226700000e-06
4.617579280000e-03 1.940963750000e+00 3.793500130000e-06
4.698686300000e-03 1.942675590000e+00 3.886967530000e-06
4.698686300000e-03 1.942247630000e+00 3.890398150000e-06
4.779793320000e-03 1.943531510000e+00 3.976077100000e-06
4.860900340000e-03 1.944601540000e+00 4.059251750000e-06
4.779793320000e-03 1.944601540000e+00 4.066948350000e-06
4.942007360000e-03 1.945671560000e+00 4.066948350000e-06
5.023114380000e-03 1.945671560000e+00 4.214412460000e-06
5.023114380000e-03 1.946741340000e+00 4.261062710000e-06
5.185328420000e-03 1.948025470000e+00 4.346899910000e-06
5.104221400000e-03 1.947811370000e+00 4.341301970000e-06
5.185328420000e-03 1.948881390000e+00 4.429005000000e-06
5.104221400000e-03 1.948881390000e+00 4.426206030000e-06
5.347535010000e-03 1.949523450000e+00 4.507377530000e-06
5.347535010000e-03 1.950807330000e+00 4.601612090000e-06
5.347535010000e-03 1.950807330000e+00 4.602545230000e-06
5.428642030000e-03 1.951877360000e+00 4.685582550000e-06
5.509749050000e-03 1.952947140000e+00 4.779817120000e-06
5.509749050000e-03 1.952947140000e+00 4.781682950000e-06
5.590856080000e-03 1.953803060000e+00 4.862855800000e-06
5.590856080000e-03 1.953803060000e+00 4.866587010000e-06
5.671963100000e-03 1.954873090000e+00 4.958955740000e-06
5.753070120000e-03 1.955943110000e+00 5.047591000000e-06
5.753070120000e-03 1.955943110000e+00 5.049457740000e-06
5.834177140000e-03 1.956799030000e+00 5.136227630000e-06
5.834177140000e-03 1.956799030000e+00 5.139026600000e-06
5.915284160000e-03 1.957654950000e+00 5.218332260000e-06
5.915284160000e-03 1.958510880000e+00 5.314432660000e-06
5.996391180000e-03 1.958510880000e+00 5.314432660000e-06
6.077498200000e-03 1.959580900000e+00 5.409599450000e-06
6.239704790000e-03 1.960650920000e+00 5.502900420000e-06
6.158605220000e-03 1.960650920000e+00 5.503833560000e-06
6.158605220000e-03 1.961292980000e+00 5.593402420000e-06
6.239704790000e-03 1.961292980000e+00 5.592470190000e-06
6.320811810000e-03 1.962576870000e+00 5.693234930000e-06
6.320811810000e-03 1.963218690000e+00 5.781871550000e-06
6.401918830000e-03 1.963218690000e+00 5.785602750000e-06
6.483025850000e-03 1.964074850000e+00 5.877971490000e-06
6.564132870000e-03 1.964930770000e+00 5.972204690000e-06
6.483025850000e-03 1.965144630000e+00 5.964741380000e-06
6.645239890000e-03 1.966000800000e+00 6.063640280000e-06
6.564132870000e-03 1.966000800000e+00 6.067372850000e-06
6.645239890000e-03 1.966642620000e+00 6.160673820000e-06
6.807453930000e-03 1.967926500000e+00 6.255840620000e-06
6.807453930000e-03 1.967926500000e+00 6.255840620000e-06
6.888560950000e-03 1.968782660000e+00 6.346342620000e-06
6.888560950000e-03 1.968568560000e+00 6.348209350000e-06
6.969667970000e-03 1.969424490000e+00 6.445241980000e-06
6.969667970000e-03 1.970494510000e+00 6.538542950000e-06
6.969667970000e-03 1.970708610000e+00 6.538542950000e-06
7.050774990000e-03 1.971350430000e+00 6.633710650000e-06
7.212981580000e-03 1.972206350000e+00 6.728877450000e-06
7.212981580000e-03 1.972206350000e+00 6.724212650000e-06
7.212981580000e-03 1.972848420000e+00 6.828709960000e-06
7.294088600000e-03 1.973062520000e+00 6.831508930000e-06
7.375195620000e-03 1.973918440000e+00 6.924809900000e-06
7.456302640000e-03 1.974774360000e+00 7.020910290000e-06
7.456302640000e-03 1.974774360000e+00 7.024641490000e-06
7.537409660000e-03 1.975416420000e+00 7.117010230000e-06
7.537409660000e-03 1.975630280000e+00 7.117942460000e-06
7.618516680000e-03 1.976272340000e+00 7.216841820000e-06
7.699623700000e-03 1.977342370000e+00 7.316674330000e-06
7.699623700000e-03 1.977342370000e+00 7.321338670000e-06
7.699623700000e-03 1.977984190000e+00 7.412774270000e-06
7.780730720000e-03 1.978626250000e+00 7.508874660000e-06
7.861837740000e-03 1.978840110000e+00 7.512606770000e-06
7.861837740000e-03 1.979696270000e+00 7.611506130000e-06
7.861837740000e-03 1.979696270000e+00 7.614305100000e-06
7.942944770000e-03 1.980338100000e+00 7.709471900000e-06
8.105151360000e-03 1.981194020000e+00 7.813969210000e-06
8.105151360000e-03 1.981194020000e+00 7.817700860000e-06
8.186258380000e-03 1.982050180000e+00 7.910069140000e-06
8.267365400000e-03 1.982692000000e+00 8.008036270000e-06
8.267365400000e-03 1.982906100000e+00 8.009901650000e-06
8.267365400000e-03 1.983762030000e+00 8.110666390000e-06
8.348472420000e-03 1.983762030000e+00 8.111599530000e-06
8.429579440000e-03 1.984404090000e+00 8.207699470000e-06
8.429579440000e-03 1.985260010000e+00 8.303800310000e-06
8.429579440000e-03 1.985260010000e+00 8.302866260000e-06
8.510686460000e-03 1.985901830000e+00 8.413895560000e-06
8.591793480000e-03 1.985901830000e+00 8.412961510000e-06
8.672900500000e-03 1.986757990000e+00 8.515593440000e-06
8.672900500000e-03 1.987613920000e+00 8.622889250000e-06
8.754007520000e-03 1.987613920000e+00 8.620090740000e-06
8.754007520000e-03 1.988469840000e+00 8.718989190000e-06
8.916214110000e-03 1.989111900000e+00 8.830951630000e-06
8.916214110000e-03 1.989111900000e+00 8.830018490000e-06
8.997321130000e-03 1.989967820000e+00 8.931716370000e-06
8.916214110000e-03 1.989753720000e+00 8.934515790000e-06
8.997321130000e-03 1.990823750000e+00 9.036213670000e-06
9.159535170000e-03 1.991251710000e+00 9.136979320000e-06
9.159535170000e-03 1.991465810000e+00 9.136046170000e-06
9.240642190000e-03 1.992107630000e+00 9.242409760000e-06
9.240642190000e-03 1.992321730000e+00 9.248007700000e-06
9.321749210000e-03 1.992963550000e+00 9.352503180000e-06
9.402856230000e-03 1.993605610000e+00 9.458868590000e-06
9.321749210000e-03 1.993605610000e+00 9.460733050000e-06
9.483963250000e-03 1.994461540000e+00 9.559633330000e-06
9.565070270000e-03 1.995103600000e+00 9.670661710000e-06
9.483963250000e-03 1.995103600000e+00 9.671593940000e-06
9.565070270000e-03 1.995745420000e+00 9.770492400000e-06
9.565070270000e-03 1.995745420000e+00 9.775158110000e-06
9.646177290000e-03 1.996601580000e+00 9.881520780000e-06
9.808383880000e-03 1.997243400000e+00 9.980421050000e-06
9.808383880000e-03 1.997457500000e+00 9.981353290000e-06
9.889490900000e-03 1.998099330000e+00 1.009051540000e-05
9.889490900000e-03 1.997885470000e+00 1.009518110000e-05
9.970597920000e-03 1.998741390000e+00 1.020154380000e-05
1.005170490000e-02 1.999597310000e+00 1.030884140000e-05
1.005170490000e-02 1.999597310000e+00 1.031257220000e-05
1.013281200000e-02 2.000239370000e+00 1.041240470000e-05
1.021391900000e-02 2.001095290000e+00 1.052809970000e-05
1.021391900000e-02 2.001095290000e+00 1.052716470000e-05
1.029502600000e-02 2.001737360000e+00 1.063446230000e-05
1.029502600000e-02 2.001737360000e+00 1.063726090000e-05
1.037613300000e-02 2.002379180000e+00 1.074549070000e-05
1.045724000000e-02 2.003235340000e+00 1.084532320000e-05
1.045724000000e-02 2.003021240000e+00 1.084438920000e-05
1.053834710000e-02 2.004091260000e+00 1.096288180000e-05
1.061945410000e-02 2.004519220000e+00 1.107297610000e-05
1.061945410000e-02 2.004519220000e+00 1.107484330000e-05
1.070055370000e-02 2.005161290000e+00 1.118307230000e-05
1.070055370000e-02 2.005375150000e+00 1.118307230000e-05
1.078166070000e-02 2.006017210000e+00 1.129130210000e-05
1.086276770000e-02 2.006873130000e+00 1.139953200000e-05
1.086276770000e-02 2.006659030000e+00 1.140419500000e-05
1.094387470000e-02 2.007301090000e+00 1.151335890000e-05
1.094387470000e-02 2.007515190000e+00 1.151709060000e-05
1.102498170000e-02 2.007943150000e+00 1.162252100000e-05
1.110608880000e-02 2.008584980000e+00 1.172515290000e-05
1.102498170000e-02 2.008584980000e+00 1.172515290000e-05
1.118719580000e-02 2.009440900000e+00 1.184177930000e-05
1.126830280000e-02 2.010082960000e+00 1.195280580000e-05
1.126830280000e-02 2.010082960000e+00 1.195747150000e-05
1.134940980000e-02 2.010725020000e+00 1.207409790000e-05
1.126830280000e-02 2.010725020000e+00 1.207409790000e-05
1.143051680000e-02 2.011366840000e+00 1.218232770000e-05
1.143051680000e-02 2.012008910000e+00 1.230175350000e-05
1.151162390000e-02 2.012008910000e+00 1.230268570000e-05
1.159272340000e-02 2.012864830000e+00 1.241651350000e-05
1.151162390000e-02 2.012864830000e+00 1.241931200000e-05
1.159272340000e-02 2.013292790000e+00 1.253220580000e-05
1.175493750000e-02 2.013934850000e+00 1.264136970000e-05
1.175493750000e-02 2.014148710000e+00 1.264043480000e-05
1.175493750000e-02 2.014576910000e+00 1.275612980000e-05
1.191715150000e-02 2.015432830000e+00 1.287928630000e-05
1.183604450000e-02 2.015432830000e+00 1.288115350000e-05
1.207936560000e-02 2.016074660000e+00 1.299964420000e-05
1.199825850000e-02 2.016074660000e+00 1.299871200000e-05
1.207936560000e-02 2.016716720000e+00 1.310974040000e-05
1.216047260000e-02 2.017358780000e+00 1.322729990000e-05
1.216047260000e-02 2.017358780000e+00 1.323009840000e-05
1.224157960000e-02 2.018000600000e+00 1.334019450000e-05
1.232268660000e-02 2.018856530000e+00 1.346148470000e-05
1.224157960000e-02 2.018642660000e+00 1.346148470000e-05
1.240379360000e-02 2.019284730000e+00 1.356784830000e-05
1.240379360000e-02 2.019498590000e+00 1.356784830000e-05
1.240379360000e-02 2.020140650000e+00 1.369380610000e-05
1.248489320000e-02 2.020568610000e+00 1.381509630000e-05
1.256600020000e-02 2.020782470000e+00 1.381416400000e-05
1.256600020000e-02 2.021424530000e+00 1.393545430000e-05
1.256600020000e-02 2.021424530000e+00 1.393918770000e-05
1.272821430000e-02 2.022066590000e+00 1.405488000000e-05
1.280932130000e-02 2.022708420000e+00 1.417523980000e-05
1.272821430000e-02 2.022494550000e+00 1.417337350000e-05
1.289042830000e-02 2.023350480000e+00 1.429093210000e-05
1.289042830000e-02 2.023992540000e+00 1.441502350000e-05
1.289042830000e-02 2.023778440000e+00 1.441222500000e-05
1.297153530000e-02 2.024420500000e+00 1.452138620000e-05
1.305264230000e-02 2.024420500000e+00 1.453071580000e-05
1.313374940000e-02 2.025276420000e+00 1.465760670000e-05
1.321485640000e-02 2.025918250000e+00 1.477236580000e-05
1.321485640000e-02 2.025918250000e+00 1.477609750000e-05
1.321485640000e-02 2.026560310000e+00 1.490018890000e-05
1.321485640000e-02 2.026346450000e+00 1.490205520000e-05
1.337706300000e-02 2.026988270000e+00 1.501774750000e-05
1.337706300000e-02 2.027844190000e+00 1.514090490000e-05
1.337706300000e-02 2.027844190000e+00 1.514930230000e-05
1.345817000000e-02 2.028486250000e+00 1.526872800000e-05
1.353927700000e-02 2.028914210000e+00 1.538815380000e-05
1.362038400000e-02 2.028914210000e+00 1.539188450000e-05
1.362038400000e-02 2.029556270000e+00 1.551037710000e-05
1.362038400000e-02 2.029556270000e+00 1.551037710000e-05
1.370149110000e-02 2.030412200000e+00 1.563820110000e-05
1.378259810000e-02 2.030840160000e+00 1.576508840000e-05
1.378259810000e-02 2.031054260000e+00 1.576882280000e-05
1.386370510000e-02 2.031696080000e+00 1.590130890000e-05
1.402591910000e-02 2.032338140000e+00 1.602073460000e-05
1.402591910000e-02 2.032124040000e+00 1.602073460000e-05
1.410702620000e-02 2.032766100000e+00 1.615415570000e-05
1.410702620000e-02 2.032552000000e+00 1.615695330000e-05
1.418813320000e-02 2.033408160000e+00 1.628477730000e-05
1.426923270000e-02 2.033836130000e+00 1.641353260000e-05
1.418813320000e-02 2.034049990000e+00 1.641353260000e-05
1.426923270000e-02 2.034477950000e+00 1.653762410000e-05
1.435033980000e-02 2.034692050000e+00 1.653855540000e-05
1.443144680000e-02 2.034905910000e+00 1.666824570000e-05
1.451255380000e-02 2.035975930000e+00 1.680259810000e-05
1.451255380000e-02 2.035975930000e+00 1.680446440000e-05
1.451255380000e-02 2.036403890000e+00 1.693695050000e-05
1.467476790000e-02 2.037045960000e+00 1.705917570000e-05
1.467476790000e-02 2.037045960000e+00 1.706477450000e-05
1.475587490000e-02 2.037688020000e+00 1.720099320000e-05
1.467476790000e-02 2.037688020000e+00 1.719819370000e-05
1.483698190000e-02 2.038329840000e+00 1.732508460000e-05
1.483698190000e-02 2.038971900000e+00 1.746130510000e-05
1.491808890000e-02 2.038757800000e+00 1.746690210000e-05
1.499919590000e-02 2.039185760000e+00 1.758726100000e-05
1.491808890000e-02 2.039399860000e+00 1.758726100000e-05
1.499919590000e-02 2.040041920000e+00 1.772721230000e-05
1.516140250000e-02 2.040897850000e+00 1.786809660000e-05
1.516140250000e-02 2.040683750000e+00 1.786902980000e-05
1.524250950000e-02 2.041111710000e+00 1.799965140000e-05
1.532361660000e-02 2.041967630000e+00 1.813307240000e-05
1.524250950000e-02 2.041753770000e+00 1.813493690000e-05
1.532361660000e-02 2.042395830000e+00 1.827582310000e-05
1.540472360000e-02 2.042395830000e+00 1.827582310000e-05
1.548583060000e-02 2.043037650000e+00 1.840831100000e-05
1.556693760000e-02 2.043679710000e+00 1.854639590000e-05
1.548583060000e-02 2.043679710000e+00 1.855012850000e-05
1.564804460000e-02 2.044321540000e+00 1.867141870000e-05
1.564804460000e-02 2.044749740000e+00 1.882163450000e-05
1.564804460000e-02 2.044749740000e+00 1.882443210000e-05
1.581025870000e-02 2.045391560000e+00 1.896251890000e-05
1.572915170000e-02 2.045391560000e+00 1.896438330000e-05
1.581025870000e-02 2.045819520000e+00 1.910713580000e-05
1.589136570000e-02 2.046461580000e+00 1.924242130000e-05
1.589136570000e-02 2.046675440000e+00 1.923962190000e-05
1.605357230000e-02 2.047103640000e+00 1.937584240000e-05
1.597247270000e-02 2.047103640000e+00 1.938610690000e-05
1.613467930000e-02 2.047531600000e+00 1.952045930000e-05
1.613467930000e-02 2.048387530000e+00 1.966694250000e-05
1.613467930000e-02 2.048173430000e+00 1.966507630000e-05
1.621578630000e-02 2.048815490000e+00 1.979662920000e-05
1.629689340000e-02 2.049457550000e+00 1.994777810000e-05
1.629689340000e-02 2.049243450000e+00 1.994777810000e-05
1.637800040000e-02 2.050099370000e+00 2.008119740000e-05
1.637800040000e-02 2.049671410000e+00 2.009426130000e-05
1.645910740000e-02 2.050527330000e+00 2.024260900000e-05
1.662132140000e-02 2.051169400000e+00 2.037882950000e-05
1.654021440000e-02 2.051169400000e+00 2.038349520000e-05
1.662132140000e-02 2.052025320000e+00 2.053930800000e-05
1.662132140000e-02 2.051811460000e+00 2.053277790000e-05
1.670242850000e-02 2.052453280000e+00 2.068485630000e-05
1.678353550000e-02 2.052667380000e+00 2.083227260000e-05
1.686464250000e-02 2.052881240000e+00 2.083413890000e-05
1.686464250000e-02 2.053309200000e+00 2.097875590000e-05
1.694574210000e-02 2.053951260000e+00 2.113270240000e-05
1.686464250000e-02 2.053951260000e+00 2.113736810000e-05
1.710795610000e-02 2.054807190000e+00 2.128944830000e-05
1.710795610000e-02 2.054593320000e+00 2.128478450000e-05
1.710795610000e-02 2.055235150000e+00 2.144432800000e-05
1.718906310000e-02 2.055663110000e+00 2.158707870000e-05
1.727017020000e-02 2.055877210000e+00 2.159547510000e-05
1.727017020000e-02 2.056305170000e+00 2.174848850000e-05
1.735127720000e-02 2.056947230000e+00 2.190523450000e-05
1.743238420000e-02 2.056733130000e+00 2.190057060000e-05
1.751349120000e-02 2.057589050000e+00 2.205731650000e-05
1.751349120000e-02 2.057589050000e+00 2.205171770000e-05
1.751349120000e-02 2.058017020000e+00 2.219726780000e-05
1.767570530000e-02 2.058444980000e+00 2.236334330000e-05
1.767570530000e-02 2.058873180000e+00 2.236707590000e-05
1.767570530000e-02 2.059087040000e+00 2.252568810000e-05
1.767570530000e-02 2.059301140000e+00 2.252755440000e-05
1.775681230000e-02 2.059729100000e+00 2.268056780000e-05
1.791901890000e-02 2.060370920000e+00 2.284477700000e-05
1.783791180000e-02 2.060157060000e+00 2.284291080000e-05
1.800012590000e-02 2.061012980000e+00 2.301458520000e-05
1.808123290000e-02 2.061440940000e+00 2.316573410000e-05
1.800012590000e-02 2.061227080000e+00 2.317786130000e-05
1.816233990000e-02 2.061868910000e+00 2.334113920000e-05
1.816233990000e-02 2.061868910000e+00 2.334020610000e-05
1.816233990000e-02 2.062510970000e+00 2.348855560000e-05
1.824344690000e-02 2.062938930000e+00 2.366396070000e-05
1.824344690000e-02 2.062938930000e+00 2.367049090000e-05
1.832455400000e-02 2.063580990000e+00 2.383190260000e-05
1.832455400000e-02 2.063366890000e+00 2.383190260000e-05
1.848676800000e-02 2.064222810000e+00 2.399984620000e-05
1.856787500000e-02 2.064650770000e+00 2.416125790000e-05
1.848676800000e-02 2.064864870000e+00 2.416871940000e-05
1.856787500000e-02 2.065292840000e+00 2.433199730000e-05
1.864898200000e-02 2.065720800000e+00 2.451207000000e-05
1.873008160000e-02 2.065720800000e+00 2.450833560000e-05
1.873008160000e-02 2.066148760000e+00 2.468094320000e-05
1.873008160000e-02 2.066362860000e+00 2.468001000000e-05
1.881118860000e-02 2.066790820000e+00 2.485448390000e-05
1.889229570000e-02 2.067432640000e+00 2.504201800000e-05
1.897340270000e-02 2.067432640000e+00 2.503922040000e-05
1.905450970000e-02 2.067860600000e+00 2.521369420000e-05
1.905450970000e-02 2.068502660000e+00 2.540775860000e-05
1.913561670000e-02 2.068502660000e+00 2.540402780000e-05
1.913561670000e-02 2.069144730000e+00 2.558409870000e-05
1.913561670000e-02 2.068930630000e+00 2.558503180000e-05
1.921672370000e-02 2.069572690000e+00 2.576696720000e-05
1.929783080000e-02 2.070214510000e+00 2.594517350000e-05
1.929783080000e-02 2.070214510000e+00 2.595263690000e-05
1.937893780000e-02 2.070642710000e+00 2.612897520000e-05
1.946004480000e-02 2.071070670000e+00 2.613270950000e-05
1.946004480000e-02 2.071070670000e+00 2.631277860000e-05
1.962225880000e-02 2.071926590000e+00 2.650871280000e-05
1.954115180000e-02 2.071712490000e+00 2.651244360000e-05
1.962225880000e-02 2.072354560000e+00 2.670091270000e-05
1.970336590000e-02 2.072996620000e+00 2.689311260000e-05
1.970336590000e-02 2.072782520000e+00 2.689497710000e-05
1.978447290000e-02 2.073424580000e+00 2.707038400000e-05
1.978447290000e-02 2.073638440000e+00 2.707598290000e-05
1.994668690000e-02 2.074066400000e+00 2.727191530000e-05
1.994668690000e-02 2.074494360000e+00 2.746784780000e-05
1.994668690000e-02 2.074280500000e+00 2.747064720000e-05
2.002779390000e-02 2.074922560000e+00 2.766284710000e-05
2.010888610000e-02 2.075136420000e+00 2.766751280000e-05
2.018999310000e-02 2.075350520000e+00 2.784851680000e-05
2.018999310000e-02 2.075992350000e+00 2.805097760000e-05
2.018999310000e-02 2.075992350000e+00 2.806217530000e-05
2.035220710000e-02 2.076634410000e+00 2.826557100000e-05
2.043331410000e-02 2.077276470000e+00 2.847643190000e-05
2.035220710000e-02 2.077276470000e+00 2.847736690000e-05
2.043331410000e-02 2.077704430000e+00 2.867143120000e-05
2.051442120000e-02 2.077490330000e+00 2.867889630000e-05
2.051442120000e-02 2.078346250000e+00 2.888975720000e-05
2.067663520000e-02 2.078560350000e+00 2.908942220000e-05
2.059552820000e-02 2.078774210000e+00 2.909968320000e-05
2.067663520000e-02 2.078988310000e+00 2.931614290000e-05
2.083884920000e-02 2.079844240000e+00 2.951580790000e-05
2.083884920000e-02 2.079416280000e+00 2.951673740000e-05
2.083884920000e-02 2.080272200000e+00 2.974346350000e-05
2.083884920000e-02 2.080486300000e+00 2.974159360000e-05
2.091995630000e-02 2.080914260000e+00 2.996551670000e-05
2.100106330000e-02 2.081342220000e+00 3.017917520000e-05
2.100106330000e-02 2.081556080000e+00 3.018664210000e-05
2.108217030000e-02 2.081984280000e+00 3.039843430000e-05
2.108217030000e-02 2.081556080000e+00 3.039190600000e-05
2.116327730000e-02 2.082412240000e+00 3.061955790000e-05
2.124438430000e-02 2.083054070000e+00 3.085281060000e-05
2.124438430000e-02 2.082840200000e+00 3.085747810000e-05
2.132549140000e-02 2.083696130000e+00 3.108513190000e-05
2.140659840000e-02 2.083909990000e+00 3.128292880000e-05
2.140659840000e-02 2.083909990000e+00 3.129226020000e-05
2.148770540000e-02 2.084338190000e+00 3.154417210000e-05
2.148770540000e-02 2.084338190000e+00 3.153764190000e-05
2.156881240000e-02 2.084980010000e+00 3.177462710000e-05
2.156881240000e-02 2.085622070000e+00 3.202747390000e-05
2.173102650000e-02 2.085194110000e+00 3.203493540000e-05
2.173102650000e-02 2.086050030000e+00 3.227005440000e-05
2.173102650000e-02 2.086050030000e+00 3.227005440000e-05
2.181213350000e-02 2.086263900000e+00 3.252476380000e-05
2.189322560000e-02 2.086905960000e+00 3.277574800000e-05
2.189322560000e-02 2.086905960000e+00 3.277761060000e-05
2.205543970000e-02 2.087548020000e+00 3.302393090000e-05
2.213654670000e-02 2.087975980000e+00 3.327304150000e-05
2.213654670000e-02 2.087761880000e+00 3.327957530000e-05
2.213654670000e-02 2.088403940000e+00 3.354641380000e-05
2.213654670000e-02 2.088617800000e+00 3.355294390000e-05
2.229876070000e-02 2.089259860000e+00 3.381698840000e-05
2.237986770000e-02 2.089687820000e+00 3.409036070000e-05
2.229876070000e-02 2.089687820000e+00 3.408662810000e-05
2.246097480000e-02 2.089901920000e+00 3.433854000000e-05
2.246097480000e-02 2.090543750000e+00 3.463057150000e-05
2.246097480000e-02 2.090543750000e+00 3.463430770000e-05
2.254208180000e-02 2.090971710000e+00 3.490674500000e-05
2.254208180000e-02 2.091185810000e+00 3.491047390000e-05
2.262318880000e-02 2.091827870000e+00 3.519131130000e-05
2.270429580000e-02 2.092041730000e+00 3.546188600000e-05
2.270429580000e-02 2.092041730000e+00 3.546375230000e-05
2.278540280000e-02 2.092683790000e+00 3.575391750000e-05
2.278540280000e-02 2.092469690000e+00 3.576231760000e-05
2.294761690000e-02 2.093325610000e+00 3.605994790000e-05
2.294761690000e-02 2.093753810000e+00 3.636784090000e-05
2.294761690000e-02 2.093753810000e+00 3.637437110000e-05
2.310983090000e-02 2.094181780000e+00 3.666733390000e-05
2.319093790000e-02 2.094609740000e+00 3.699015720000e-05
2.310983090000e-02 2.094609740000e+00 3.699015720000e-05
2.319093790000e-02 2.095037700000e+00 3.729338640000e-05
2.319093790000e-02 2.095037700000e+00 3.730271780000e-05
2.327204500000e-02 2.095679520000e+00 3.762647250000e-05
2.343425900000e-02 2.096107720000e+00 3.792783170000e-05
2.335315200000e-02 2.096321580000e+00 3.793063300000e-05
2.343425900000e-02 2.096535680000e+00 3.828051190000e-05
2.343425900000e-02 2.096535680000e+00 3.827677940000e-05
2.351536600000e-02 2.097177510000e+00 3.861639560000e-05
2.367756520000e-02 2.097605470000e+00 3.895414560000e-05
2.359647300000e-02 2.097605470000e+00 3.897093850000e-05
2.367756520000e-02 2.098247530000e+00 3.930215830000e-05
2.375867220000e-02 2.098889590000e+00 3.966883380000e-05
2.375867220000e-02 2.098675490000e+00 3.966883380000e-05
2.383977920000e-02 2.099103450000e+00 4.002897190000e-05
2.383977920000e-02 2.099103450000e+00 4.002430800000e-05
2.392088620000e-02 2.099531410000e+00 4.039097980000e-05
2.400199320000e-02 2.100173470000e+00 4.075112520000e-05
2.400199320000e-02 2.099959370000e+00 4.076325420000e-05
2.408310030000e-02 2.100601430000e+00 4.118124340000e-05
2.416420730000e-02 2.101029400000e+00 4.118124340000e-05
2.416420730000e-02 2.101029400000e+00 4.247285690000e-05
2.424531430000e-02 2.101671460000e+00 4.235158490000e-05
2.432642130000e-02 2.101885320000e+00 4.223964060000e-05
2.432642130000e-02 2.102313280000e+00 4.258480110000e-05
2.440752830000e-02 2.102527380000e+00 4.299525970000e-05
2.440752830000e-02 2.102741240000e+00 4.299525970000e-05
2.448863540000e-02 2.103169440000e+00 4.341504250000e-05
2.448863540000e-02 2.103169440000e+00 4.339637960000e-05
2.448863540000e-02 2.103597400000e+00 4.384415660000e-05
2.465084940000e-02 2.103811260000e+00 4.430125050000e-05
2.465084940000e-02 2.104025360000e+00 4.431991330000e-05
2.473195640000e-02 2.104453330000e+00 4.477700710000e-05
2.481306340000e-02 2.105095150000e+00 4.526209160000e-05
2.489417050000e-02 2.105095150000e+00 4.527141940000e-05
2.481306340000e-02 2.105523350000e+00 4.575650380000e-05
2.489417050000e-02 2.105523350000e+00 4.574717600000e-05
2.497527750000e-02 2.105951310000e+00 4.625092330000e-05
2.513749150000e-02 2.106807230000e+00 4.680130590000e-05
2.505638450000e-02 2.106593130000e+00 4.677331530000e-05
2.521859850000e-02 2.107021090000e+00 4.733303290000e-05
2.513749150000e-02 2.107235190000e+00 4.728639030000e-05
2.521859850000e-02 2.107235190000e+00 4.787409130000e-05
2.529970560000e-02 2.107877250000e+00 4.840581100000e-05
2.529970560000e-02 2.108091120000e+00 4.840581100000e-05
2.546190470000e-02 2.108519080000e+00 4.905881000000e-05
2.546190470000e-02 2.108947040000e+00 4.968382930000e-05
2.546190470000e-02 2.108947040000e+00 4.964651090000e-05
2.554301170000e-02 2.109589100000e+00 5.034615610000e-05
2.554301170000e-02 2.109375000000e+00 5.030883770000e-05
2.562411870000e-02 2.109803200000e+00 5.097116450000e-05
2.570522580000e-02 2.110231160000e+00 5.168013740000e-05
2.570522580000e-02 2.110659120000e+00 5.164281900000e-05
2.570522580000e-02 2.111087080000e+00 5.237044750000e-05
2.594854680000e-02 2.111515050000e+00 5.309807240000e-05
2.586743980000e-02 2.111728910000e+00 5.311672790000e-05
2.602965380000e-02 2.112157110000e+00 5.385368790000e-05
2.594854680000e-02 2.111943010000e+00 5.381637310000e-05
2.611076090000e-02 2.112370970000e+00 5.467459780000e-05
2.619186790000e-02 2.113013030000e+00 5.550483910000e-05
2.611076090000e-02 2.113013030000e+00 5.550483910000e-05
2.619186790000e-02 2.113226890000e+00 5.640038220000e-05
2.627297490000e-02 2.113440990000e+00 5.639105440000e-05
2.627297490000e-02 2.113654850000e+00 5.723062350000e-05
2.635408190000e-02 2.114082810000e+00 5.831273670000e-05
2.635408190000e-02 2.114082810000e+00 5.826609050000e-05
2.643518890000e-02 2.114724870000e+00 5.929223330000e-05
2.651629600000e-02 2.115152840000e+00 6.035568000000e-05
2.643518890000e-02 2.115152840000e+00 6.036501510000e-05
2.659740300000e-02 2.115580800000e+00 6.135383590000e-05
2.659740300000e-02 2.115580800000e+00 6.135383590000e-05
2.667851000000e-02 2.116222860000e+00 6.260386730000e-05
2.675961700000e-02 2.116650820000e+00 6.392852080000e-05
2.675961700000e-02 2.116650820000e+00 6.389120240000e-05
2.684072410000e-02 2.117078780000e+00 6.532780390000e-05
2.684072410000e-02 2.117078780000e+00 6.526250220000e-05
2.692183110000e-02 2.117506740000e+00 6.665245750000e-05
2.700293810000e-02 2.118148800000e+00 6.827562170000e-05
2.700293810000e-02 2.117934700000e+00 6.828494950000e-05
2.708404510000e-02 2.118576770000e+00 6.994543220000e-05
2.716515210000e-02 2.119218830000e+00 7.179248500000e-05
2.716515210000e-02 2.119218830000e+00 7.176450160000e-05
2.724624430000e-02 2.119432690000e+00 7.366752830000e-05
2.724624430000e-02 2.119432690000e+00 7.358356380000e-05
2.732735130000e-02 2.120074750000e+00 7.586906580000e-05
2.740845830000e-02 2.120288610000e+00 7.813589760000e-05
2.740845830000e-02 2.120288610000e+00 7.823850320000e-05
2.748956530000e-02 2.120930670000e+00 8.085984150000e-05
2.757067230000e-02 2.121358630000e+00 8.363040980000e-05
2.757067230000e-02 2.121358630000e+00 8.359310600000e-05
2.765177940000e-02 2.121786590000e+00 8.697935850000e-05
2.765177940000e-02 2.121786590000e+00 8.689540120000e-05
2.773288640000e-02 2.122214560000e+00 9.042159220000e-05
2.781399340000e-02 2.122642520000e+00 9.448884520000e-05
2.781399340000e-02 2.122856620000e+00 9.467542260000e-05
2.789510040000e-02 2.123498440000e+00 9.911581580000e-05
2.789510040000e-02 2.123284580000e+00 9.896654230000e-05
2.797620740000e-02 2.123712540000e+00 1.045636820000e-04
2.805731450000e-02 2.124354600000e+00 1.117093490000e-04
2.805731450000e-02 2.124140500000e+00 1.115507620000e-04
2.813842150000e-02 2.124782560000e+00 1.196852610000e-04
2.813842150000e-02 2.125210520000e+00 1.286313350000e-04
2.821952850000e-02 2.124996420000e+00 1.290791120000e-04
2.830063550000e-02 2.125424390000e+00 1.416259910000e-04
2.830063550000e-02 2.125638480000e+00 1.410756090000e-04
2.838174250000e-02 2.126066450000e+00 1.549098670000e-04
2.846284960000e-02 2.126280550000e+00 1.750222000000e-04
2.838174250000e-02 2.126280550000e+00 1.748636130000e-04
2.854395660000e-02 2.126708510000e+00 1.961327220000e-04
2.854395660000e-02 2.126708510000e+00 1.960114460000e-04
2.862506360000e-02 2.127564430000e+00 2.239784520000e-04
2.870617060000e-02 2.127778290000e+00 2.563484890000e-04
2.870617060000e-02 2.127778290000e+00 2.559193820000e-04
2.878727760000e-02 2.128206250000e+00 2.887092410000e-04
2.894949170000e-02 2.128420350000e+00 3.292697950000e-04
2.894949170000e-02 2.128634450000e+00 3.282622780000e-04
2.894949170000e-02 2.129062410000e+00 3.699422520000e-04
2.894949170000e-02 2.128848310000e+00 3.697183270000e-04
2.903058380000e-02 2.129276280000e+00 4.104001270000e-04
2.911169080000e-02 2.129704240000e+00 4.104001270000e-04
2.911169080000e-02 2.129918340000e+00 4.584035780000e-04
2.919279780000e-02 2.130132200000e+00 4.940322250000e-04
2.927390490000e-02 2.130560160000e+00 5.427528520000e-04
2.927390490000e-02 2.130560160000e+00 5.415372430000e-04
2.935501190000e-02 2.131202220000e+00 5.876394570000e-04
2.935501190000e-02 2.131202220000e+00 5.854885680000e-04
2.943611890000e-02 2.131630180000e+00 6.328999300000e-04
2.951722590000e-02 2.132058140000e+00 6.774124340000e-04
2.951722590000e-02 2.131844280000e+00 6.765708090000e-04
2.959833290000e-02 2.132272240000e+00 7.225794830000e-04
2.951722590000e-02 2.132272240000e+00 7.219249380000e-04
2.959833290000e-02 2.132914070000e+00 7.684946760000e-04
2.976054700000e-02 2.133128170000e+00 8.148774500000e-04
2.967944000000e-02 2.133342270000e+00 8.143164450000e-04
2.992276100000e-02 2.133770230000e+00 8.573326050000e-04
2.992276100000e-02 2.134198190000e+00 9.079235020000e-04
3.000386800000e-02 2.134198190000e+00 9.061467720000e-04
3.000386800000e-02 2.134412050000e+00 9.515943820000e-04
3.008497510000e-02 2.134412050000e+00 9.525295460000e-04
3.008497510000e-02 2.135054110000e+00 1.000314950000e-03
3.016608210000e-02 2.135267970000e+00 1.046136600000e-03
3.024718910000e-02 2.135482070000e+00 1.045107960000e-03
3.024718910000e-02 2.135696170000e+00 1.092238820000e-03
3.032829610000e-02 2.135696170000e+00 1.092519380000e-03
3.040940310000e-02 2.136338000000e+00 1.137966990000e-03
3.049051020000e-02 2.136552100000e+00 1.182198760000e-03
3.040940310000e-02 2.136765960000e+00 1.182760000000e-03
3.049051020000e-02 2.136980060000e+00 1.225589080000e-03
3.057161720000e-02 2.137193920000e+00 1.272813650000e-03
3.065272420000e-02 2.137408020000e+00 1.273655330000e-03
3.073383120000e-02 2.137835980000e+00 1.319102940000e-03
3.065272420000e-02 2.137835980000e+00 1.318261260000e-03
3.073383120000e-02 2.138263940000e+00 1.364550550000e-03
3.081492330000e-02 2.138478040000e+00 1.406725150000e-03
3.081492330000e-02 2.138691900000e+00 1.408595480000e-03
3.089603040000e-02 2.139333960000e+00 1.455632740000e-03
3.089603040000e-02 2.139119860000e+00 1.454416900000e-03
3.097713740000e-02 2.139333960000e+00 1.499022940000e-03
3.105824440000e-02 2.139975790000e+00 1.547275930000e-03
3.105824440000e-02 2.139761920000e+00 1.546808400000e-03
3.105824440000e-02 2.140403990000e+00 1.590853560000e-03
3.122045840000e-02 2.140831950000e+00 1.638077900000e-03
3.130156550000e-02 2.140617850000e+00 1.639386990000e-03
3.130156550000e-02 2.141259910000e+00 1.686798290000e-03
3.130156550000e-02 2.141259910000e+00 1.685395840000e-03
3.138267250000e-02 2.141473770000e+00 1.730282330000e-03
3.146377950000e-02 2.142115830000e+00 1.777506550000e-03
3.146377950000e-02 2.142115830000e+00 1.777880710000e-03
3.162599350000e-02 2.142329930000e+00 1.824263370000e-03
3.162599350000e-02 2.142757890000e+00 1.869149860000e-03
3.162599350000e-02 2.142757890000e+00 1.870178500000e-03
3.170710060000e-02 2.143399720000e+00 1.915626110000e-03
3.170710060000e-02 2.143399720000e+00 1.915065220000e-03
3.178820760000e-02 2.143827680000e+00 1.955182520000e-03
3.186931460000e-02 2.144041780000e+00 2.004370790000e-03
3.186931460000e-02 2.143827680000e+00 2.003716070000e-03
3.195042160000e-02 2.144469740000e+00 2.048789760000e-03
3.203152870000e-02 2.144469740000e+00 2.048883120000e-03
3.203152870000e-02 2.144897700000e+00 2.095546570000e-03
3.211263570000e-02 2.145325660000e+00 2.139778340000e-03
3.211263570000e-02 2.145325660000e+00 2.138282170000e-03
3.211263570000e-02 2.145753620000e+00 2.182701140000e-03
3.227484970000e-02 2.146181580000e+00 2.230393000000e-03
3.235595670000e-02 2.145967720000e+00 2.229831880000e-03
3.235595670000e-02 2.146609540000e+00 2.274250840000e-03
3.235595670000e-02 2.146609540000e+00 2.274437810000e-03
3.243706380000e-02 2.146823640000e+00 2.318202290000e-03
3.251817080000e-02 2.147465710000e+00 2.367109760000e-03
3.259926290000e-02 2.147465710000e+00 2.366268080000e-03
3.259926290000e-02 2.147679570000e+00 2.410874240000e-03
3.259926290000e-02 2.147893670000e+00 2.412651200000e-03
3.276147690000e-02 2.148321630000e+00 2.459594980000e-03
3.276147690000e-02 2.148535490000e+00 2.503359460000e-03
3.276147690000e-02 2.148749590000e+00 2.504294270000e-03
3.284258400000e-02 2.148963450000e+00 2.551425250000e-03
3.284258400000e-02 2.149391650000e+00 2.597527580000e-03
3.292369100000e-02 2.149391650000e+00 2.596218370000e-03
3.300479800000e-02 2.149819610000e+00 2.639234530000e-03
3.300479800000e-02 2.150033470000e+00 2.641198230000e-03
3.308590500000e-02 2.150247570000e+00 2.683373170000e-03
3.316701200000e-02 2.150889400000e+00 2.731064800000e-03
3.316701200000e-02 2.150675540000e+00 2.730877840000e-03
3.324811910000e-02 2.151317360000e+00 2.776138480000e-03
3.341033310000e-02 2.151745560000e+00 2.822801700000e-03
3.332922610000e-02 2.151531460000e+00 2.822427780000e-03
3.341033310000e-02 2.151959420000e+00 2.863573610000e-03
3.341033310000e-02 2.152173520000e+00 2.864508890000e-03
3.349144010000e-02 2.152387380000e+00 2.910798180000e-03
3.357254710000e-02 2.153029440000e+00 2.955403880000e-03
3.357254710000e-02 2.152815340000e+00 2.955310510000e-03
3.365365420000e-02 2.153243300000e+00 3.000103640000e-03
3.365365420000e-02 2.153243300000e+00 3.000758120000e-03
3.373476120000e-02 2.153671260000e+00 3.042839230000e-03
3.381586820000e-02 2.154099460000e+00 3.087632130000e-03
3.381586820000e-02 2.154099460000e+00 3.089876610000e-03
3.389697520000e-02 2.154527430000e+00 3.135604550000e-03
3.397808220000e-02 2.154955390000e+00 3.180771830000e-03
3.397808220000e-02 2.154955390000e+00 3.182268000000e-03
3.405918930000e-02 2.155169250000e+00 3.225097200000e-03
3.405918930000e-02 2.155383350000e+00 3.225658320000e-03
3.414029630000e-02 2.155811310000e+00 3.270638410000e-03
3.422140330000e-02 2.156025170000e+00 3.314589620000e-03
3.422140330000e-02 2.156239270000e+00 3.316272980000e-03
3.430251030000e-02 2.156667230000e+00 3.362094750000e-03
3.430251030000e-02 2.156453370000e+00 3.361346430000e-03
3.438360240000e-02 2.156881330000e+00 3.401931380000e-03
3.446470950000e-02 2.157309290000e+00 3.452615810000e-03
3.454581650000e-02 2.157523160000e+00 3.451680530000e-03
3.462692350000e-02 2.157951120000e+00 3.495912770000e-03
3.462692350000e-02 2.158379080000e+00 3.541640940000e-03
3.462692350000e-02 2.158165220000e+00 3.543978790000e-03
3.470803050000e-02 2.158807280000e+00 3.587088550000e-03
3.470803050000e-02 2.158807280000e+00 3.586153270000e-03
3.478913750000e-02 2.159235240000e+00 3.631133350000e-03
3.487024460000e-02 2.159663200000e+00 3.677329050000e-03
3.487024460000e-02 2.159449100000e+00 3.677235680000e-03
3.503245860000e-02 2.159877060000e+00 3.721280490000e-03
3.503245860000e-02 2.160305020000e+00 3.763735530000e-03
3.503245860000e-02 2.160519120000e+00 3.764951370000e-03
3.519467260000e-02 2.160732980000e+00 3.812643230000e-03
3.519467260000e-02 2.160732980000e+00 3.811240430000e-03
3.519467260000e-02 2.161375050000e+00 3.855192100000e-03
3.527577970000e-02 2.161803010000e+00 3.903444860000e-03
3.527577970000e-02 2.161589150000e+00 3.903164300000e-03
3.543799370000e-02 2.162230970000e+00 3.946461250000e-03
3.543799370000e-02 2.162017110000e+00 3.946180920000e-03
3.551910070000e-02 2.162658930000e+00 3.993031100000e-03
3.551910070000e-02 2.162873030000e+00 4.038852640000e-03
3.560020770000e-02 2.163086890000e+00 4.038011190000e-03
3.560020770000e-02 2.163300990000e+00 4.081401510000e-03
3.568131480000e-02 2.163943050000e+00 4.124698230000e-03
3.568131480000e-02 2.163943050000e+00 4.124604630000e-03
3.576242180000e-02 2.164156910000e+00 4.124604630000e-03
3.576242180000e-02 2.163943050000e+00 4.262124190000e-03
3.584352880000e-02 2.164584880000e+00 4.257461060000e-03
3.592463580000e-02 2.164798970000e+00 4.289170730000e-03
3.592463580000e-02 2.165012840000e+00 4.285440310000e-03
3.600574280000e-02 2.165440800000e+00 4.325543060000e-03
3.600574280000e-02 2.165226940000e+00 4.322745840000e-03
3.608684990000e-02 2.165869000000e+00 4.366579000000e-03
3.624904900000e-02 2.166296960000e+00 4.409479910000e-03
3.616794200000e-02 2.166296960000e+00 4.411345810000e-03
3.624904900000e-02 2.166938780000e+00 4.457044420000e-03
3.641126300000e-02 2.167152880000e+00 4.500878510000e-03
3.633015600000e-02 2.166938780000e+00 4.499945320000e-03
3.641126300000e-02 2.167580840000e+00 4.544711210000e-03
3.641126300000e-02 2.167580840000e+00 4.542846700000e-03
3.649237010000e-02 2.168008800000e+00 4.588545300000e-03
3.657347710000e-02 2.168436770000e+00 4.635176620000e-03
3.657347710000e-02 2.168436770000e+00 4.632379390000e-03
3.665458410000e-02 2.168650870000e+00 4.676212560000e-03
3.673569110000e-02 2.169292690000e+00 4.722843880000e-03
3.673569110000e-02 2.169292690000e+00 4.720979370000e-03
3.681679820000e-02 2.169506790000e+00 4.762014840000e-03
3.681679820000e-02 2.169720650000e+00 4.762014840000e-03
3.689790520000e-02 2.170148610000e+00 4.807713440000e-03
3.697901220000e-02 2.170362710000e+00 4.845951680000e-03
3.697901220000e-02 2.170148610000e+00 4.847816190000e-03
3.706011920000e-02 2.170790670000e+00 4.896313420000e-03
3.714122620000e-02 2.170790670000e+00 4.894448910000e-03
3.714122620000e-02 2.171218630000e+00 4.936416170000e-03
3.722233330000e-02 2.171646600000e+00 4.983048420000e-03
3.730344030000e-02 2.171646600000e+00 4.984912930000e-03
3.730344030000e-02 2.172074560000e+00 5.025948860000e-03
3.738454730000e-02 2.172502520000e+00 5.076311530000e-03
3.738454730000e-02 2.172716620000e+00 5.075378810000e-03
3.746565430000e-02 2.172930720000e+00 5.124807360000e-03
3.746565430000e-02 2.172930720000e+00 5.121077410000e-03
3.762786840000e-02 2.173358680000e+00 5.168641450000e-03
3.754676130000e-02 2.173572540000e+00 5.206879690000e-03
3.762786840000e-02 2.173786640000e+00 5.205013790000e-03
3.770897540000e-02 2.174214600000e+00 5.257241430000e-03
3.762786840000e-02 2.174000500000e+00 5.254443730000e-03
3.779008240000e-02 2.174642560000e+00 5.299209620000e-03
3.787118940000e-02 2.175070520000e+00 5.347706840000e-03
3.787118940000e-02 2.175070520000e+00 5.345840940000e-03
3.803338860000e-02 2.175070520000e+00 5.388742310000e-03
3.811449560000e-02 2.175926450000e+00 5.433508190000e-03
3.811449560000e-02 2.175926450000e+00 5.433508190000e-03
3.811449560000e-02 2.176568510000e+00 5.476409570000e-03
3.803338860000e-02 2.176354410000e+00 5.475476380000e-03
3.819560260000e-02 2.176568510000e+00 5.517445040000e-03
3.835781660000e-02 2.176996470000e+00 5.564076360000e-03
3.827670960000e-02 2.176782370000e+00 5.561279130000e-03
3.843892370000e-02 2.177210570000e+00 5.610709080000e-03
3.843892370000e-02 2.177638530000e+00 5.653609060000e-03
3.843892370000e-02 2.178066490000e+00 5.655474500000e-03
3.852003070000e-02 2.178280350000e+00 5.702106280000e-03
3.860113770000e-02 2.178066490000e+00 5.696510430000e-03
3.860113770000e-02 2.178494450000e+00 5.739411340000e-03
3.868224470000e-02 2.179136280000e+00 5.787908570000e-03
3.868224470000e-02 2.179136280000e+00 5.787908570000e-03
3.884445880000e-02 2.179564480000e+00 5.828011320000e-03
3.876335170000e-02 2.179350380000e+00 5.827078600000e-03
3.884445880000e-02 2.179778340000e+00 5.874642640000e-03
3.892556580000e-02 2.180206300000e+00 5.918476730000e-03
3.892556580000e-02 2.180420400000e+00 5.915678570000e-03
3.900667280000e-02 2.180634260000e+00 5.962309890000e-03
3.916888680000e-02 2.181062220000e+00 6.007076710000e-03
3.908777980000e-02 2.181276320000e+00 6.007076710000e-03
3.916888680000e-02 2.181704280000e+00 6.049978080000e-03
3.916888680000e-02 2.181704280000e+00 6.051842590000e-03
3.924999390000e-02 2.181704280000e+00 6.089147650000e-03
3.933110090000e-02 2.182560210000e+00 6.137644870000e-03
