#  J [A] 	 V 	 L [w] 
-8.658319710000e-05 2.734959130000e-04 -2.967427410000e-09
-5.483627320000e-06 2.734959130000e-04 -2.689285240000e-09
-5.483627320000e-06 4.874765870000e-04 -2.782021500000e-09
-5.483627320000e-06 1.343458890000e-03 -2.782021500000e-09
-5.483627320000e-06 1.557439570000e-03 -2.782021500000e-09
-5.483627320000e-06 1.557439570000e-03 -3.152899940000e-09
-8.658319710000e-05 1.557439570000e-03 -2.411076450000e-09
-8.658319710000e-05 1.557439570000e-03 -2.782021500000e-09
-8.658319710000e-05 1.557439570000e-03 -2.596548980000e-09
-8.658319710000e-05 1.557439570000e-03 -2.782021500000e-09
-8.658319710000e-05 1.557439570000e-03 -2.967427410000e-09
-5.483627320000e-06 1.557439570000e-03 -2.874757770000e-09
-8.658319710000e-05 1.557439570000e-03 -2.782021500000e-09
-8.658319710000e-05 1.557439570000e-03 -2.689285240000e-09
-8.658319710000e-05 1.557439570000e-03 -2.874757770000e-09
-5.483627320000e-06 1.557439570000e-03 -3.245636200000e-09
-5.483627320000e-06 1.557439570000e-03 -2.596548980000e-09
-8.658319710000e-05 1.557439570000e-03 -3.060163680000e-09
-8.658319710000e-05 1.557439570000e-03 -3.060163680000e-09
-5.483627320000e-06 1.557439570000e-03 -2.967427410000e-09
-5.483627320000e-06 1.557439570000e-03 -2.874757770000e-09
-5.483627320000e-06 1.343458890000e-03 -2.967427410000e-09
-8.658319710000e-05 1.557439570000e-03 -2.596548980000e-09
-5.483627320000e-06 1.557439570000e-03 -2.689285240000e-09
-8.658319710000e-05 1.343458890000e-03 -2.689285240000e-09
-8.658319710000e-05 1.557439570000e-03 -2.689285240000e-09
-8.658319710000e-05 1.129448410000e-03 -2.967427410000e-09
-5.483627320000e-06 1.129448410000e-03 -1.205638260000e-09
7.244795560000e-04 1.798873190000e+00 2.306085210000e-07
7.244795560000e-04 1.829046010000e+00 2.689042730000e-07
7.244795560000e-04 1.834609750000e+00 3.094253600000e-07
8.055865760000e-04 1.839317560000e+00 3.253741740000e-07
8.866861460000e-04 1.839317560000e+00 3.613517380000e-07
1.048900190000e-03 1.843811510000e+00 4.015019210000e-07
1.048900190000e-03 1.847449300000e+00 4.169871490000e-07
1.048900190000e-03 1.848091360000e+00 4.505538130000e-07
1.130007210000e-03 1.851301190000e+00 4.724370510000e-07
1.211114230000e-03 1.851515050000e+00 5.046128990000e-07
1.211114230000e-03 1.854725120000e+00 5.463395500000e-07
1.211114230000e-03 1.857934950000e+00 5.635864680000e-07
1.292221250000e-03 1.858148810000e+00 6.014184920000e-07
1.373328270000e-03 1.860930680000e+00 6.484305000000e-07
1.373328270000e-03 1.863926650000e+00 6.672537440000e-07
1.454435290000e-03 1.863926650000e+00 7.038804030000e-07
1.535542310000e-03 1.866708520000e+00 7.277108690000e-07
1.535542310000e-03 1.866708520000e+00 7.623902430000e-07
1.535542310000e-03 1.869276520000e+00 8.071768890000e-07
1.697756350000e-03 1.871844290000e+00 8.270201870000e-07
1.697756350000e-03 1.871416330000e+00 8.696738970000e-07
1.697756350000e-03 1.874198200000e+00 8.859936430000e-07
1.859962940000e-03 1.874840260000e+00 9.230838600000e-07
1.859962940000e-03 1.874840260000e+00 9.724140000000e-07
1.941069960000e-03 1.878692150000e+00 1.002457110000e-06
1.941069960000e-03 1.878692150000e+00 1.036951060000e-06
1.941069960000e-03 1.881046060000e+00 1.087393800000e-06
2.022176980000e-03 1.881046060000e+00 1.108164380000e-06
2.184391020000e-03 1.882757900000e+00 1.155454470000e-06
2.184391020000e-03 1.884683850000e+00 1.172608680000e-06
2.265498040000e-03 1.885539770000e+00 1.212759000000e-06
2.265498040000e-03 1.885539770000e+00 1.263479820000e-06
2.427712080000e-03 1.888321640000e+00 1.296397390000e-06
2.427712080000e-03 1.888535740000e+00 1.337196860000e-06
2.346605060000e-03 1.890461680000e+00 1.353887460000e-06
2.508819100000e-03 1.890461680000e+00 1.394408510000e-06
2.508819100000e-03 1.891745570000e+00 1.456812920000e-06
2.508819100000e-03 1.894099470000e+00 1.476192660000e-06
2.671025690000e-03 1.894313570000e+00 1.516435530000e-06
2.671025690000e-03 1.894313570000e+00 1.572070910000e-06
2.752132710000e-03 1.897309300000e+00 1.607584860000e-06
2.752132710000e-03 1.897523400000e+00 1.648662190000e-06
2.833239730000e-03 1.898807290000e+00 1.664703750000e-06
2.833239730000e-03 1.898807290000e+00 1.706893840000e-06
2.833239730000e-03 1.900519370000e+00 1.771802090000e-06
2.995453770000e-03 1.901803260000e+00 1.791830750000e-06
2.995453770000e-03 1.902017120000e+00 1.836060960000e-06
2.995453770000e-03 1.902017120000e+00 1.891232500000e-06
3.157667820000e-03 1.905013080000e+00 1.927581250000e-06
3.238774840000e-03 1.905013080000e+00 1.970327500000e-06
3.238774840000e-03 1.906296970000e+00 1.987389170000e-06
3.319881860000e-03 1.906296970000e+00 2.028002880000e-06
3.319881860000e-03 1.907581090000e+00 2.098010780000e-06
3.319881860000e-03 1.909078840000e+00 2.119708820000e-06
3.400988880000e-03 1.909506800000e+00 2.165793600000e-06
3.400988880000e-03 1.909506800000e+00 2.187027580000e-06
3.400988880000e-03 1.910576820000e+00 2.239695730000e-06
3.482095900000e-03 1.911860700000e+00 2.298761960000e-06
3.644302490000e-03 1.913144830000e+00 2.322592540000e-06
3.644302490000e-03 1.913572790000e+00 2.370346010000e-06
3.725409510000e-03 1.914856670000e+00 2.443043060000e-06
3.887623550000e-03 1.915926690000e+00 2.465390030000e-06
3.887623550000e-03 1.916140560000e+00 2.511660110000e-06
3.806516530000e-03 1.916140560000e+00 2.533914310000e-06
3.887623550000e-03 1.917424680000e+00 2.583522470000e-06
3.968730570000e-03 1.918280600000e+00 2.645926770000e-06
4.049837590000e-03 1.919778590000e+00 2.671797350000e-06
4.049837590000e-03 1.919778590000e+00 2.722240200000e-06
4.130944610000e-03 1.921062470000e+00 2.754230540000e-06
4.212051630000e-03 1.921062470000e+00 2.798831700000e-06
4.212051630000e-03 1.922346350000e+00 2.856506850000e-06
4.212051630000e-03 1.922346350000e+00 2.882470200000e-06
4.293158650000e-03 1.923416380000e+00 2.937641970000e-06
4.293158650000e-03 1.924486400000e+00 3.000695410000e-06
4.293158650000e-03 1.925556180000e+00 3.026009610000e-06
4.455365240000e-03 1.925556180000e+00 3.075339690000e-06
4.536472260000e-03 1.926840310000e+00 3.109555340000e-06
4.617579280000e-03 1.926840310000e+00 3.152023740000e-06
4.617579280000e-03 1.927910090000e+00 3.214520800000e-06
4.698686300000e-03 1.927910090000e+00 3.241782220000e-06
4.698686300000e-03 1.929194210000e+00 3.298344840000e-06
4.779793320000e-03 1.930050130000e+00 3.363901900000e-06
4.779793320000e-03 1.931334020000e+00 3.390421400000e-06
4.860900340000e-03 1.931548120000e+00 3.439566170000e-06
4.942007360000e-03 1.932404040000e+00 3.472298200000e-06
5.023114380000e-03 1.932404040000e+00 3.520237210000e-06
5.023114380000e-03 1.933474060000e+00 3.581714510000e-06
5.023114380000e-03 1.933474060000e+00 3.609161470000e-06
5.104221400000e-03 1.934543850000e+00 3.667022160000e-06
5.185328420000e-03 1.935400010000e+00 3.688256130000e-06
5.185328420000e-03 1.935827970000e+00 3.735546440000e-06
5.185328420000e-03 1.936683890000e+00 3.800176050000e-06
5.347535010000e-03 1.937753920000e+00 3.843479130000e-06
5.347535010000e-03 1.937753920000e+00 3.891418150000e-06
5.428642030000e-03 1.938823700000e+00 3.955955440000e-06
5.428642030000e-03 1.938823700000e+00 3.983124320000e-06
5.509749050000e-03 1.939465760000e+00 4.041170540000e-06
5.590856080000e-03 1.940749650000e+00 4.060642370000e-06
5.590856080000e-03 1.940535780000e+00 4.112569060000e-06
5.590856080000e-03 1.941819670000e+00 4.112569060000e-06
5.753070120000e-03 1.942675590000e+00 4.112569060000e-06
5.753070120000e-03 1.942675590000e+00 4.112569060000e-06
5.753070120000e-03 1.943531510000e+00 4.112569060000e-06
5.834177140000e-03 1.943531510000e+00 4.460727720000e-06
5.915284160000e-03 1.944601540000e+00 4.458861890000e-06
6.077498200000e-03 1.945457460000e+00 4.475656170000e-06
6.077498200000e-03 1.945457460000e+00 4.523239570000e-06
5.996391180000e-03 1.946527480000e+00 4.593215180000e-06
6.158605220000e-03 1.947383400000e+00 4.618406360000e-06
6.158605220000e-03 1.947383400000e+00 4.672520840000e-06
6.158605220000e-03 1.948239330000e+00 4.684650320000e-06
6.239704790000e-03 1.948239330000e+00 4.739697490000e-06
6.239704790000e-03 1.949095250000e+00 4.819003610000e-06
6.483025850000e-03 1.950165270000e+00 4.841395820000e-06
6.401918830000e-03 1.950165270000e+00 4.896443900000e-06
6.401918830000e-03 1.951235290000e+00 4.965485910000e-06
6.564132870000e-03 1.952091220000e+00 4.997208630000e-06
6.564132870000e-03 1.951877360000e+00 5.051323570000e-06
6.564132870000e-03 1.952733280000e+00 5.073715780000e-06
6.645239890000e-03 1.952733280000e+00 5.129696090000e-06
6.726346910000e-03 1.953803060000e+00 5.211801180000e-06
6.726346910000e-03 1.954659220000e+00 5.232327570000e-06
6.807453930000e-03 1.954873090000e+00 5.288307880000e-06
6.888560950000e-03 1.954873090000e+00 5.305102150000e-06
6.888560950000e-03 1.955301050000e+00 5.365748170000e-06
6.888560950000e-03 1.956371070000e+00 5.436657370000e-06
6.969667970000e-03 1.957013130000e+00 5.461848560000e-06
7.050774990000e-03 1.957013130000e+00 5.520627840000e-06
7.131874560000e-03 1.958082910000e+00 5.599000360000e-06
7.131874560000e-03 1.958939080000e+00 5.618593600000e-06
7.212981580000e-03 1.959367040000e+00 5.678306480000e-06
7.294088600000e-03 1.959367040000e+00 5.698832870000e-06
7.294088600000e-03 1.959795000000e+00 5.761344710000e-06
7.294088600000e-03 1.960864780000e+00 5.837851860000e-06
7.456302640000e-03 1.961720940000e+00 5.863976180000e-06
7.456302640000e-03 1.961720940000e+00 5.919023350000e-06
7.537409660000e-03 1.962576870000e+00 5.945148130000e-06
7.537409660000e-03 1.962576870000e+00 6.005794150000e-06
7.699623700000e-03 1.963218690000e+00 6.081367700000e-06
7.699623700000e-03 1.964288710000e+00 6.103759920000e-06
7.780730720000e-03 1.964074850000e+00 6.166271760000e-06
7.780730720000e-03 1.964930770000e+00 6.240912170000e-06
7.780730720000e-03 1.965572600000e+00 6.264237530000e-06
7.861837740000e-03 1.965572600000e+00 6.321151430000e-06
7.942944770000e-03 1.966428760000e+00 6.355673120000e-06
7.942944770000e-03 1.966642620000e+00 6.411653430000e-06
7.942944770000e-03 1.967712640000e+00 6.485361610000e-06
8.024044330000e-03 1.967712640000e+00 6.512418170000e-06
8.105151360000e-03 1.968140600000e+00 6.569332070000e-06
8.105151360000e-03 1.968996520000e+00 6.647705960000e-06
8.267365400000e-03 1.969852450000e+00 6.671963550000e-06
8.267365400000e-03 1.969852450000e+00 6.730743280000e-06
8.348472420000e-03 1.970494510000e+00 6.762465550000e-06
8.348472420000e-03 1.970708610000e+00 6.816580480000e-06
8.348472420000e-03 1.971564530000e+00 6.890288200000e-06
8.429579440000e-03 1.971564530000e+00 6.909881450000e-06
8.510686460000e-03 1.972206350000e+00 6.977991690000e-06
8.591793480000e-03 1.972848420000e+00 7.002249280000e-06
8.591793480000e-03 1.972848420000e+00 7.061962150000e-06
8.591793480000e-03 1.972848420000e+00 7.140334670000e-06
8.754007520000e-03 1.974346400000e+00 7.178588930000e-06
8.754007520000e-03 1.974560260000e+00 7.233635640000e-06
8.835114540000e-03 1.975202320000e+00 7.312009530000e-06
8.835114540000e-03 1.975844380000e+00 7.337200710000e-06
8.916214110000e-03 1.976058240000e+00 7.404377360000e-06
8.916214110000e-03 1.976914170000e+00 7.430501680000e-06
8.997321130000e-03 1.976700310000e+00 7.490214560000e-06
8.916214110000e-03 1.977770330000e+00 7.561123770000e-06
9.240642190000e-03 1.978412150000e+00 7.598443060000e-06
9.240642190000e-03 1.978412150000e+00 7.661888050000e-06
9.159535170000e-03 1.979054210000e+00 7.685213860000e-06
9.240642190000e-03 1.979054210000e+00 7.742127310000e-06
9.321749210000e-03 1.979696270000e+00 7.830763020000e-06
9.321749210000e-03 1.980338100000e+00 7.855021980000e-06
9.402856230000e-03 1.980338100000e+00 7.915667080000e-06
9.402856230000e-03 1.981621980000e+00 7.991241550000e-06
9.565070270000e-03 1.982050180000e+00 8.033227460000e-06
9.565070270000e-03 1.982050180000e+00 8.091073140000e-06
9.565070270000e-03 1.982692000000e+00 8.112532670000e-06
9.646177290000e-03 1.982692000000e+00 8.168513890000e-06
9.727284310000e-03 1.983547930000e+00 8.254351090000e-06
9.727284310000e-03 1.983975890000e+00 8.276742850000e-06
9.808383880000e-03 1.984404090000e+00 8.340187380000e-06
9.808383880000e-03 1.984404090000e+00 8.364446330000e-06
9.889490900000e-03 1.984832050000e+00 8.431622520000e-06
9.889490900000e-03 1.985687970000e+00 8.514660290000e-06
9.970597920000e-03 1.986329790000e+00 8.542650900000e-06
1.005170490000e-02 1.986329790000e+00 8.601430640000e-06
1.021391900000e-02 1.987185960000e+00 8.691932630000e-06
1.021391900000e-02 1.987827780000e+00 8.715258450000e-06
1.021391900000e-02 1.987827780000e+00 8.777768930000e-06
1.021391900000e-02 1.987827780000e+00 8.804827300000e-06
1.029502600000e-02 1.988469840000e+00 8.871070350000e-06
1.037613300000e-02 1.989111900000e+00 8.948510190000e-06
1.037613300000e-02 1.989967820000e+00 8.971836910000e-06
1.045724000000e-02 1.989967820000e+00 9.039945330000e-06
1.053834710000e-02 1.990609650000e+00 9.130448230000e-06
1.061945410000e-02 1.991251710000e+00 9.154705370000e-06
1.061945410000e-02 1.991465810000e+00 9.218150810000e-06
1.061945410000e-02 1.991465810000e+00 9.243341990000e-06
1.070055370000e-02 1.992107630000e+00 9.304920240000e-06
1.078166070000e-02 1.992749690000e+00 9.390757440000e-06
1.078166070000e-02 1.993391510000e+00 9.415948630000e-06
1.086276770000e-02 1.993391510000e+00 9.477526870000e-06
1.094387470000e-02 1.994033580000e+00 9.512050380000e-06
1.094387470000e-02 1.994033580000e+00 9.568962920000e-06
1.094387470000e-02 1.994675640000e+00 9.646402760000e-06
1.102498170000e-02 1.994675640000e+00 9.668795430000e-06
1.110608880000e-02 1.995317460000e+00 9.743436750000e-06
1.118719580000e-02 1.995959520000e+00 9.829273950000e-06
1.118719580000e-02 1.996815440000e+00 9.853531080000e-06
1.126830280000e-02 1.996815440000e+00 9.921641320000e-06
1.134940980000e-02 1.997457500000e+00 9.958029300000e-06
1.134940980000e-02 1.997457500000e+00 1.002053980000e-05
1.134940980000e-02 1.998313430000e+00 1.009611330000e-05
1.143051680000e-02 1.998313430000e+00 1.012783740000e-05
1.159272340000e-02 1.998955490000e+00 1.019687990000e-05
1.159272340000e-02 1.999383450000e+00 1.022113700000e-05
1.159272340000e-02 1.999597310000e+00 1.029018040000e-05
1.159272340000e-02 1.999597310000e+00 1.036668800000e-05
1.175493750000e-02 2.001095290000e+00 1.040400820000e-05
1.183604450000e-02 2.000881430000e+00 1.047025220000e-05
1.183604450000e-02 2.001523260000e+00 1.055235590000e-05
1.183604450000e-02 2.001523260000e+00 1.057941430000e-05
1.191715150000e-02 2.002165320000e+00 1.065312060000e-05
1.199825850000e-02 2.002807140000e+00 1.067458110000e-05
1.199825850000e-02 2.002807140000e+00 1.073522710000e-05
1.199825850000e-02 2.003663300000e+00 1.082199650000e-05
1.216047260000e-02 2.004091260000e+00 1.086584870000e-05
1.216047260000e-02 2.004305120000e+00 1.092462840000e-05
1.216047260000e-02 2.004733090000e+00 1.100673400000e-05
1.224157960000e-02 2.004733090000e+00 1.103658910000e-05
1.232268660000e-02 2.005589250000e+00 1.110003450000e-05
1.232268660000e-02 2.006017210000e+00 1.112242630000e-05
1.232268660000e-02 2.006231070000e+00 1.119426910000e-05
1.240379360000e-02 2.006873130000e+00 1.127917400000e-05
1.256600020000e-02 2.007515190000e+00 1.132115900000e-05
1.256600020000e-02 2.007301090000e+00 1.138553670000e-05
1.256600020000e-02 2.007943150000e+00 1.141166010000e-05
1.264710720000e-02 2.007943150000e+00 1.147137390000e-05
1.272821430000e-02 2.008584980000e+00 1.156934010000e-05
1.272821430000e-02 2.009227040000e+00 1.159359640000e-05
1.280932130000e-02 2.009440900000e+00 1.166077530000e-05
1.280932130000e-02 2.009869100000e+00 1.174381120000e-05
1.297153530000e-02 2.010510920000e+00 1.178859570000e-05
1.297153530000e-02 2.010725020000e+00 1.185017660000e-05
1.297153530000e-02 2.011366840000e+00 1.187070210000e-05
1.305264230000e-02 2.011366840000e+00 1.193881050000e-05
1.313374940000e-02 2.011794810000e+00 1.203584450000e-05
1.321485640000e-02 2.012223010000e+00 1.206196980000e-05
1.321485640000e-02 2.012650970000e+00 1.212727970000e-05
1.321485640000e-02 2.013292790000e+00 1.215340310000e-05
1.329596340000e-02 2.013078930000e+00 1.222431270000e-05
1.337706300000e-02 2.013506890000e+00 1.230921590000e-05
1.337706300000e-02 2.014362810000e+00 1.233720650000e-05
1.345817000000e-02 2.014362810000e+00 1.240718390000e-05
1.345817000000e-02 2.015004870000e+00 1.250235070000e-05
1.345817000000e-02 2.015432830000e+00 1.252754190000e-05
1.362038400000e-02 2.015432830000e+00 1.259285180000e-05
1.353927700000e-02 2.015432830000e+00 1.261804300000e-05
1.370149110000e-02 2.016074660000e+00 1.269175210000e-05
1.378259810000e-02 2.016716720000e+00 1.278132090000e-05
1.378259810000e-02 2.017358780000e+00 1.281677580000e-05
1.386370510000e-02 2.017358780000e+00 1.288488420000e-05
1.386370510000e-02 2.018000600000e+00 1.298378450000e-05
1.402591910000e-02 2.018642660000e+00 1.300897570000e-05
1.402591910000e-02 2.018642660000e+00 1.308361520000e-05
1.402591910000e-02 2.018642660000e+00 1.310414250000e-05
1.410702620000e-02 2.019284730000e+00 1.318064820000e-05
1.410702620000e-02 2.019926550000e+00 1.327581780000e-05
1.410702620000e-02 2.020568610000e+00 1.330007400000e-05
1.426923270000e-02 2.020568610000e+00 1.336818510000e-05
1.435033980000e-02 2.020996570000e+00 1.340550440000e-05
1.435033980000e-02 2.021210430000e+00 1.347454780000e-05
1.435033980000e-02 2.021852490000e+00 1.356224950000e-05
1.443144680000e-02 2.021852490000e+00 1.359303950000e-05
1.443144680000e-02 2.022066590000e+00 1.367234650000e-05
1.443144680000e-02 2.022922520000e+00 1.376004820000e-05
1.459366080000e-02 2.023564340000e+00 1.378803880000e-05
1.467476790000e-02 2.023564340000e+00 1.386081480000e-05
1.475587490000e-02 2.024206400000e+00 1.390093350000e-05
1.475587490000e-02 2.023992540000e+00 1.396531120000e-05
1.475587490000e-02 2.024848460000e+00 1.405488000000e-05
1.475587490000e-02 2.024848460000e+00 1.408753630000e-05
1.483698190000e-02 2.025276420000e+00 1.415937820000e-05
1.499919590000e-02 2.026132350000e+00 1.417897150000e-05
1.499919590000e-02 2.025490280000e+00 1.425361280000e-05
1.499919590000e-02 2.025490280000e+00 1.434598020000e-05
1.508030300000e-02 2.026988270000e+00 1.438983240000e-05
1.516140250000e-02 2.027202370000e+00 1.446074020000e-05
1.516140250000e-02 2.028058290000e+00 1.454750960000e-05
1.524250950000e-02 2.028058290000e+00 1.457643430000e-05
1.540472360000e-02 2.028486250000e+00 1.465760670000e-05
1.548583060000e-02 2.028914210000e+00 1.468652860000e-05
1.548583060000e-02 2.029128310000e+00 1.475837140000e-05
1.540472360000e-02 2.029128310000e+00 1.484887160000e-05
1.556693760000e-02 2.029984240000e+00 1.489085750000e-05
1.556693760000e-02 2.029984240000e+00 1.495803640000e-05
1.556693760000e-02 2.030626060000e+00 1.505320320000e-05
1.564804460000e-02 2.031268120000e+00 1.507932670000e-05
1.572915170000e-02 2.031268120000e+00 1.516329670000e-05
1.581025870000e-02 2.031910180000e+00 1.518942280000e-05
1.581025870000e-02 2.031910180000e+00 1.526126470000e-05
1.581025870000e-02 2.032552000000e+00 1.535269800000e-05
1.597247270000e-02 2.032766100000e+00 1.539468390000e-05
1.597247270000e-02 2.032979970000e+00 1.546466050000e-05
1.605357230000e-02 2.033408160000e+00 1.549078480000e-05
1.605357230000e-02 2.033622030000e+00 1.556262760000e-05
1.605357230000e-02 2.034264090000e+00 1.566712310000e-05
1.613467930000e-02 2.034905910000e+00 1.569324920000e-05
1.613467930000e-02 2.034692050000e+00 1.576042450000e-05
1.621578630000e-02 2.034692050000e+00 1.585839160000e-05
1.629689340000e-02 2.035762070000e+00 1.590037570000e-05
1.629689340000e-02 2.035975930000e+00 1.597408300000e-05
1.637800040000e-02 2.036403890000e+00 1.600207540000e-05
1.645910740000e-02 2.036403890000e+00 1.607391640000e-05
1.654021440000e-02 2.037045960000e+00 1.617934690000e-05
1.662132140000e-02 2.037473920000e+00 1.620827060000e-05
1.662132140000e-02 2.037473920000e+00 1.628664360000e-05
1.662132140000e-02 2.037473920000e+00 1.631463420000e-05
1.670242850000e-02 2.038115980000e+00 1.639393850000e-05
1.670242850000e-02 2.038543940000e+00 1.649003930000e-05
1.670242850000e-02 2.039399860000e+00 1.652549510000e-05
1.686464250000e-02 2.039185760000e+00 1.659733430000e-05
1.694574210000e-02 2.039827820000e+00 1.670276470000e-05
1.702684910000e-02 2.040469880000e+00 1.673542100000e-05
1.702684910000e-02 2.040469880000e+00 1.681006320000e-05
1.702684910000e-02 2.040469880000e+00 1.683805390000e-05
1.710795610000e-02 2.040897850000e+00 1.692202390000e-05
1.718906310000e-02 2.041539670000e+00 1.701812290000e-05
1.718906310000e-02 2.041967630000e+00 1.705171050000e-05
1.718906310000e-02 2.042181730000e+00 1.712635280000e-05
1.735127720000e-02 2.042609690000e+00 1.723831340000e-05
1.743238420000e-02 2.043465610000e+00 1.726817030000e-05
1.743238420000e-02 2.043465610000e+00 1.734467880000e-05
1.743238420000e-02 2.043465610000e+00 1.737360070000e-05
1.751349120000e-02 2.043893580000e+00 1.744824110000e-05
1.751349120000e-02 2.044321540000e+00 1.754807450000e-05
1.751349120000e-02 2.044963600000e+00 1.758072900000e-05
1.767570530000e-02 2.044963600000e+00 1.766283460000e-05
1.775681230000e-02 2.045391560000e+00 1.770388740000e-05
1.775681230000e-02 2.045605660000e+00 1.777852590000e-05
1.775681230000e-02 2.046033620000e+00 1.787182920000e-05
1.783791180000e-02 2.046033620000e+00 1.790821630000e-05
1.791901890000e-02 2.046675440000e+00 1.799125490000e-05
1.800012590000e-02 2.047103640000e+00 1.809854980000e-05
1.800012590000e-02 2.047745470000e+00 1.812840670000e-05
1.808123290000e-02 2.047745470000e+00 1.820584660000e-05
1.816233990000e-02 2.048387530000e+00 1.825249820000e-05
1.816233990000e-02 2.047959570000e+00 1.831967530000e-05
1.816233990000e-02 2.048815490000e+00 1.841950690000e-05
1.824344690000e-02 2.048815490000e+00 1.845775840000e-05
1.832455400000e-02 2.049243450000e+00 1.853986580000e-05
1.840566100000e-02 2.049885510000e+00 1.857065400000e-05
1.840566100000e-02 2.049671410000e+00 1.864902700000e-05
1.840566100000e-02 2.050313470000e+00 1.874792720000e-05
1.848676800000e-02 2.050955300000e+00 1.879551020000e-05
1.856787500000e-02 2.050741430000e+00 1.887481450000e-05
1.856787500000e-02 2.051597360000e+00 1.897651420000e-05
1.864898200000e-02 2.051597360000e+00 1.901103500000e-05
1.864898200000e-02 2.052025320000e+00 1.909593990000e-05
1.881118860000e-02 2.052453280000e+00 1.912579500000e-05
1.881118860000e-02 2.052453280000e+00 1.920883370000e-05
1.881118860000e-02 2.053095340000e+00 1.931333100000e-05
1.897340270000e-02 2.053523300000e+00 1.936651280000e-05
1.897340270000e-02 2.053737160000e+00 1.944488580000e-05
1.897340270000e-02 2.054593320000e+00 1.955031620000e-05
1.905450970000e-02 2.054593320000e+00 1.959043400000e-05
1.905450970000e-02 2.054807190000e+00 1.967533900000e-05
1.905450970000e-02 2.055235150000e+00 1.970239650000e-05
1.913561670000e-02 2.055235150000e+00 1.978823270000e-05
1.921672370000e-02 2.055235150000e+00 1.989552950000e-05
1.937893780000e-02 2.056519270000e+00 1.994777810000e-05
1.929783080000e-02 2.056305170000e+00 2.002428480000e-05
1.929783080000e-02 2.056947230000e+00 2.005507490000e-05
1.946004480000e-02 2.056947230000e+00 2.013344780000e-05
1.954115180000e-02 2.057375190000e+00 2.025567120000e-05
1.954115180000e-02 2.057803150000e+00 2.028459490000e-05
1.954115180000e-02 2.058231120000e+00 2.037043120000e-05
1.962225880000e-02 2.058444980000e+00 2.048612620000e-05
1.978447290000e-02 2.059301140000e+00 2.053184290000e-05
1.978447290000e-02 2.058873180000e+00 2.061301350000e-05
1.978447290000e-02 2.059301140000e+00 2.063634020000e-05
1.986557990000e-02 2.059301140000e+00 2.072590910000e-05
1.994668690000e-02 2.059942960000e+00 2.084346850000e-05
1.994668690000e-02 2.060585020000e+00 2.087425860000e-05
2.002779390000e-02 2.060798880000e+00 2.096009480000e-05
1.994668690000e-02 2.060798880000e+00 2.099275120000e-05
2.002779390000e-02 2.061012980000e+00 2.107858930000e-05
2.002779390000e-02 2.061655040000e+00 2.119334930000e-05
2.018999310000e-02 2.061655040000e+00 2.123253400000e-05
2.027110010000e-02 2.062083010000e+00 2.131930520000e-05
2.035220710000e-02 2.062724830000e+00 2.144712740000e-05
2.035220710000e-02 2.063152790000e+00 2.148538080000e-05
2.035220710000e-02 2.063366890000e+00 2.156561820000e-05
2.043331410000e-02 2.063366890000e+00 2.159547510000e-05
2.051442120000e-02 2.063580990000e+00 2.169157600000e-05
2.059552820000e-02 2.064436910000e+00 2.180540470000e-05
2.059552820000e-02 2.064864870000e+00 2.183805740000e-05
2.067663520000e-02 2.064864870000e+00 2.192762620000e-05
2.075774220000e-02 2.065292840000e+00 2.205638340000e-05
2.083884920000e-02 2.065720800000e+00 2.208810470000e-05
2.083884920000e-02 2.065720800000e+00 2.217860860000e-05
2.083884920000e-02 2.066148760000e+00 2.220846360000e-05
2.083884920000e-02 2.066362860000e+00 2.230642890000e-05
2.083884920000e-02 2.066790820000e+00 2.242212390000e-05
2.100106330000e-02 2.067432640000e+00 2.245944230000e-05
2.108217030000e-02 2.067432640000e+00 2.254807990000e-05
2.116327730000e-02 2.067860600000e+00 2.259379830000e-05
2.116327730000e-02 2.067860600000e+00 2.268523350000e-05
2.116327730000e-02 2.068716760000e+00 2.279626100000e-05
2.124438430000e-02 2.068716760000e+00 2.283264800000e-05
2.132549140000e-02 2.068716760000e+00 2.292781570000e-05
2.132549140000e-02 2.069572690000e+00 2.303697870000e-05
2.140659840000e-02 2.069786550000e+00 2.307336580000e-05
2.140659840000e-02 2.069786550000e+00 2.317413050000e-05
2.148770540000e-02 2.070428610000e+00 2.322264850000e-05
2.148770540000e-02 2.070428610000e+00 2.331594810000e-05
2.156881240000e-02 2.071070670000e+00 2.343350750000e-05
2.173102650000e-02 2.071070670000e+00 2.347082950000e-05
2.164991950000e-02 2.071498630000e+00 2.356879490000e-05
2.164991950000e-02 2.071926590000e+00 2.360331560000e-05
2.173102650000e-02 2.071926590000e+00 2.369755020000e-05
2.181213350000e-02 2.071926590000e+00 2.381977360000e-05
2.197433260000e-02 2.072996620000e+00 2.388135180000e-05
2.197433260000e-02 2.072996620000e+00 2.397465510000e-05
2.197433260000e-02 2.073638440000e+00 2.408568070000e-05
2.205543970000e-02 2.073638440000e+00 2.412486900000e-05
2.205543970000e-02 2.073852540000e+00 2.422563380000e-05
2.205543970000e-02 2.074494360000e+00 2.426295400000e-05
2.221765370000e-02 2.074494360000e+00 2.436185420000e-05
2.221765370000e-02 2.074494360000e+00 2.448687880000e-05
2.237986770000e-02 2.075564380000e+00 2.454379140000e-05
2.237986770000e-02 2.075350520000e+00 2.463242710000e-05
2.229876070000e-02 2.075992350000e+00 2.475651670000e-05
2.246097480000e-02 2.075992350000e+00 2.480130020000e-05
2.246097480000e-02 2.076420310000e+00 2.490579940000e-05
2.246097480000e-02 2.077062370000e+00 2.493845570000e-05
2.254208180000e-02 2.077276470000e+00 2.503548790000e-05
2.262318880000e-02 2.077276470000e+00 2.516051060000e-05
2.278540280000e-02 2.078132390000e+00 2.521462560000e-05
2.278540280000e-02 2.077918290000e+00 2.531539030000e-05
2.270429580000e-02 2.078560350000e+00 2.535084600000e-05
2.286650990000e-02 2.078560350000e+00 2.545067760000e-05
2.294761690000e-02 2.078988310000e+00 2.559622770000e-05
2.294761690000e-02 2.079630370000e+00 2.563728050000e-05
2.294761690000e-02 2.079630370000e+00 2.572498310000e-05
2.302872390000e-02 2.079630370000e+00 2.585933540000e-05
2.319093790000e-02 2.080486300000e+00 2.592278000000e-05
2.319093790000e-02 2.080486300000e+00 2.602168020000e-05
2.319093790000e-02 2.081128120000e+00 2.605433470000e-05
2.327204500000e-02 2.081128120000e+00 2.615416630000e-05
2.335315200000e-02 2.081556080000e+00 2.629691880000e-05
2.343425900000e-02 2.081984280000e+00 2.633143960000e-05
2.343425900000e-02 2.081984280000e+00 2.644060260000e-05
2.335315200000e-02 2.081984280000e+00 2.647885590000e-05
2.351536600000e-02 2.082412240000e+00 2.658988520000e-05
2.351536600000e-02 2.083054070000e+00 2.672610390000e-05
2.359647300000e-02 2.083482030000e+00 2.677182060000e-05
2.367756520000e-02 2.083482030000e+00 2.687631970000e-05
2.375867220000e-02 2.083909990000e+00 2.702186790000e-05
2.375867220000e-02 2.084338190000e+00 2.706292070000e-05
2.375867220000e-02 2.084552050000e+00 2.716928430000e-05
2.383977920000e-02 2.084766150000e+00 2.720753760000e-05
2.392088620000e-02 2.084980010000e+00 2.731949830000e-05
2.392088620000e-02 2.085194110000e+00 2.745385250000e-05
2.392088620000e-02 2.085835930000e+00 2.749490520000e-05
2.400199320000e-02 2.085835930000e+00 2.760873210000e-05
2.416420730000e-02 2.086477990000e+00 2.776920880000e-05
2.416420730000e-02 2.086905960000e+00 2.781306100000e-05
2.424531430000e-02 2.086905960000e+00 2.792688970000e-05
2.424531430000e-02 2.086905960000e+00 2.796607620000e-05
2.424531430000e-02 2.087548020000e+00 2.808456700000e-05
2.432642130000e-02 2.087761880000e+00 2.823291650000e-05
2.432642130000e-02 2.088403940000e+00 2.827676690000e-05
2.440752830000e-02 2.088403940000e+00 2.839339320000e-05
2.456974240000e-02 2.088831900000e+00 2.844844130000e-05
2.456974240000e-02 2.088617800000e+00 2.855853750000e-05
2.456974240000e-02 2.089473960000e+00 2.869568930000e-05
2.465084940000e-02 2.089473960000e+00 2.873861010000e-05
2.473195640000e-02 2.089901920000e+00 2.886736550000e-05
2.473195640000e-02 2.090329890000e+00 2.901944570000e-05
2.473195640000e-02 2.090757850000e+00 2.906703050000e-05
2.481306340000e-02 2.090757850000e+00 2.918272000000e-05
2.489417050000e-02 2.091399910000e+00 2.924803080000e-05
2.489417050000e-02 2.091185810000e+00 2.935532940000e-05
2.497527750000e-02 2.091827870000e+00 2.950181260000e-05
2.505638450000e-02 2.091827870000e+00 2.954659610000e-05
2.505638450000e-02 2.092255830000e+00 2.967628640000e-05
2.505638450000e-02 2.092683790000e+00 2.971920180000e-05
2.521859850000e-02 2.092897650000e+00 2.983583000000e-05
2.521859850000e-02 2.092897650000e+00 2.998138010000e-05
2.538081260000e-02 2.093753810000e+00 3.005042160000e-05
2.538081260000e-02 2.093539710000e+00 3.017357810000e-05
2.538081260000e-02 2.094181780000e+00 3.032752470000e-05
2.538081260000e-02 2.094609740000e+00 3.037697570000e-05
2.546190470000e-02 2.094395640000e+00 3.051039490000e-05
2.546190470000e-02 2.095037700000e+00 3.055797790000e-05
2.562411870000e-02 2.095037700000e+00 3.067927170000e-05
2.562411870000e-02 2.095037700000e+00 3.083601770000e-05
2.570522580000e-02 2.096107720000e+00 3.091252440000e-05
2.578633280000e-02 2.096321580000e+00 3.102914710000e-05
2.578633280000e-02 2.096535680000e+00 3.119242680000e-05
2.586743980000e-02 2.096535680000e+00 3.123627900000e-05
2.586743980000e-02 2.097177510000e+00 3.137436220000e-05
2.602965380000e-02 2.097391610000e+00 3.141355050000e-05
2.602965380000e-02 2.097605470000e+00 3.154417210000e-05
2.594854680000e-02 2.097605470000e+00 3.171304710000e-05
2.611076090000e-02 2.098675490000e+00 3.179235140000e-05
2.611076090000e-02 2.098461630000e+00 3.192204170000e-05
2.611076090000e-02 2.099103450000e+00 3.196216130000e-05
2.627297490000e-02 2.099103450000e+00 3.208438280000e-05
2.627297490000e-02 2.099317550000e+00 3.227285200000e-05
2.635408190000e-02 2.099959370000e+00 3.232137170000e-05
2.635408190000e-02 2.099959370000e+00 3.245385960000e-05
2.635408190000e-02 2.099959370000e+00 3.261993700000e-05
2.651629600000e-02 2.100815530000e+00 3.269923760000e-05
2.659740300000e-02 2.100601430000e+00 3.281773390000e-05
2.659740300000e-02 2.101029400000e+00 3.285691860000e-05
2.667851000000e-02 2.101029400000e+00 3.300060420000e-05
2.675961700000e-02 2.101671460000e+00 3.319746970000e-05
2.675961700000e-02 2.102313280000e+00 3.324411950000e-05
2.684072410000e-02 2.102099420000e+00 3.338966780000e-05
2.684072410000e-02 2.102955340000e+00 3.344098510000e-05
2.684072410000e-02 2.102741240000e+00 3.358746840000e-05
2.684072410000e-02 2.103169440000e+00 3.377873510000e-05
2.700293810000e-02 2.103597400000e+00 3.382911750000e-05
2.708404510000e-02 2.103597400000e+00 3.397559700000e-05
2.708404510000e-02 2.104025360000e+00 3.418645790000e-05
2.708404510000e-02 2.104667190000e+00 3.423777530000e-05
2.724624430000e-02 2.104667190000e+00 3.437586200000e-05
2.724624430000e-02 2.104667190000e+00 3.442810700000e-05
2.732735130000e-02 2.105095150000e+00 3.458578790000e-05
2.732735130000e-02 2.105523350000e+00 3.478171860000e-05
2.732735130000e-02 2.105737210000e+00 3.483956970000e-05
2.740845830000e-02 2.105737210000e+00 3.499631570000e-05
2.757067230000e-02 2.106379270000e+00 3.520530660000e-05
2.757067230000e-02 2.106807230000e+00 3.525755890000e-05
2.757067230000e-02 2.107021090000e+00 3.541243500000e-05
2.765177940000e-02 2.107021090000e+00 3.546934750000e-05
2.765177940000e-02 2.107449290000e+00 3.562889470000e-05
2.765177940000e-02 2.108091120000e+00 3.582949280000e-05
2.781399340000e-02 2.108091120000e+00 3.589013800000e-05
2.781399340000e-02 2.108091120000e+00 3.604128510000e-05
2.789510040000e-02 2.108519080000e+00 3.611965800000e-05
2.789510040000e-02 2.108519080000e+00 3.628107150000e-05
2.789510040000e-02 2.109375000000e+00 3.648260100000e-05
2.805731450000e-02 2.109375000000e+00 3.655257390000e-05
2.813842150000e-02 2.109589100000e+00 3.673078390000e-05
2.813842150000e-02 2.110017060000e+00 3.693137840000e-05
2.813842150000e-02 2.110659120000e+00 3.699762240000e-05
2.821952850000e-02 2.110659120000e+00 3.717396250000e-05
2.830063550000e-02 2.110872980000e+00 3.725886560000e-05
2.838174250000e-02 2.110872980000e+00 3.742587430000e-05
2.838174250000e-02 2.111515050000e+00 3.763580030000e-05
2.846284960000e-02 2.111515050000e+00 3.770297550000e-05
2.854395660000e-02 2.111943010000e+00 3.787744940000e-05
2.854395660000e-02 2.112370970000e+00 3.793623180000e-05
2.854395660000e-02 2.112370970000e+00 3.811256830000e-05
2.854395660000e-02 2.112370970000e+00 3.834395830000e-05
2.870617060000e-02 2.113013030000e+00 3.844472300000e-05
2.870617060000e-02 2.113226890000e+00 3.862479570000e-05
2.886838470000e-02 2.113654850000e+00 3.883378670000e-05
2.886838470000e-02 2.114296910000e+00 3.891122830000e-05
2.886838470000e-02 2.114082810000e+00 3.910436130000e-05
2.886838470000e-02 2.114724870000e+00 3.917153660000e-05
2.903058380000e-02 2.114724870000e+00 3.934881170000e-05
2.903058380000e-02 2.114724870000e+00 3.958672820000e-05
2.919279780000e-02 2.115580800000e+00 3.969868700000e-05
2.919279780000e-02 2.115794900000e+00 3.986569940000e-05
2.919279780000e-02 2.116008760000e+00 4.011201240000e-05
2.919279780000e-02 2.116008760000e+00 4.019971680000e-05
2.927390490000e-02 2.116436720000e+00 4.040871140000e-05
2.927390490000e-02 2.116864920000e+00 4.047961920000e-05
2.935501190000e-02 2.116864920000e+00 4.068488120000e-05
2.935501190000e-02 2.117506740000e+00 4.093399550000e-05
2.951722590000e-02 2.117720840000e+00 4.104969050000e-05
2.951722590000e-02 2.117720840000e+00 4.126055140000e-05
2.967944000000e-02 2.118148800000e+00 4.126055140000e-05
2.967944000000e-02 2.118148800000e+00 4.126055140000e-05
2.976054700000e-02 2.118576770000e+00 4.126055140000e-05
2.976054700000e-02 2.119218830000e+00 4.126055140000e-05
2.984165400000e-02 2.119218830000e+00 4.329377040000e-05
2.976054700000e-02 2.119218830000e+00 4.315383920000e-05
2.992276100000e-02 2.120074750000e+00 4.292995800000e-05
2.992276100000e-02 2.120074750000e+00 4.308853750000e-05
2.992276100000e-02 2.120502710000e+00 4.311652810000e-05
3.000386800000e-02 2.120502710000e+00 4.334040930000e-05
3.016608210000e-02 2.120930670000e+00 4.361094030000e-05
3.016608210000e-02 2.121358630000e+00 4.366691430000e-05
3.016608210000e-02 2.121358630000e+00 4.390945470000e-05
3.024718910000e-02 2.122000690000e+00 4.395610090000e-05
3.024718910000e-02 2.121786590000e+00 4.418930620000e-05
3.040940310000e-02 2.122214560000e+00 4.448782060000e-05
3.040940310000e-02 2.122856620000e+00 4.459043700000e-05
3.049051020000e-02 2.122856620000e+00 4.481432550000e-05
3.049051020000e-02 2.123070480000e+00 4.517813800000e-05
3.057161720000e-02 2.123498440000e+00 4.523410830000e-05
3.057161720000e-02 2.123712540000e+00 4.547665230000e-05
3.057161720000e-02 2.123712540000e+00 4.556993010000e-05
3.073383120000e-02 2.124140500000e+00 4.587777220000e-05
3.081492330000e-02 2.124568460000e+00 4.622293270000e-05
3.073383120000e-02 2.124782560000e+00 4.626957530000e-05
3.073383120000e-02 2.124996420000e+00 4.655876180000e-05
3.097713740000e-02 2.125424390000e+00 4.668936160000e-05
3.097713740000e-02 2.125424390000e+00 4.690391510000e-05
3.089603040000e-02 2.126066450000e+00 4.728639030000e-05
3.105824440000e-02 2.126066450000e+00 4.742631430000e-05
3.113935140000e-02 2.126280550000e+00 4.768751020000e-05
3.113935140000e-02 2.126922370000e+00 4.807931330000e-05
3.113935140000e-02 2.127136470000e+00 4.819125750000e-05
3.130156550000e-02 2.127136470000e+00 4.850842740000e-05
3.130156550000e-02 2.127350330000e+00 4.862969940000e-05
3.138267250000e-02 2.127778290000e+00 4.890023050000e-05
3.138267250000e-02 2.128206250000e+00 4.932001680000e-05
3.138267250000e-02 2.128206250000e+00 4.942262240000e-05
3.146377950000e-02 2.128420350000e+00 4.973979230000e-05
3.162599350000e-02 2.129062410000e+00 5.016891370000e-05
3.162599350000e-02 2.129276280000e+00 5.029950990000e-05
3.162599350000e-02 2.129276280000e+00 5.063533540000e-05
3.178820760000e-02 2.129704240000e+00 5.073795180000e-05
3.178820760000e-02 2.129918340000e+00 5.109243650000e-05
3.170710060000e-02 2.130346300000e+00 5.152155060000e-05
3.178820760000e-02 2.130346300000e+00 5.170812070000e-05
3.195042160000e-02 2.130774260000e+00 5.204394980000e-05
3.195042160000e-02 2.131202220000e+00 5.215589410000e-05
3.203152870000e-02 2.131416320000e+00 5.254768980000e-05
3.203152870000e-02 2.131416320000e+00 5.303277430000e-05
3.219374270000e-02 2.132058140000e+00 5.323799630000e-05
3.219374270000e-02 2.132058140000e+00 5.362980300000e-05
3.211263570000e-02 2.132058140000e+00 5.413353940000e-05
3.219374270000e-02 2.132486100000e+00 5.429212980000e-05
3.227484970000e-02 2.132914070000e+00 5.468392190000e-05
3.227484970000e-02 2.133342270000e+00 5.484251230000e-05
3.243706380000e-02 2.133556130000e+00 5.523431540000e-05
3.243706380000e-02 2.133556130000e+00 5.582200900000e-05
3.251817080000e-02 2.134412050000e+00 5.604589390000e-05
3.259926290000e-02 2.134198190000e+00 5.648433580000e-05
3.259926290000e-02 2.134626150000e+00 5.662426700000e-05
3.259926290000e-02 2.134840010000e+00 5.709068860000e-05
3.268036990000e-02 2.135054110000e+00 5.771570800000e-05
3.268036990000e-02 2.135267970000e+00 5.785563190000e-05
3.276147690000e-02 2.135482070000e+00 5.836870700000e-05
3.284258400000e-02 2.135482070000e+00 5.901237090000e-05
3.292369100000e-02 2.136552100000e+00 5.929223330000e-05
3.292369100000e-02 2.136338000000e+00 5.982396030000e-05
3.292369100000e-02 2.136765960000e+00 5.997321200000e-05
3.308590500000e-02 2.137193920000e+00 6.045829650000e-05
3.308590500000e-02 2.137193920000e+00 6.125122310000e-05
3.308590500000e-02 2.137621880000e+00 6.143779320000e-05
3.324811910000e-02 2.137835980000e+00 6.200683860000e-05
3.324811910000e-02 2.137835980000e+00 6.284641130000e-05
3.341033310000e-02 2.138478040000e+00 6.315424980000e-05
3.332922610000e-02 2.138478040000e+00 6.374195070000e-05
3.332922610000e-02 2.139119860000e+00 6.393784860000e-05
3.349144010000e-02 2.139119860000e+00 6.460950680000e-05
3.357254710000e-02 2.139333960000e+00 6.553302960000e-05
3.357254710000e-02 2.139975790000e+00 6.579422920000e-05
3.365365420000e-02 2.139761920000e+00 6.647521510000e-05
3.357254710000e-02 2.139761920000e+00 6.675507030000e-05
3.373476120000e-02 2.140189890000e+00 6.745471180000e-05
3.373476120000e-02 2.140617850000e+00 6.850883800000e-05
3.373476120000e-02 2.141259910000e+00 6.882601160000e-05
3.389697520000e-02 2.141259910000e+00 6.967490480000e-05
3.389697520000e-02 2.141687870000e+00 7.089694550000e-05
3.397808220000e-02 2.142115830000e+00 7.116747290000e-05
3.397808220000e-02 2.141901730000e+00 7.206301960000e-05
3.405918930000e-02 2.142329930000e+00 7.237085080000e-05
3.405918930000e-02 2.142329930000e+00 7.335968980000e-05
3.422140330000e-02 2.142757890000e+00 7.466567330000e-05
3.422140330000e-02 2.143185850000e+00 7.508545970000e-05
3.430251030000e-02 2.143185850000e+00 7.622355040000e-05
3.430251030000e-02 2.143613820000e+00 7.667130560000e-05
3.438360240000e-02 2.143613820000e+00 7.773476680000e-05
3.438360240000e-02 2.144041780000e+00 7.929264390000e-05
3.446470950000e-02 2.144469740000e+00 7.987101710000e-05
3.446470950000e-02 2.144469740000e+00 8.126097240000e-05
3.454581650000e-02 2.144897700000e+00 8.315466400000e-05
3.454581650000e-02 2.145539760000e+00 8.372370210000e-05
3.454581650000e-02 2.145325660000e+00 8.526290910000e-05
3.478913750000e-02 2.145967720000e+00 8.592523230000e-05
3.478913750000e-02 2.145967720000e+00 8.758572220000e-05
3.478913750000e-02 2.146181580000e+00 8.983389850000e-05
3.487024460000e-02 2.146181580000e+00 9.066412890000e-05
3.495135160000e-02 2.146609540000e+00 9.265111290000e-05
3.487024460000e-02 2.147037740000e+00 9.534706620000e-05
3.487024460000e-02 2.147679570000e+00 9.623328510000e-05
3.511356560000e-02 2.147679570000e+00 9.879863500000e-05
3.511356560000e-02 2.148107530000e+00 9.993671120000e-05
3.519467260000e-02 2.148107530000e+00 1.025487140000e-04
3.519467260000e-02 2.148321630000e+00 1.061215440000e-04
3.527577970000e-02 2.148963450000e+00 1.075674810000e-04
3.535688670000e-02 2.148749590000e+00 1.109164220000e-04
3.535688670000e-02 2.149177550000e+00 1.120731540000e-04
3.543799370000e-02 2.149177550000e+00 1.158045710000e-04
3.543799370000e-02 2.149177550000e+00 1.213457360000e-04
3.551910070000e-02 2.150033470000e+00 1.239857230000e-04
3.551910070000e-02 2.150033470000e+00 1.288179050000e-04
3.568131480000e-02 2.150461440000e+00 1.352639370000e-04
3.568131480000e-02 2.150675540000e+00 1.380625040000e-04
3.568131480000e-02 2.151103500000e+00 1.453480950000e-04
3.568131480000e-02 2.151317360000e+00 1.481746440000e-04
3.576242180000e-02 2.151317360000e+00 1.559733060000e-04
3.576242180000e-02 2.151959420000e+00 1.687720800000e-04
3.592463580000e-02 2.152387380000e+00 1.754979750000e-04
3.592463580000e-02 2.151959420000e+00 1.862444620000e-04
3.600574280000e-02 2.152601480000e+00 1.898919290000e-04
3.608684990000e-02 2.152601480000e+00 2.036515220000e-04
3.616794200000e-02 2.153029440000e+00 2.255922880000e-04
3.624904900000e-02 2.153243300000e+00 2.319636840000e-04
3.624904900000e-02 2.153243300000e+00 2.490628980000e-04
3.616794200000e-02 2.153671260000e+00 2.740074410000e-04
3.633015600000e-02 2.153885360000e+00 2.876271030000e-04
3.641126300000e-02 2.154099460000e+00 3.088682130000e-04
3.641126300000e-02 2.154313330000e+00 3.167414980000e-04
3.649237010000e-02 2.154313330000e+00 3.392606740000e-04
3.649237010000e-02 2.155169250000e+00 3.746718580000e-04
3.665458410000e-02 2.155169250000e+00 3.848772030000e-04
3.665458410000e-02 2.155169250000e+00 4.091874870000e-04
3.657347710000e-02 2.155811310000e+00 4.091874870000e-04
3.673569110000e-02 2.156025170000e+00 4.091874870000e-04
3.673569110000e-02 2.156025170000e+00 4.091874870000e-04
3.673569110000e-02 2.156453370000e+00 4.091874870000e-04
3.673569110000e-02 2.156453370000e+00 5.315312300000e-04
3.689790520000e-02 2.156667230000e+00 5.607075290000e-04
3.689790520000e-02 2.157309290000e+00 5.694043360000e-04
3.697901220000e-02 2.157095190000e+00 5.987675390000e-04
3.697901220000e-02 2.157095190000e+00 6.094280400000e-04
3.706011920000e-02 2.157523160000e+00 6.377627140000e-04
3.706011920000e-02 2.158165220000e+00 6.765708090000e-04
3.722233330000e-02 2.158379080000e+00 6.878859710000e-04
3.730344030000e-02 2.158379080000e+00 7.167817090000e-04
3.730344030000e-02 2.159021140000e+00 7.567119900000e-04
3.730344030000e-02 2.159235240000e+00 7.669049660000e-04
3.738454730000e-02 2.159235240000e+00 7.947720010000e-04
3.738454730000e-02 2.159235240000e+00 8.059936230000e-04
3.754676130000e-02 2.159663200000e+00 8.343283550000e-04
3.754676130000e-02 2.159877060000e+00 8.718273020000e-04
3.754676130000e-02 2.160519120000e+00 8.817396590000e-04
3.762786840000e-02 2.160519120000e+00 9.135343720000e-04
3.770897540000e-02 2.160732980000e+00 9.267196870000e-04
3.770897540000e-02 2.160732980000e+00 9.544932400000e-04
3.770897540000e-02 2.161161180000e+00 9.905896150000e-04
3.779008240000e-02 2.161589150000e+00 1.003961890000e-03
3.795228150000e-02 2.161589150000e+00 1.033044770000e-03
3.795228150000e-02 2.161803010000e+00 1.070356690000e-03
3.795228150000e-02 2.162230970000e+00 1.082606960000e-03
3.803338860000e-02 2.162230970000e+00 1.111876690000e-03
3.811449560000e-02 2.162658930000e+00 1.126371320000e-03
3.811449560000e-02 2.162658930000e+00 1.152929270000e-03
3.811449560000e-02 2.163086890000e+00 1.185846050000e-03
3.827670960000e-02 2.163086890000e+00 1.198470240000e-03
3.827670960000e-02 2.163515090000e+00 1.228394690000e-03
3.835781660000e-02 2.163728950000e+00 1.267202780000e-03
3.835781660000e-02 2.164371010000e+00 1.278704960000e-03
3.843892370000e-02 2.164371010000e+00 1.308255250000e-03
3.860113770000e-02 2.164798970000e+00 1.322469440000e-03
3.852003070000e-02 2.164584880000e+00 1.348466150000e-03
3.852003070000e-02 2.165012840000e+00 1.384655710000e-03
3.860113770000e-02 2.165012840000e+00 1.397841140000e-03
3.868224470000e-02 2.165440800000e+00 1.427672220000e-03
3.876335170000e-02 2.165869000000e+00 1.437210480000e-03
3.876335170000e-02 2.165869000000e+00 1.465825710000e-03
3.876335170000e-02 2.166296960000e+00 1.500799900000e-03
3.900667280000e-02 2.166510820000e+00 1.517632280000e-03
3.892556580000e-02 2.166724920000e+00 1.545966840000e-03
3.892556580000e-02 2.166938780000e+00 1.581595510000e-03
3.900667280000e-02 2.166938780000e+00 1.595435550000e-03
3.916888680000e-02 2.167366740000e+00 1.625453590000e-03
3.916888680000e-02 2.167794700000e+00 1.635833410000e-03
3.916888680000e-02 2.167794700000e+00 1.661175630000e-03
3.924999390000e-02 2.167794700000e+00 1.698768000000e-03
