#  J [A] 	 V 	 L [w] 
-5.483627320000e-06 2.734959130000e-04 -2.318340190000e-09
-8.658319710000e-05 1.129448410000e-03 -2.782021500000e-09
-5.483627320000e-06 1.343458890000e-03 -2.782021500000e-09
-8.658319710000e-05 1.557439570000e-03 -2.689285240000e-09
-5.483627320000e-06 1.557439570000e-03 -2.503812710000e-09
-8.658319710000e-05 1.343458890000e-03 -2.411076450000e-09
-8.658319710000e-05 1.557439570000e-03 -2.318340190000e-09
-5.483627320000e-06 1.557439570000e-03 -2.503812710000e-09
-8.658319710000e-05 1.557439570000e-03 -2.596548980000e-09
-5.483627320000e-06 1.557439570000e-03 -2.596548980000e-09
-5.483627320000e-06 1.557439570000e-03 -2.318340190000e-09
-8.658319710000e-05 1.557439570000e-03 -2.874757770000e-09
-5.483627320000e-06 1.557439570000e-03 -2.782021500000e-09
-5.483627320000e-06 1.557439570000e-03 -2.318340190000e-09
-5.483627320000e-06 1.557439570000e-03 -2.411076450000e-09
-5.483627320000e-06 1.557439570000e-03 -2.318340190000e-09
-5.483627320000e-06 1.557439570000e-03 -2.596548980000e-09
-8.658319710000e-05 1.343458890000e-03 -2.689285240000e-09
-5.483627320000e-06 1.343458890000e-03 -2.411076450000e-09
-5.483627320000e-06 1.343458890000e-03 -2.503812710000e-09
-8.658319710000e-05 1.343458890000e-03 -2.411076450000e-09
-5.483627320000e-06 1.557439570000e-03 -2.503812710000e-09
-5.483627320000e-06 1.557439570000e-03 -2.596548980000e-09
-5.483627320000e-06 1.557439570000e-03 -2.411076450000e-09
-5.483627320000e-06 1.557439570000e-03 -2.503812710000e-09
-5.483627320000e-06 1.343458890000e-03 -2.689285240000e-09
5.622655150000e-04 1.025293590000e+00 6.713312930000e-08
5.622655150000e-04 1.786461590000e+00 1.731186220000e-07
6.433725360000e-04 1.786461590000e+00 2.052017150000e-07
7.244795560000e-04 1.820058350000e+00 2.410865250000e-07
8.055865760000e-04 1.825408220000e+00 2.782695670000e-07
8.866861460000e-04 1.830757860000e+00 2.919001930000e-07
8.866861460000e-04 1.831186060000e+00 3.207379110000e-07
9.677931670000e-04 1.835037710000e+00 3.622790250000e-07
9.677931670000e-04 1.838889600000e+00 3.739624500000e-07
1.048900190000e-03 1.840173720000e+00 4.045618880000e-07
1.130007210000e-03 1.840173720000e+00 4.175434470000e-07
1.211114230000e-03 1.843169450000e+00 4.496265830000e-07
1.211114230000e-03 1.846379280000e+00 4.904258620000e-07
1.373328270000e-03 1.849803210000e+00 5.063746470000e-07
1.373328270000e-03 1.850017310000e+00 5.359541430000e-07
1.373328270000e-03 1.852799180000e+00 5.850060920000e-07
1.535542310000e-03 1.855581050000e+00 6.000276470000e-07
1.535542310000e-03 1.856222870000e+00 6.331306960000e-07
1.535542310000e-03 1.856222870000e+00 6.475959250000e-07
1.535542310000e-03 1.858790870000e+00 6.835734890000e-07
1.616649330000e-03 1.860930680000e+00 7.273399090000e-07
1.616649330000e-03 1.863498690000e+00 7.436596550000e-07
1.697756350000e-03 1.863926650000e+00 7.786172770000e-07
1.859962940000e-03 1.866066690000e+00 8.013350910000e-07
1.778855920000e-03 1.866280560000e+00 8.365708480000e-07
1.859962940000e-03 1.868420600000e+00 8.779264250000e-07
1.941069960000e-03 1.870560410000e+00 8.956371290000e-07
2.022176980000e-03 1.870774510000e+00 9.333764980000e-07
1.941069960000e-03 1.872486350000e+00 9.810374880000e-07
2.103284000000e-03 1.874840260000e+00 9.998607310000e-07
2.103284000000e-03 1.875482320000e+00 1.036672870000e-06
2.103284000000e-03 1.876980070000e+00 1.062172370000e-06
2.184391020000e-03 1.876980070000e+00 1.097408240000e-06
2.184391020000e-03 1.879333970000e+00 1.143492800000e-06
2.265498040000e-03 1.881046060000e+00 1.161574460000e-06
2.427712080000e-03 1.880831960000e+00 1.205340940000e-06
2.427712080000e-03 1.882544040000e+00 1.223329720000e-06
2.427712080000e-03 1.883399960000e+00 1.259214630000e-06
2.427712080000e-03 1.884897950000e+00 1.308266290000e-06
2.589926120000e-03 1.886395690000e+00 1.338216860000e-06
2.589926120000e-03 1.886181830000e+00 1.373081660000e-06
2.752132710000e-03 1.888107780000e+00 1.422040900000e-06
2.752132710000e-03 1.889819620000e+00 1.443182330000e-06
2.752132710000e-03 1.889605760000e+00 1.488246990000e-06
2.752132710000e-03 1.891317610000e+00 1.505679280000e-06
2.914346750000e-03 1.891745570000e+00 1.544809490000e-06
2.833239730000e-03 1.891745570000e+00 1.594603080000e-06
2.995453770000e-03 1.894527440000e+00 1.625017150000e-06
2.995453770000e-03 1.894527440000e+00 1.664147480000e-06
2.995453770000e-03 1.896453380000e+00 1.712457560000e-06
3.157667820000e-03 1.896453380000e+00 1.734804410000e-06
3.157667820000e-03 1.897309300000e+00 1.780703660000e-06
3.157667820000e-03 1.898807290000e+00 1.798414360000e-06
3.319881860000e-03 1.899021390000e+00 1.836524350000e-06
3.319881860000e-03 1.899021390000e+00 1.890583690000e-06
3.400988880000e-03 1.901803260000e+00 1.925355720000e-06
3.400988880000e-03 1.901803260000e+00 1.964671360000e-06
3.482095900000e-03 1.903087140000e+00 1.982382170000e-06
3.482095900000e-03 1.903729200000e+00 2.023830350000e-06
3.482095900000e-03 1.904371020000e+00 2.086605720000e-06
3.644302490000e-03 1.905869010000e+00 2.104779920000e-06
3.644302490000e-03 1.905869010000e+00 2.148453860000e-06
3.644302490000e-03 1.907366990000e+00 2.202883710000e-06
3.806516530000e-03 1.908437010000e+00 2.238490200000e-06
3.806516530000e-03 1.908650880000e+00 2.278640520000e-06
3.806516530000e-03 1.909935000000e+00 2.295980270000e-06
3.887623550000e-03 1.909935000000e+00 2.336686980000e-06
3.968730570000e-03 1.911218880000e+00 2.401872960000e-06
3.968730570000e-03 1.912288900000e+00 2.422179700000e-06
4.130944610000e-03 1.912716870000e+00 2.465668330000e-06
4.130944610000e-03 1.912716870000e+00 2.484677000000e-06
4.212051630000e-03 1.913572790000e+00 2.534285160000e-06
4.212051630000e-03 1.914856670000e+00 2.589271390000e-06
4.130944610000e-03 1.916140560000e+00 2.610876660000e-06
4.293158650000e-03 1.916140560000e+00 2.656868450000e-06
4.374265670000e-03 1.917210580000e+00 2.724836580000e-06
4.455365240000e-03 1.918494460000e+00 2.744679930000e-06
4.455365240000e-03 1.918494460000e+00 2.788910020000e-06
4.455365240000e-03 1.918494460000e+00 2.809402530000e-06
4.536472260000e-03 1.919564490000e+00 2.855672390000e-06
4.617579280000e-03 1.920634510000e+00 2.913533310000e-06
4.617579280000e-03 1.921704530000e+00 2.936992810000e-06
4.698686300000e-03 1.921704530000e+00 2.983448440000e-06
4.779793320000e-03 1.922988410000e+00 3.053734420000e-06
4.860900340000e-03 1.923844340000e+00 3.074690540000e-06
4.860900340000e-03 1.924058440000e+00 3.118735090000e-06
4.860900340000e-03 1.924914360000e+00 3.138393140000e-06
5.023114380000e-03 1.925128220000e+00 3.189392150000e-06
5.023114380000e-03 1.925984140000e+00 3.247809450000e-06
5.023114380000e-03 1.927054170000e+00 3.271361720000e-06
5.104221400000e-03 1.927054170000e+00 3.319208190000e-06
5.185328420000e-03 1.928338050000e+00 3.350271300000e-06
5.185328420000e-03 1.928338050000e+00 3.391534160000e-06
5.185328420000e-03 1.929408070000e+00 3.448653160000e-06
5.266435440000e-03 1.930264000000e+00 3.473781820000e-06
5.428642030000e-03 1.930478100000e+00 3.526357200000e-06
5.428642030000e-03 1.931120160000e+00 3.586814270000e-06
5.428642030000e-03 1.932404040000e+00 3.610459540000e-06
5.509749050000e-03 1.932404040000e+00 3.657100480000e-06
5.590856080000e-03 1.933259960000e+00 3.687236360000e-06
5.590856080000e-03 1.933259960000e+00 3.732208140000e-06
5.671963100000e-03 1.934543850000e+00 3.788585220000e-06
5.671963100000e-03 1.934543850000e+00 3.813250490000e-06
5.753070120000e-03 1.935400010000e+00 3.867309260000e-06
5.753070120000e-03 1.936255930000e+00 3.886133070000e-06
5.753070120000e-03 1.936255930000e+00 3.926747010000e-06
5.915284160000e-03 1.936469790000e+00 3.988502160000e-06
5.996391180000e-03 1.938181880000e+00 4.026704570000e-06
5.996391180000e-03 1.938395740000e+00 4.073067880000e-06
5.996391180000e-03 1.939465760000e+00 4.073067880000e-06
6.158605220000e-03 1.939465760000e+00 4.073067880000e-06
6.239704790000e-03 1.940107820000e+00 4.073067880000e-06
6.239704790000e-03 1.941177610000e+00 4.073067880000e-06
6.239704790000e-03 1.941177610000e+00 4.446732420000e-06
6.239704790000e-03 1.941177610000e+00 4.442066710000e-06
6.401918830000e-03 1.942889690000e+00 4.420608090000e-06
6.401918830000e-03 1.942889690000e+00 4.463526690000e-06
6.401918830000e-03 1.943959470000e+00 4.516708030000e-06
6.483025850000e-03 1.943959470000e+00 4.533502310000e-06
6.564132870000e-03 1.944815640000e+00 4.589482610000e-06
6.645239890000e-03 1.945457460000e+00 4.607210030000e-06
6.645239890000e-03 1.945671560000e+00 4.653861200000e-06
6.645239890000e-03 1.945671560000e+00 4.721970980000e-06
6.807453930000e-03 1.947383400000e+00 4.749961140000e-06
6.807453930000e-03 1.947597500000e+00 4.795677800000e-06
6.807453930000e-03 1.948239330000e+00 4.812472980000e-06
6.888560950000e-03 1.948239330000e+00 4.864721180000e-06
7.050774990000e-03 1.949309350000e+00 4.932830960000e-06
7.050774990000e-03 1.949737310000e+00 4.949625240000e-06
7.050774990000e-03 1.950165270000e+00 5.007472280000e-06
7.050774990000e-03 1.950165270000e+00 5.069050990000e-06
7.131874560000e-03 1.951663260000e+00 5.095175310000e-06
7.212981580000e-03 1.951877360000e+00 5.150222480000e-06
7.294088600000e-03 1.952305320000e+00 5.167949890000e-06
7.294088600000e-03 1.952733280000e+00 5.221131690000e-06
7.375195620000e-03 1.953375100000e+00 5.293906270000e-06
7.456302640000e-03 1.954231260000e+00 5.315365800000e-06
7.456302640000e-03 1.954231260000e+00 5.365748170000e-06
7.456302640000e-03 1.955087180000e+00 5.383476040000e-06
7.537409660000e-03 1.955301050000e+00 5.438522750000e-06
7.618516680000e-03 1.955729010000e+00 5.507566130000e-06
7.780730720000e-03 1.956799030000e+00 5.530890580000e-06
7.780730720000e-03 1.957013130000e+00 5.588737620000e-06
7.780730720000e-03 1.957654950000e+00 5.652183060000e-06
7.780730720000e-03 1.958082910000e+00 5.674575280000e-06
7.861837740000e-03 1.958724980000e+00 5.725890790000e-06
7.861837740000e-03 1.958724980000e+00 5.751081970000e-06
7.942944770000e-03 1.959152940000e+00 5.806129140000e-06
7.942944770000e-03 1.960008860000e+00 5.874238920000e-06
8.024044330000e-03 1.961078880000e+00 5.898497880000e-06
8.105151360000e-03 1.961078880000e+00 5.947947100000e-06
8.186258380000e-03 1.961720940000e+00 6.024454250000e-06
8.186258380000e-03 1.962362770000e+00 6.044980640000e-06
8.267365400000e-03 1.962790730000e+00 6.094429410000e-06
8.267365400000e-03 1.962790730000e+00 6.115889390000e-06
8.348472420000e-03 1.963432790000e+00 6.173735530000e-06
8.348472420000e-03 1.963860750000e+00 6.238113200000e-06
8.429579440000e-03 1.964716670000e+00 6.259572730000e-06
8.591793480000e-03 1.964716670000e+00 6.314619900000e-06
8.591793480000e-03 1.965358730000e+00 6.342610050000e-06
8.510686460000e-03 1.965572600000e+00 6.397658580000e-06
8.510686460000e-03 1.966428760000e+00 6.464834770000e-06
8.754007520000e-03 1.966428760000e+00 6.490025950000e-06
8.754007520000e-03 1.967070580000e+00 6.544140890000e-06
8.835114540000e-03 1.967926500000e+00 6.618782210000e-06
8.835114540000e-03 1.968568560000e+00 6.639308590000e-06
8.916214110000e-03 1.968782660000e+00 6.697154730000e-06
8.997321130000e-03 1.969424490000e+00 6.727011620000e-06
8.997321130000e-03 1.969424490000e+00 6.779259820000e-06
8.997321130000e-03 1.970280650000e+00 6.843637490000e-06
8.997321130000e-03 1.970922470000e+00 6.866029710000e-06
9.159535170000e-03 1.970708610000e+00 6.921077780000e-06
9.159535170000e-03 1.971350430000e+00 6.944403140000e-06
9.240642190000e-03 1.971778390000e+00 7.000383450000e-06
9.240642190000e-03 1.971778390000e+00 7.073158030000e-06
9.402856230000e-03 1.973276380000e+00 7.106746580000e-06
9.402856230000e-03 1.973062520000e+00 7.158995690000e-06
9.402856230000e-03 1.973062520000e+00 7.228037700000e-06
9.483963250000e-03 1.974132300000e+00 7.250430830000e-06
9.646177290000e-03 1.974774360000e+00 7.310142790000e-06
9.646177290000e-03 1.975416420000e+00 7.330669180000e-06
9.646177290000e-03 1.975630280000e+00 7.381051550000e-06
9.646177290000e-03 1.975630280000e+00 7.454759730000e-06
9.727284310000e-03 1.976914170000e+00 7.482749880000e-06
9.889490900000e-03 1.976914170000e+00 7.538731550000e-06
9.889490900000e-03 1.977556230000e+00 7.557391200000e-06
9.889490900000e-03 1.977556230000e+00 7.616170480000e-06
9.970597920000e-03 1.978412150000e+00 7.693611220000e-06
1.005170490000e-02 1.979054210000e+00 7.714137610000e-06
1.005170490000e-02 1.979054210000e+00 7.767318490000e-06
1.005170490000e-02 1.979910140000e+00 7.841958900000e-06
1.029502600000e-02 1.980552200000e+00 7.877413740000e-06
1.013281200000e-02 1.980552200000e+00 7.931528670000e-06
1.013281200000e-02 1.981194020000e+00 7.949255630000e-06
1.021391900000e-02 1.981194020000e+00 8.005236850000e-06
1.037613300000e-02 1.981836080000e+00 8.078945030000e-06
1.053834710000e-02 1.982692000000e+00 8.100403650000e-06
1.053834710000e-02 1.982478140000e+00 8.156383960000e-06
1.045724000000e-02 1.982478140000e+00 8.231025280000e-06
1.061945410000e-02 1.983975890000e+00 8.263680680000e-06
1.061945410000e-02 1.983975890000e+00 8.323392650000e-06
1.061945410000e-02 1.984404090000e+00 8.339255150000e-06
1.061945410000e-02 1.984404090000e+00 8.396167690000e-06
1.078166070000e-02 1.985473870000e+00 8.472674380000e-06
1.086276770000e-02 1.986115930000e+00 8.495067050000e-06
1.086276770000e-02 1.986115930000e+00 8.548248840000e-06
1.086276770000e-02 1.986115930000e+00 8.573440030000e-06
1.094387470000e-02 1.986757990000e+00 8.632219760000e-06
1.102498170000e-02 1.987399820000e+00 8.697530570000e-06
1.102498170000e-02 1.987827780000e+00 8.721788620000e-06
1.110608880000e-02 1.987827780000e+00 8.777768930000e-06
1.118719580000e-02 1.988897800000e+00 8.863606130000e-06
1.126830280000e-02 1.989539860000e+00 8.886931940000e-06
1.126830280000e-02 1.989539860000e+00 8.942912250000e-06
1.118719580000e-02 1.989539860000e+00 8.964371770000e-06
1.134940980000e-02 1.989967820000e+00 9.023151510000e-06
1.143051680000e-02 1.990823750000e+00 9.098725060000e-06
1.143051680000e-02 1.991251710000e+00 9.122051780000e-06
1.151162390000e-02 1.991251710000e+00 9.184562260000e-06
1.151162390000e-02 1.992107630000e+00 9.211620640000e-06
1.159272340000e-02 1.992107630000e+00 9.266668710000e-06
1.159272340000e-02 1.992749690000e+00 9.339442840000e-06
1.167383040000e-02 1.992749690000e+00 9.359968320000e-06
1.175493750000e-02 1.993177650000e+00 9.424345990000e-06
1.183604450000e-02 1.994247670000e+00 9.502718060000e-06
1.183604450000e-02 1.994675640000e+00 9.525110730000e-06
1.191715150000e-02 1.994675640000e+00 9.583890460000e-06
1.199825850000e-02 1.995317460000e+00 9.617480830000e-06
1.199825850000e-02 1.995531560000e+00 9.669727660000e-06
1.199825850000e-02 1.996173620000e+00 9.740637320000e-06
1.207936560000e-02 1.996815440000e+00 9.765828510000e-06
1.216047260000e-02 1.996815440000e+00 9.827406760000e-06
1.224157960000e-02 1.997457500000e+00 9.904847500000e-06
1.224157960000e-02 1.997885470000e+00 9.925372980000e-06
1.232268660000e-02 1.997885470000e+00 9.981353290000e-06
1.248489320000e-02 1.998527530000e+00 1.001027790000e-05
1.240379360000e-02 1.998527530000e+00 1.007185620000e-05
1.240379360000e-02 1.999383450000e+00 1.014276400000e-05
1.240379360000e-02 2.000025270000e+00 1.016795520000e-05
1.256600020000e-02 2.000025270000e+00 1.023420010000e-05
1.256600020000e-02 2.000453230000e+00 1.025472560000e-05
1.256600020000e-02 2.000667330000e+00 1.030977360000e-05
1.264710720000e-02 2.000667330000e+00 1.038534720000e-05
1.272821430000e-02 2.001737360000e+00 1.042453370000e-05
1.280932130000e-02 2.001737360000e+00 1.047771460000e-05
1.280932130000e-02 2.002379180000e+00 1.055142370000e-05
1.280932130000e-02 2.003021240000e+00 1.058128050000e-05
1.297153530000e-02 2.003021240000e+00 1.063912530000e-05
1.305264230000e-02 2.003663300000e+00 1.065965350000e-05
1.305264230000e-02 2.003877160000e+00 1.071750010000e-05
1.305264230000e-02 2.003877160000e+00 1.079587310000e-05
1.321485640000e-02 2.004947190000e+00 1.083132790000e-05
1.321485640000e-02 2.004947190000e+00 1.089103990000e-05
1.329596340000e-02 2.005375150000e+00 1.090970090000e-05
1.329596340000e-02 2.005589250000e+00 1.096381400000e-05
1.337706300000e-02 2.006231070000e+00 1.105151840000e-05
1.345817000000e-02 2.006873130000e+00 1.107017760000e-05
1.345817000000e-02 2.006873130000e+00 1.113268990000e-05
1.337706300000e-02 2.007301090000e+00 1.120546490000e-05
1.362038400000e-02 2.008157010000e+00 1.124465140000e-05
1.353927700000e-02 2.008157010000e+00 1.129876730000e-05
1.353927700000e-02 2.008584980000e+00 1.131462700000e-05
1.362038400000e-02 2.008584980000e+00 1.137620530000e-05
1.378259810000e-02 2.009440900000e+00 1.146204250000e-05
1.386370510000e-02 2.009869100000e+00 1.148536920000e-05
1.386370510000e-02 2.010082960000e+00 1.155067910000e-05
1.386370510000e-02 2.010082960000e+00 1.162625270000e-05
1.394481210000e-02 2.011152980000e+00 1.166357380000e-05
1.402591910000e-02 2.010938880000e+00 1.172515290000e-05
1.402591910000e-02 2.011580940000e+00 1.174194680000e-05
1.410702620000e-02 2.012008910000e+00 1.180259100000e-05
1.418813320000e-02 2.012436870000e+00 1.189122760000e-05
1.426923270000e-02 2.013078930000e+00 1.190988860000e-05
1.426923270000e-02 2.012864830000e+00 1.197146680000e-05
1.418813320000e-02 2.012864830000e+00 1.199572580000e-05
1.435033980000e-02 2.013720750000e+00 1.205823630000e-05
1.435033980000e-02 2.014362810000e+00 1.214034270000e-05
1.443144680000e-02 2.014790770000e+00 1.216553390000e-05
1.443144680000e-02 2.014790770000e+00 1.222897840000e-05
1.459366080000e-02 2.015646700000e+00 1.230828370000e-05
1.459366080000e-02 2.015860800000e+00 1.233254260000e-05
1.459366080000e-02 2.016288760000e+00 1.239785250000e-05
1.467476790000e-02 2.016288760000e+00 1.241931200000e-05
1.475587490000e-02 2.016502620000e+00 1.248275750000e-05
1.475587490000e-02 2.017358780000e+00 1.256672840000e-05
1.483698190000e-02 2.018000600000e+00 1.259005240000e-05
1.491808890000e-02 2.018000600000e+00 1.264883210000e-05
1.499919590000e-02 2.018428560000e+00 1.267682270000e-05
1.499919590000e-02 2.018428560000e+00 1.273466930000e-05
1.499919590000e-02 2.019070630000e+00 1.281770800000e-05
1.508030300000e-02 2.019070630000e+00 1.284569770000e-05
1.516140250000e-02 2.019498590000e+00 1.291287480000e-05
1.516140250000e-02 2.020354510000e+00 1.299311410000e-05
1.516140250000e-02 2.020568610000e+00 1.301923750000e-05
1.524250950000e-02 2.020568610000e+00 1.308268290000e-05
1.540472360000e-02 2.021424530000e+00 1.311440610000e-05
1.540472360000e-02 2.021424530000e+00 1.317318580000e-05
1.540472360000e-02 2.022066590000e+00 1.325249100000e-05
1.548583060000e-02 2.022066590000e+00 1.328141570000e-05
1.556693760000e-02 2.022280450000e+00 1.334205990000e-05
1.564804460000e-02 2.023136380000e+00 1.342602990000e-05
1.564804460000e-02 2.023992540000e+00 1.345122380000e-05
1.572915170000e-02 2.023778440000e+00 1.351466650000e-05
1.581025870000e-02 2.024420500000e+00 1.354732290000e-05
1.581025870000e-02 2.024206400000e+00 1.360796890000e-05
1.581025870000e-02 2.024206400000e+00 1.368447470000e-05
1.589136570000e-02 2.025062320000e+00 1.370966580000e-05
1.589136570000e-02 2.025490280000e+00 1.377964140000e-05
1.589136570000e-02 2.026132350000e+00 1.380576670000e-05
1.605357230000e-02 2.026132350000e+00 1.386454640000e-05
1.605357230000e-02 2.026132350000e+00 1.394571790000e-05
1.613467930000e-02 2.027202370000e+00 1.397743930000e-05
1.621578630000e-02 2.026988270000e+00 1.403248730000e-05
1.621578630000e-02 2.027844190000e+00 1.411552600000e-05
1.629689340000e-02 2.027844190000e+00 1.414444890000e-05
1.629689340000e-02 2.028272150000e+00 1.420976060000e-05
1.645910740000e-02 2.028700350000e+00 1.423681810000e-05
1.637800040000e-02 2.028700350000e+00 1.430119570000e-05
1.637800040000e-02 2.029556270000e+00 1.438330040000e-05
1.662132140000e-02 2.029984240000e+00 1.441875520000e-05
1.654021440000e-02 2.029984240000e+00 1.448033340000e-05
1.654021440000e-02 2.030626060000e+00 1.450365830000e-05
1.670242850000e-02 2.030626060000e+00 1.456803780000e-05
1.678353550000e-02 2.031054260000e+00 1.465573950000e-05
1.686464250000e-02 2.031268120000e+00 1.468279790000e-05
1.678353550000e-02 2.031696080000e+00 1.474250890000e-05
1.678353550000e-02 2.032338140000e+00 1.482368040000e-05
1.702684910000e-02 2.032979970000e+00 1.486566630000e-05
1.702684910000e-02 2.032766100000e+00 1.492817960000e-05
1.702684910000e-02 2.033194070000e+00 1.495057130000e-05
1.702684910000e-02 2.033194070000e+00 1.501774750000e-05
1.710795610000e-02 2.033836130000e+00 1.510265250000e-05
1.727017020000e-02 2.034477950000e+00 1.512504510000e-05
1.727017020000e-02 2.034477950000e+00 1.519222130000e-05
1.727017020000e-02 2.034477950000e+00 1.527526000000e-05
1.743238420000e-02 2.035762070000e+00 1.531631100000e-05
1.735127720000e-02 2.035547970000e+00 1.537415850000e-05
1.735127720000e-02 2.035975930000e+00 1.539934960000e-05
1.751349120000e-02 2.035975930000e+00 1.545999480000e-05
1.759459820000e-02 2.036617990000e+00 1.555236300000e-05
1.767570530000e-02 2.037045960000e+00 1.557662290000e-05
1.767570530000e-02 2.037045960000e+00 1.564659760000e-05
1.767570530000e-02 2.037045960000e+00 1.567178880000e-05
1.775681230000e-02 2.037688020000e+00 1.574083220000e-05
1.775681230000e-02 2.038329840000e+00 1.582107140000e-05
1.775681230000e-02 2.038971900000e+00 1.584719580000e-05
1.791901890000e-02 2.038971900000e+00 1.591530420000e-05
1.800012590000e-02 2.039399860000e+00 1.600953870000e-05
1.800012590000e-02 2.039827820000e+00 1.603286550000e-05
1.800012590000e-02 2.040041920000e+00 1.610004070000e-05
1.800012590000e-02 2.040041920000e+00 1.612616510000e-05
1.816233990000e-02 2.040469880000e+00 1.619334220000e-05
1.824344690000e-02 2.041111710000e+00 1.627637900000e-05
1.824344690000e-02 2.041539670000e+00 1.630996850000e-05
1.832455400000e-02 2.041539670000e+00 1.637621240000e-05
1.840566100000e-02 2.042181730000e+00 1.640980010000e-05
1.840566100000e-02 2.041967630000e+00 1.647604400000e-05
1.840566100000e-02 2.042823790000e+00 1.655348570000e-05
1.848676800000e-02 2.043465610000e+00 1.658427390000e-05
1.856787500000e-02 2.043037650000e+00 1.665704800000e-05
1.864898200000e-02 2.043465610000e+00 1.674195120000e-05
1.864898200000e-02 2.043893580000e+00 1.677087680000e-05
1.864898200000e-02 2.043893580000e+00 1.683711890000e-05
1.873008160000e-02 2.044749740000e+00 1.687257280000e-05
1.881118860000e-02 2.044535640000e+00 1.693508600000e-05
1.881118860000e-02 2.045391560000e+00 1.702278860000e-05
1.889229570000e-02 2.045391560000e+00 1.705451000000e-05
1.897340270000e-02 2.045819520000e+00 1.712821900000e-05
1.905450970000e-02 2.046247480000e+00 1.721592160000e-05
1.905450970000e-02 2.046889540000e+00 1.724857610000e-05
1.913561670000e-02 2.046889540000e+00 1.731482190000e-05
1.921672370000e-02 2.047531600000e+00 1.735027580000e-05
1.921672370000e-02 2.047531600000e+00 1.741651790000e-05
1.921672370000e-02 2.048173430000e+00 1.750142290000e-05
1.929783080000e-02 2.048387530000e+00 1.753874310000e-05
1.937893780000e-02 2.048173430000e+00 1.761058590000e-05
1.946004480000e-02 2.049243450000e+00 1.763484400000e-05
1.946004480000e-02 2.049029350000e+00 1.769922160000e-05
1.946004480000e-02 2.049885510000e+00 1.779158990000e-05
1.962225880000e-02 2.050099370000e+00 1.783077640000e-05
1.962225880000e-02 2.050099370000e+00 1.789608720000e-05
1.962225880000e-02 2.050527330000e+00 1.798752240000e-05
1.970336590000e-02 2.051169400000e+00 1.801551300000e-05
1.970336590000e-02 2.051169400000e+00 1.808455450000e-05
1.970336590000e-02 2.051597360000e+00 1.810881260000e-05
1.986557990000e-02 2.051811460000e+00 1.818345480000e-05
1.986557990000e-02 2.051811460000e+00 1.827302370000e-05
2.002779390000e-02 2.052881240000e+00 1.831314150000e-05
2.002779390000e-02 2.052881240000e+00 1.837938540000e-05
2.002779390000e-02 2.053309200000e+00 1.840271220000e-05
2.010888610000e-02 2.053309200000e+00 1.847175370000e-05
2.010888610000e-02 2.053737160000e+00 1.856878770000e-05
2.010888610000e-02 2.054165360000e+00 1.859491390000e-05
2.027110010000e-02 2.054593320000e+00 1.866582170000e-05
2.027110010000e-02 2.054593320000e+00 1.875632370000e-05
2.035220710000e-02 2.055235150000e+00 1.880297350000e-05
2.035220710000e-02 2.055449250000e+00 1.886828430000e-05
2.035220710000e-02 2.055877210000e+00 1.889440860000e-05
2.051442120000e-02 2.055877210000e+00 1.896251890000e-05
2.059552820000e-02 2.056305170000e+00 1.906141730000e-05
2.059552820000e-02 2.056947230000e+00 1.909127420000e-05
2.059552820000e-02 2.056947230000e+00 1.916311700000e-05
2.067663520000e-02 2.056947230000e+00 1.924895330000e-05
2.083884920000e-02 2.057803150000e+00 1.929000430000e-05
2.083884920000e-02 2.058017020000e+00 1.936091580000e-05
2.083884920000e-02 2.058659080000e+00 1.938610690000e-05
2.091995630000e-02 2.058444980000e+00 1.945981240000e-05
2.091995630000e-02 2.058873180000e+00 1.956057710000e-05
2.091995630000e-02 2.059515000000e+00 1.958576830000e-05
2.100106330000e-02 2.059729100000e+00 1.965761110000e-05
2.108217030000e-02 2.059729100000e+00 1.968280230000e-05
2.108217030000e-02 2.059942960000e+00 1.976024210000e-05
2.108217030000e-02 2.060585020000e+00 1.985540980000e-05
2.124438430000e-02 2.060798880000e+00 1.988619810000e-05
2.132549140000e-02 2.060798880000e+00 1.995617460000e-05
2.132549140000e-02 2.061227080000e+00 2.004947600000e-05
2.140659840000e-02 2.062083010000e+00 2.007560030000e-05
2.140659840000e-02 2.061868910000e+00 2.014837630000e-05
2.140659840000e-02 2.061868910000e+00 2.018196570000e-05
2.148770540000e-02 2.062510970000e+00 2.025567120000e-05
2.156881240000e-02 2.062938930000e+00 2.035270520000e-05
2.156881240000e-02 2.063580990000e+00 2.038909220000e-05
2.164991950000e-02 2.063580990000e+00 2.045813560000e-05
2.173102650000e-02 2.063794850000e+00 2.049918660000e-05
2.173102650000e-02 2.064008950000e+00 2.056449920000e-05
2.173102650000e-02 2.064650770000e+00 2.066339770000e-05
2.189322560000e-02 2.064864870000e+00 2.069138830000e-05
2.197433260000e-02 2.065292840000e+00 2.077442510000e-05
2.197433260000e-02 2.065506700000e+00 2.086772840000e-05
2.205543970000e-02 2.065934900000e+00 2.089758530000e-05
2.205543970000e-02 2.065934900000e+00 2.097875590000e-05
2.213654670000e-02 2.066362860000e+00 2.101607610000e-05
2.213654670000e-02 2.066576720000e+00 2.108885020000e-05
2.221765370000e-02 2.067004680000e+00 2.118495100000e-05
2.229876070000e-02 2.067004680000e+00 2.121760550000e-05
2.237986770000e-02 2.067646740000e+00 2.129318090000e-05
2.237986770000e-02 2.067860600000e+00 2.139394560000e-05
2.237986770000e-02 2.068288800000e+00 2.143033270000e-05
2.246097480000e-02 2.068288800000e+00 2.150310680000e-05
2.254208180000e-02 2.069144730000e+00 2.154042700000e-05
2.254208180000e-02 2.069144730000e+00 2.161226980000e-05
2.262318880000e-02 2.069786550000e+00 2.170557130000e-05
2.270429580000e-02 2.069786550000e+00 2.173449500000e-05
2.270429580000e-02 2.070000650000e+00 2.181846500000e-05
2.270429580000e-02 2.070642710000e+00 2.184552250000e-05
2.286650990000e-02 2.070428610000e+00 2.192482680000e-05
2.286650990000e-02 2.070428610000e+00 2.202559520000e-05
2.294761690000e-02 2.071498630000e+00 2.207317810000e-05
2.294761690000e-02 2.071712490000e+00 2.214222150000e-05
2.294761690000e-02 2.072140460000e+00 2.224112000000e-05
2.310983090000e-02 2.072140460000e+00 2.227564070000e-05
2.310983090000e-02 2.072354560000e+00 2.235774630000e-05
2.310983090000e-02 2.073210480000e+00 2.238666820000e-05
2.327204500000e-02 2.072996620000e+00 2.246504120000e-05
2.327204500000e-02 2.072996620000e+00 2.256021070000e-05
2.335315200000e-02 2.074066400000e+00 2.260499420000e-05
2.335315200000e-02 2.074066400000e+00 2.268336720000e-05
2.335315200000e-02 2.074494360000e+00 2.270855840000e-05
2.343425900000e-02 2.074494360000e+00 2.278879770000e-05
2.351536600000e-02 2.074922560000e+00 2.289982690000e-05
2.359647300000e-02 2.075350520000e+00 2.292968020000e-05
2.367756520000e-02 2.075564380000e+00 2.300712190000e-05
2.367756520000e-02 2.075992350000e+00 2.311255230000e-05
2.375867220000e-02 2.076420310000e+00 2.315173880000e-05
2.375867220000e-02 2.076420310000e+00 2.322637920000e-05
2.383977920000e-02 2.076848270000e+00 2.325530110000e-05
2.383977920000e-02 2.076848270000e+00 2.333554040000e-05
2.392088620000e-02 2.077276470000e+00 2.344563840000e-05
2.392088620000e-02 2.077918290000e+00 2.347456030000e-05
2.400199320000e-02 2.077704430000e+00 2.356319600000e-05
2.408310030000e-02 2.077704430000e+00 2.366676020000e-05
2.416420730000e-02 2.078988310000e+00 2.371807570000e-05
2.416420730000e-02 2.078774210000e+00 2.380111250000e-05
2.416420730000e-02 2.079416280000e+00 2.382350610000e-05
2.424531430000e-02 2.079416280000e+00 2.390281220000e-05
2.440752830000e-02 2.079844240000e+00 2.402130300000e-05
2.440752830000e-02 2.080272200000e+00 2.405302800000e-05
2.448863540000e-02 2.080486300000e+00 2.413699800000e-05
2.448863540000e-02 2.080486300000e+00 2.416405550000e-05
2.448863540000e-02 2.080700160000e+00 2.424802730000e-05
2.448863540000e-02 2.081342220000e+00 2.435532220000e-05
2.465084940000e-02 2.081342220000e+00 2.438611050000e-05
2.473195640000e-02 2.081770180000e+00 2.447941370000e-05
2.473195640000e-02 2.082198140000e+00 2.459417370000e-05
2.473195640000e-02 2.082626100000e+00 2.462589510000e-05
2.489417050000e-02 2.082626100000e+00 2.471359950000e-05
2.489417050000e-02 2.082626100000e+00 2.474252140000e-05
2.489417050000e-02 2.083268170000e+00 2.482742640000e-05
2.497527750000e-02 2.083696130000e+00 2.493565630000e-05
2.497527750000e-02 2.084124090000e+00 2.497204330000e-05
2.505638450000e-02 2.084124090000e+00 2.506254350000e-05
2.513749150000e-02 2.084552050000e+00 2.510079870000e-05
2.513749150000e-02 2.084766150000e+00 2.518476870000e-05
2.513749150000e-02 2.084980010000e+00 2.528553340000e-05
2.521859850000e-02 2.084980010000e+00 2.531818970000e-05
2.538081260000e-02 2.085407970000e+00 2.541335560000e-05
2.538081260000e-02 2.085835930000e+00 2.552625120000e-05
2.538081260000e-02 2.086477990000e+00 2.556450450000e-05
2.546190470000e-02 2.086692090000e+00 2.565593970000e-05
2.554301170000e-02 2.086905960000e+00 2.569605930000e-05
2.554301170000e-02 2.087120060000e+00 2.577909800000e-05
2.562411870000e-02 2.087548020000e+00 2.588919230000e-05
2.570522580000e-02 2.087548020000e+00 2.592931380000e-05
2.570522580000e-02 2.087975980000e+00 2.601888260000e-05
2.586743980000e-02 2.088403940000e+00 2.613084330000e-05
2.586743980000e-02 2.088831900000e+00 2.617096110000e-05
2.594854680000e-02 2.088831900000e+00 2.625399970000e-05
2.594854680000e-02 2.089259860000e+00 2.629691880000e-05
2.602965380000e-02 2.089473960000e+00 2.638555450000e-05
2.602965380000e-02 2.089687820000e+00 2.649565070000e-05
2.611076090000e-02 2.089687820000e+00 2.653576850000e-05
2.611076090000e-02 2.090329890000e+00 2.662533730000e-05
2.627297490000e-02 2.090757850000e+00 2.665799370000e-05
2.627297490000e-02 2.090757850000e+00 2.674662940000e-05
2.627297490000e-02 2.090757850000e+00 2.686792140000e-05
2.635408190000e-02 2.091613770000e+00 2.691643750000e-05
2.643518890000e-02 2.091827870000e+00 2.700320690000e-05
2.643518890000e-02 2.092255830000e+00 2.711516750000e-05
2.643518890000e-02 2.092255830000e+00 2.714969010000e-05
2.659740300000e-02 2.092683790000e+00 2.723832770000e-05
2.659740300000e-02 2.092897650000e+00 2.726911590000e-05
2.659740300000e-02 2.092897650000e+00 2.737081380000e-05
2.667851000000e-02 2.092897650000e+00 2.748930640000e-05
2.684072410000e-02 2.093967680000e+00 2.753875560000e-05
2.684072410000e-02 2.093967680000e+00 2.763578780000e-05
2.684072410000e-02 2.094609740000e+00 2.766657780000e-05
2.684072410000e-02 2.094609740000e+00 2.776081240000e-05
2.692183110000e-02 2.094823600000e+00 2.788490380000e-05
2.692183110000e-02 2.095251560000e+00 2.792595660000e-05
2.700293810000e-02 2.095465660000e+00 2.802018930000e-05
2.708404510000e-02 2.095679520000e+00 2.814148140000e-05
2.716515210000e-02 2.096321580000e+00 2.819559450000e-05
2.716515210000e-02 2.096321580000e+00 2.828423200000e-05
2.724624430000e-02 2.096963640000e+00 2.831595520000e-05
2.732735130000e-02 2.096963640000e+00 2.841205420000e-05
2.732735130000e-02 2.097177510000e+00 2.854640660000e-05
2.748956530000e-02 2.097605470000e+00 2.858186240000e-05
2.748956530000e-02 2.097819570000e+00 2.868262710000e-05
2.740845830000e-02 2.097819570000e+00 2.880205280000e-05
2.765177940000e-02 2.098675490000e+00 2.885523460000e-05
2.765177940000e-02 2.098461630000e+00 2.895973190000e-05
2.757067230000e-02 2.099103450000e+00 2.898958700000e-05
2.765177940000e-02 2.099103450000e+00 2.908568790000e-05
2.773288640000e-02 2.099531410000e+00 2.921350820000e-05
2.781399340000e-02 2.099745510000e+00 2.925362970000e-05
2.781399340000e-02 2.099959370000e+00 2.934599800000e-05
2.781399340000e-02 2.099959370000e+00 2.938145370000e-05
2.789510040000e-02 2.100387330000e+00 2.948501790000e-05
2.797620740000e-02 2.100815530000e+00 2.961657260000e-05
2.797620740000e-02 2.101243500000e+00 2.965762360000e-05
2.813842150000e-02 2.101243500000e+00 2.976492030000e-05
2.813842150000e-02 2.101885320000e+00 2.990020770000e-05
2.813842150000e-02 2.102099420000e+00 2.994032550000e-05
2.830063550000e-02 2.102099420000e+00 3.004389330000e-05
2.821952850000e-02 2.102099420000e+00 3.007841040000e-05
2.838174250000e-02 2.102955340000e+00 3.018290950000e-05
2.838174250000e-02 2.103383300000e+00 3.032006130000e-05
2.838174250000e-02 2.103597400000e+00 3.036018280000e-05
2.846284960000e-02 2.103597400000e+00 3.045628360000e-05
2.862506360000e-02 2.103811260000e+00 3.050106720000e-05
2.862506360000e-02 2.104025360000e+00 3.060836020000e-05
2.854395660000e-02 2.104025360000e+00 3.073992050000e-05
2.870617060000e-02 2.104667190000e+00 3.078376900000e-05
2.870617060000e-02 2.104881290000e+00 3.089479650000e-05
2.870617060000e-02 2.105309250000e+00 3.102914710000e-05
2.878727760000e-02 2.105737210000e+00 3.107300290000e-05
2.886838470000e-02 2.105737210000e+00 3.118122910000e-05
2.903058380000e-02 2.106593130000e+00 3.122694760000e-05
2.894949170000e-02 2.106379270000e+00 3.133144860000e-05
2.894949170000e-02 2.106593130000e+00 3.146486420000e-05
2.903058380000e-02 2.107235190000e+00 3.151431880000e-05
2.911169080000e-02 2.107021090000e+00 3.161414860000e-05
2.919279780000e-02 2.107663150000e+00 3.175503300000e-05
2.919279780000e-02 2.107877250000e+00 3.180541530000e-05
2.927390490000e-02 2.107877250000e+00 3.192111030000e-05
2.935501190000e-02 2.108519080000e+00 3.197149270000e-05
2.943611890000e-02 2.108305220000e+00 3.208345520000e-05
2.943611890000e-02 2.108733180000e+00 3.221874070000e-05
2.943611890000e-02 2.109589100000e+00 3.227005440000e-05
2.951722590000e-02 2.109161140000e+00 3.239134460000e-05
2.951722590000e-02 2.109803200000e+00 3.243519680000e-05
2.959833290000e-02 2.110017060000e+00 3.254436160000e-05
2.967944000000e-02 2.110017060000e+00 3.268990990000e-05
2.984165400000e-02 2.110659120000e+00 3.275148990000e-05
2.984165400000e-02 2.110872980000e+00 3.285785350000e-05
2.976054700000e-02 2.111515050000e+00 3.300713430000e-05
2.984165400000e-02 2.111515050000e+00 3.305378410000e-05
3.000386800000e-02 2.111728910000e+00 3.317787560000e-05
3.000386800000e-02 2.111943010000e+00 3.321986150000e-05
3.008497510000e-02 2.112157110000e+00 3.333555650000e-05
3.008497510000e-02 2.112157110000e+00 3.348297100000e-05
3.024718910000e-02 2.113013030000e+00 3.354548240000e-05
3.016608210000e-02 2.113013030000e+00 3.366304010000e-05
3.016608210000e-02 2.113440990000e+00 3.370502600000e-05
3.032829610000e-02 2.113440990000e+00 3.381885110000e-05
3.032829610000e-02 2.113654850000e+00 3.398306580000e-05
3.040940310000e-02 2.114296910000e+00 3.402971200000e-05
3.040940310000e-02 2.114296910000e+00 3.414540700000e-05
3.040940310000e-02 2.114724870000e+00 3.429655410000e-05
3.057161720000e-02 2.115152840000e+00 3.437119810000e-05
3.057161720000e-02 2.115152840000e+00 3.449248470000e-05
3.057161720000e-02 2.115580800000e+00 3.452980670000e-05
3.065272420000e-02 2.115794900000e+00 3.465203190000e-05
3.073383120000e-02 2.116222860000e+00 3.483117330000e-05
3.081492330000e-02 2.116650820000e+00 3.486942300000e-05
3.081492330000e-02 2.116650820000e+00 3.500097960000e-05
3.089603040000e-02 2.116650820000e+00 3.505136190000e-05
3.097713740000e-02 2.116864920000e+00 3.517265210000e-05
3.097713740000e-02 2.117292880000e+00 3.533872950000e-05
3.097713740000e-02 2.117720840000e+00 3.539004320000e-05
3.105824440000e-02 2.117720840000e+00 3.551320330000e-05
3.122045840000e-02 2.118148800000e+00 3.569886760000e-05
3.122045840000e-02 2.118790630000e+00 3.574365470000e-05
3.122045840000e-02 2.118576770000e+00 3.587614260000e-05
3.122045840000e-02 2.119432690000e+00 3.592279610000e-05
3.130156550000e-02 2.119218830000e+00 3.605901290000e-05
3.146377950000e-02 2.119432690000e+00 3.622695290000e-05
3.146377950000e-02 2.119860650000e+00 3.627453770000e-05
3.146377950000e-02 2.119860650000e+00 3.641262450000e-05
3.154488650000e-02 2.120502710000e+00 3.659922730000e-05
3.170710060000e-02 2.120716570000e+00 3.664867470000e-05
3.170710060000e-02 2.120930670000e+00 3.678582650000e-05
3.170710060000e-02 2.121144530000e+00 3.682967870000e-05
3.170710060000e-02 2.121144530000e+00 3.696310160000e-05
3.178820760000e-02 2.121572730000e+00 3.714317430000e-05
3.178820760000e-02 2.122428660000e+00 3.719635420000e-05
3.195042160000e-02 2.122428660000e+00 3.734003990000e-05
3.203152870000e-02 2.122642520000e+00 3.740814650000e-05
3.195042160000e-02 2.122642520000e+00 3.755182840000e-05
3.203152870000e-02 2.123284580000e+00 3.772070700000e-05
3.203152870000e-02 2.123498440000e+00 3.777948590000e-05
3.211263570000e-02 2.123498440000e+00 3.792876670000e-05
3.211263570000e-02 2.123926640000e+00 3.811816710000e-05
3.227484970000e-02 2.124354600000e+00 3.817508330000e-05
3.227484970000e-02 2.124354600000e+00 3.832529910000e-05
3.235595670000e-02 2.124782560000e+00 3.839060810000e-05
3.235595670000e-02 2.124782560000e+00 3.853149250000e-05
3.243706380000e-02 2.125210520000e+00 3.871250010000e-05
3.243706380000e-02 2.125210520000e+00 3.877967540000e-05
3.259926290000e-02 2.125638480000e+00 3.893734900000e-05
3.259926290000e-02 2.126066450000e+00 3.899239890000e-05
3.259926290000e-02 2.126280550000e+00 3.914448100000e-05
3.268036990000e-02 2.126280550000e+00 3.933014890000e-05
3.284258400000e-02 2.126708510000e+00 3.940572420000e-05
3.284258400000e-02 2.126922370000e+00 3.956713410000e-05
3.276147690000e-02 2.127350330000e+00 3.975466830000e-05
3.292369100000e-02 2.127350330000e+00 3.981624830000e-05
3.292369100000e-02 2.127564430000e+00 3.998792090000e-05
3.292369100000e-02 2.128206250000e+00 4.003830330000e-05
3.300479800000e-02 2.128206250000e+00 4.018665280000e-05
3.300479800000e-02 2.128634450000e+00 4.039378110000e-05
3.324811910000e-02 2.129276280000e+00 4.048148550000e-05
3.324811910000e-02 2.128848310000e+00 4.064569660000e-05
3.324811910000e-02 2.129490380000e+00 4.085002370000e-05
3.332922610000e-02 2.129490380000e+00 4.092093510000e-05
3.332922610000e-02 2.129918340000e+00 4.108327990000e-05
3.341033310000e-02 2.130346300000e+00 4.113739120000e-05
3.341033310000e-02 2.130346300000e+00 4.113739120000e-05
3.341033310000e-02 2.130346300000e+00 4.113739120000e-05
3.357254710000e-02 2.130988360000e+00 4.113739120000e-05
3.357254710000e-02 2.131202220000e+00 4.113739120000e-05
3.357254710000e-02 2.131202220000e+00 4.351765160000e-05
3.373476120000e-02 2.131844280000e+00 4.296726910000e-05
3.373476120000e-02 2.131844280000e+00 4.271539730000e-05
3.373476120000e-02 2.132486100000e+00 4.271539730000e-05
3.381586820000e-02 2.132486100000e+00 4.280868960000e-05
3.389697520000e-02 2.132486100000e+00 4.300458390000e-05
3.405918930000e-02 2.133342270000e+00 4.304189500000e-05
3.405918930000e-02 2.133342270000e+00 4.320980950000e-05
3.397808220000e-02 2.133770230000e+00 4.324712790000e-05
3.405918930000e-02 2.133770230000e+00 4.341504250000e-05
3.414029630000e-02 2.134198190000e+00 4.364824780000e-05
3.430251030000e-02 2.134840010000e+00 4.368556620000e-05
3.430251030000e-02 2.134412050000e+00 4.389079910000e-05
3.430251030000e-02 2.134412050000e+00 4.395610090000e-05
3.430251030000e-02 2.134840010000e+00 4.410535260000e-05
3.430251030000e-02 2.135267970000e+00 4.438521140000e-05
3.446470950000e-02 2.135910030000e+00 4.445050940000e-05
3.446470950000e-02 2.136124130000e+00 4.467439790000e-05
3.454581650000e-02 2.136124130000e+00 4.494492170000e-05
3.462692350000e-02 2.136552100000e+00 4.501021980000e-05
3.462692350000e-02 2.136765960000e+00 4.518746570000e-05
3.462692350000e-02 2.137193920000e+00 4.522478050000e-05
3.470803050000e-02 2.137193920000e+00 4.547665230000e-05
3.470803050000e-02 2.137408020000e+00 4.573784830000e-05
3.478913750000e-02 2.137835980000e+00 4.582180920000e-05
3.487024460000e-02 2.137835980000e+00 4.605501450000e-05
3.503245860000e-02 2.138263940000e+00 4.630689360000e-05
3.503245860000e-02 2.138906000000e+00 4.636285670000e-05
3.511356560000e-02 2.139119860000e+00 4.657741740000e-05
3.503245860000e-02 2.139119860000e+00 4.666137100000e-05
3.511356560000e-02 2.139119860000e+00 4.690391510000e-05
3.511356560000e-02 2.139761920000e+00 4.718377390000e-05
3.527577970000e-02 2.139975790000e+00 4.731437000000e-05
3.527577970000e-02 2.139975790000e+00 4.748228820000e-05
3.543799370000e-02 2.140403990000e+00 4.758490470000e-05
3.543799370000e-02 2.140403990000e+00 4.784610060000e-05
3.535688670000e-02 2.141045810000e+00 4.812595940000e-05
3.543799370000e-02 2.141045810000e+00 4.819125750000e-05
3.560020770000e-02 2.141259910000e+00 4.845245350000e-05
3.560020770000e-02 2.141473770000e+00 4.874164370000e-05
3.576242180000e-02 2.142115830000e+00 4.882559730000e-05
3.576242180000e-02 2.142115830000e+00 4.906813770000e-05
3.576242180000e-02 2.142543790000e+00 4.917075420000e-05
3.576242180000e-02 2.142543790000e+00 4.943195020000e-05
3.576242180000e-02 2.142543790000e+00 4.977711070000e-05
3.592463580000e-02 2.143185850000e+00 4.987039940000e-05
3.600574280000e-02 2.143185850000e+00 5.014092310000e-05
3.600574280000e-02 2.143827680000e+00 5.018756560000e-05
3.600574280000e-02 2.144041780000e+00 5.044876530000e-05
3.600574280000e-02 2.144041780000e+00 5.081257770000e-05
3.616794200000e-02 2.144469740000e+00 5.091519420000e-05
3.624904900000e-02 2.144897700000e+00 5.119505290000e-05
3.624904900000e-02 2.145111800000e+00 5.151222290000e-05
3.624904900000e-02 2.145325660000e+00 5.162416710000e-05
3.641126300000e-02 2.145539760000e+00 5.193200560000e-05
3.641126300000e-02 2.145539760000e+00 5.196931670000e-05
3.641126300000e-02 2.145967720000e+00 5.230514580000e-05
3.641126300000e-02 2.145967720000e+00 5.269694880000e-05
3.657347710000e-02 2.146609540000e+00 5.282754860000e-05
3.665458410000e-02 2.146609540000e+00 5.309807240000e-05
3.665458410000e-02 2.147251610000e+00 5.350853100000e-05
3.673569110000e-02 2.147251610000e+00 5.362980300000e-05
3.681679820000e-02 2.147679570000e+00 5.390966180000e-05
3.681679820000e-02 2.147679570000e+00 5.401226740000e-05
3.681679820000e-02 2.148107530000e+00 5.431078170000e-05
3.681679820000e-02 2.148107530000e+00 5.471191250000e-05
3.697901220000e-02 2.148749590000e+00 5.485184010000e-05
3.697901220000e-02 2.148749590000e+00 5.515967860000e-05
3.697901220000e-02 2.149177550000e+00 5.528095060000e-05
3.706011920000e-02 2.149177550000e+00 5.562611110000e-05
3.722233330000e-02 2.149605510000e+00 5.608321230000e-05
3.722233330000e-02 2.149819610000e+00 5.622313620000e-05
3.730344030000e-02 2.150033470000e+00 5.656829670000e-05
3.730344030000e-02 2.150033470000e+00 5.706270890000e-05
3.746565430000e-02 2.150889400000e+00 5.723995130000e-05
3.746565430000e-02 2.150675540000e+00 5.757577310000e-05
3.738454730000e-02 2.151103500000e+00 5.768771730000e-05
3.754676130000e-02 2.151103500000e+00 5.806085760000e-05
3.762786840000e-02 2.151745560000e+00 5.856460480000e-05
3.762786840000e-02 2.151959420000e+00 5.868587690000e-05
3.762786840000e-02 2.152173520000e+00 5.908699680000e-05
3.770897540000e-02 2.152173520000e+00 5.924558720000e-05
3.770897540000e-02 2.152173520000e+00 5.963739020000e-05
3.770897540000e-02 2.152815340000e+00 6.023440800000e-05
3.779008240000e-02 2.153243300000e+00 6.034635230000e-05
3.787118940000e-02 2.153457400000e+00 6.076613860000e-05
3.803338860000e-02 2.153671260000e+00 6.134451540000e-05
3.803338860000e-02 2.153885360000e+00 6.152175770000e-05
3.811449560000e-02 2.153885360000e+00 6.200683860000e-05
3.803338860000e-02 2.153885360000e+00 6.213743470000e-05
3.811449560000e-02 2.154527430000e+00 6.256654890000e-05
3.811449560000e-02 2.154955390000e+00 6.317290540000e-05
3.827670960000e-02 2.154955390000e+00 6.334081990000e-05
3.835781660000e-02 2.155169250000e+00 6.388187470000e-05
3.843892370000e-02 2.155597210000e+00 6.457218840000e-05
3.843892370000e-02 2.156025170000e+00 6.475875850000e-05
3.843892370000e-02 2.155811310000e+00 6.529048550000e-05
3.852003070000e-02 2.155811310000e+00 6.548639070000e-05
3.860113770000e-02 2.156453370000e+00 6.596213640000e-05
3.860113770000e-02 2.156667230000e+00 6.668977580000e-05
3.860113770000e-02 2.157309290000e+00 6.694164040000e-05
3.868224470000e-02 2.157309290000e+00 6.752000630000e-05
3.884445880000e-02 2.157737260000e+00 6.772523920000e-05
3.884445880000e-02 2.157737260000e+00 6.832226790000e-05
3.876335170000e-02 2.158165220000e+00 6.905922060000e-05
3.884445880000e-02 2.158165220000e+00 6.932042020000e-05
3.892556580000e-02 2.158379080000e+00 6.994543220000e-05
3.908777980000e-02 2.158807280000e+00 7.088761780000e-05
3.908777980000e-02 2.159235240000e+00 7.113948230000e-05
3.908777980000e-02 2.159235240000e+00 7.186711450000e-05
3.916888680000e-02 2.159663200000e+00 7.210965120000e-05
3.916888680000e-02 2.159449100000e+00 7.279997230000e-05
3.916888680000e-02 2.160091160000e+00 7.377014120000e-05
