#  J [A] 	 V 	 L [w] 
-5.483627320000e-06 2.734959130000e-04 -2.874757770000e-09
-8.658319710000e-05 2.734959130000e-04 -2.874757770000e-09
-5.483627320000e-06 2.734959130000e-04 -3.060163680000e-09
-5.483627320000e-06 9.154677390000e-04 -2.689285240000e-09
-5.483627320000e-06 1.771420240000e-03 -3.060163680000e-09
-8.658319710000e-05 1.771420240000e-03 -2.689285240000e-09
-5.483627320000e-06 1.771420240000e-03 -3.152899940000e-09
-5.483627320000e-06 1.557439570000e-03 -2.782021500000e-09
-8.658319710000e-05 1.771420240000e-03 -2.782021500000e-09
-5.483627320000e-06 1.771420240000e-03 -2.967427410000e-09
-5.483627320000e-06 1.771420240000e-03 -2.874757770000e-09
-8.658319710000e-05 1.557439570000e-03 -2.689285240000e-09
7.562339310000e-05 1.771420240000e-03 -2.503812710000e-09
-8.658319710000e-05 1.771420240000e-03 -2.689285240000e-09
-8.658319710000e-05 1.771420240000e-03 -3.060163680000e-09
-5.483627320000e-06 1.771420240000e-03 -2.782021500000e-09
-8.658319710000e-05 1.771420240000e-03 -2.967427410000e-09
7.562339310000e-05 1.771420240000e-03 -2.596548980000e-09
7.562339310000e-05 1.771420240000e-03 -2.874757770000e-09
-5.483627320000e-06 1.771420240000e-03 -2.967427410000e-09
-5.483627320000e-06 1.557439570000e-03 -2.596548980000e-09
-5.483627320000e-06 1.771420240000e-03 -2.782021500000e-09
-5.483627320000e-06 1.771420240000e-03 -2.782021500000e-09
-5.483627320000e-06 1.771420240000e-03 -2.596548980000e-09
-5.483627320000e-06 1.557439570000e-03 -3.060163680000e-09
-5.483627320000e-06 1.771420240000e-03 -2.967427410000e-09
-5.483627320000e-06 1.771420240000e-03 -2.689285240000e-09
-5.483627320000e-06 1.343458890000e-03 -2.782021500000e-09
6.433725360000e-04 1.354626660000e+00 2.060362050000e-07
7.244795560000e-04 1.849803210000e+00 3.363157930000e-07
7.244795560000e-04 1.858576770000e+00 4.123508860000e-07
8.866861460000e-04 1.863070730000e+00 4.522229350000e-07
9.677931670000e-04 1.863284590000e+00 4.916312830000e-07
9.677931670000e-04 1.867136480000e+00 5.430940750000e-07
9.677931670000e-04 1.867136480000e+00 5.654409280000e-07
1.048900190000e-03 1.870988370000e+00 6.141219730000e-07
1.048900190000e-03 1.874412300000e+00 6.325743700000e-07
1.130007210000e-03 1.875482320000e+00 6.750426560000e-07
1.292221250000e-03 1.875482320000e+00 7.325326120000e-07
1.373328270000e-03 1.880618100000e+00 7.668411970000e-07
1.292221250000e-03 1.880831960000e+00 8.068985840000e-07
1.292221250000e-03 1.883613820000e+00 8.643885390000e-07
1.373328270000e-03 1.883613820000e+00 8.929481510000e-07
1.454435290000e-03 1.886395690000e+00 9.443180030000e-07
1.535542310000e-03 1.888749600000e+00 9.649958200000e-07
1.535542310000e-03 1.888963700000e+00 1.012100600000e-06
1.616649330000e-03 1.888963700000e+00 1.072743200000e-06
1.616649330000e-03 1.893457410000e+00 1.109462460000e-06
1.616649330000e-03 1.893885610000e+00 1.156288930000e-06
1.778855920000e-03 1.895811320000e+00 1.177152280000e-06
1.778855920000e-03 1.895811320000e+00 1.224627910000e-06
1.941069960000e-03 1.898165230000e+00 1.299364730000e-06
1.941069960000e-03 1.900091170000e+00 1.322638810000e-06
2.022176980000e-03 1.900091170000e+00 1.369094320000e-06
2.022176980000e-03 1.902017120000e+00 1.435300420000e-06
2.184391020000e-03 1.904371020000e+00 1.477119890000e-06
2.184391020000e-03 1.904371020000e+00 1.525522520000e-06
2.103284000000e-03 1.906083110000e+00 1.547684060000e-06
2.184391020000e-03 1.906083110000e+00 1.599053920000e-06
2.265498040000e-03 1.908222910000e+00 1.676665420000e-06
2.265498040000e-03 1.909935000000e+00 1.700495770000e-06
2.427712080000e-03 1.910148860000e+00 1.754647660000e-06
2.346605060000e-03 1.910148860000e+00 1.779868970000e-06
2.427712080000e-03 1.911646840000e+00 1.836710000000e-06
2.589926120000e-03 1.913572790000e+00 1.906346820000e-06
2.589926120000e-03 1.915070770000e+00 1.936297390000e-06
2.589926120000e-03 1.915070770000e+00 1.988594480000e-06
2.671025690000e-03 1.916568520000e+00 2.073067660000e-06
2.752132710000e-03 1.918280600000e+00 2.099401850000e-06
2.833239730000e-03 1.918280600000e+00 2.154110010000e-06
2.833239730000e-03 1.919992450000e+00 2.180815040000e-06
2.914346750000e-03 1.919992450000e+00 2.241550190000e-06
2.914346750000e-03 1.921276330000e+00 2.311743630000e-06
2.914346750000e-03 1.922774310000e+00 2.341786740000e-06
2.995453770000e-03 1.922774310000e+00 2.400203810000e-06
3.076560800000e-03 1.924486400000e+00 2.488386140000e-06
3.076560800000e-03 1.925770280000e+00 2.513421800000e-06
3.238774840000e-03 1.926412340000e+00 2.570077190000e-06
3.238774840000e-03 1.926412340000e+00 2.596318610000e-06
3.238774840000e-03 1.927268270000e+00 2.657888670000e-06
3.319881860000e-03 1.928338050000e+00 2.733738260000e-06
3.319881860000e-03 1.929836030000e+00 2.766377520000e-06
3.400988880000e-03 1.929836030000e+00 2.827483740000e-06
3.563195470000e-03 1.931334020000e+00 2.868468530000e-06
3.563195470000e-03 1.931548120000e+00 2.926236450000e-06
3.563195470000e-03 1.933045860000e+00 2.998099030000e-06
3.644302490000e-03 1.933045860000e+00 3.031294910000e-06
3.644302490000e-03 1.934329990000e+00 3.101117270000e-06
3.725409510000e-03 1.935400010000e+00 3.178450470000e-06
3.725409510000e-03 1.936683890000e+00 3.212666120000e-06
3.806516530000e-03 1.936897750000e+00 3.274328950000e-06
3.887623550000e-03 1.937967780000e+00 3.316240960000e-06
3.887623550000e-03 1.937967780000e+00 3.372339960000e-06
3.887623550000e-03 1.939251660000e+00 3.448653160000e-06
3.968730570000e-03 1.940321680000e+00 3.482961570000e-06
4.130944610000e-03 1.940321680000e+00 3.552691400000e-06
4.130944610000e-03 1.941605570000e+00 3.579860050000e-06
4.212051630000e-03 1.941819670000e+00 3.642357110000e-06
4.130944610000e-03 1.941819670000e+00 3.720525000000e-06
4.293158650000e-03 1.943959470000e+00 3.770040170000e-06
4.293158650000e-03 1.943959470000e+00 3.830775770000e-06
4.293158650000e-03 1.945243600000e+00 3.909221500000e-06
4.374265670000e-03 1.945243600000e+00 3.943344840000e-06
4.536472260000e-03 1.946313380000e+00 4.014650590000e-06
4.617579280000e-03 1.947597500000e+00 4.041819470000e-06
4.617579280000e-03 1.947597500000e+00 4.101349080000e-06
4.617579280000e-03 1.947597500000e+00 4.101349080000e-06
4.698686300000e-03 1.949737310000e+00 4.101349080000e-06
4.698686300000e-03 1.949951410000e+00 4.101349080000e-06
4.779793320000e-03 1.951235290000e+00 4.101349080000e-06
4.779793320000e-03 1.951235290000e+00 4.545631780000e-06
4.860900340000e-03 1.951877360000e+00 4.541899220000e-06
4.942007360000e-03 1.952947140000e+00 4.555894520000e-06
4.942007360000e-03 1.953161240000e+00 4.620271740000e-06
5.023114380000e-03 1.953161240000e+00 4.704243570000e-06
5.104221400000e-03 1.955087180000e+00 4.736898520000e-06
5.104221400000e-03 1.955301050000e+00 4.805008300000e-06
5.185328420000e-03 1.956156970000e+00 4.825535140000e-06
5.185328420000e-03 1.956585170000e+00 4.891778190000e-06
5.266435440000e-03 1.957013130000e+00 4.993477430000e-06
5.347535010000e-03 1.958082910000e+00 5.017735020000e-06
5.347535010000e-03 1.958082910000e+00 5.088644230000e-06
5.347535010000e-03 1.959580900000e+00 5.180079370000e-06
5.509749050000e-03 1.960222960000e+00 5.221131690000e-06
5.590856080000e-03 1.960222960000e+00 5.288307880000e-06
5.590856080000e-03 1.961292980000e+00 5.307901120000e-06
5.590856080000e-03 1.961720940000e+00 5.384408270000e-06
5.753070120000e-03 1.962362770000e+00 5.485173920000e-06
5.753070120000e-03 1.963004830000e+00 5.506632990000e-06
5.753070120000e-03 1.963646890000e+00 5.580340710000e-06
5.753070120000e-03 1.963646890000e+00 5.610196690000e-06
5.834177140000e-03 1.964288710000e+00 5.674575280000e-06
5.834177140000e-03 1.965358730000e+00 5.769742070000e-06
5.915284160000e-03 1.966214660000e+00 5.802397940000e-06
5.996391180000e-03 1.966214660000e+00 5.876104750000e-06
6.077498200000e-03 1.967070580000e+00 5.982468790000e-06
6.077498200000e-03 1.968140600000e+00 6.009525350000e-06
6.239704790000e-03 1.968140600000e+00 6.083233530000e-06
6.158605220000e-03 1.968996520000e+00 6.106558890000e-06
6.320811810000e-03 1.968782660000e+00 6.186798600000e-06
6.320811810000e-03 1.969852450000e+00 6.287563340000e-06
6.320811810000e-03 1.970708610000e+00 6.321151430000e-06
6.401918830000e-03 1.970708610000e+00 6.393926010000e-06
6.483025850000e-03 1.971778390000e+00 6.494691660000e-06
6.645239890000e-03 1.972634550000e+00 6.521748670000e-06
6.645239890000e-03 1.972634550000e+00 6.599188960000e-06
6.564132870000e-03 1.973704340000e+00 6.625313740000e-06
6.645239890000e-03 1.973490480000e+00 6.704618500000e-06
6.807453930000e-03 1.974560260000e+00 6.809116710000e-06
6.888560950000e-03 1.975416420000e+00 6.839905840000e-06
6.888560950000e-03 1.975416420000e+00 6.913614020000e-06
6.888560950000e-03 1.976272340000e+00 6.948134340000e-06
6.969667970000e-03 1.976272340000e+00 7.024641490000e-06
6.969667970000e-03 1.977342370000e+00 7.121675030000e-06
6.969667970000e-03 1.978198290000e+00 7.153397750000e-06
7.050774990000e-03 1.977770330000e+00 7.231770270000e-06
7.050774990000e-03 1.979054210000e+00 7.326937070000e-06
7.212981580000e-03 1.979696270000e+00 7.361458760000e-06
7.212981580000e-03 1.979696270000e+00 7.441698020000e-06
7.294088600000e-03 1.980552200000e+00 7.480884050000e-06
7.294088600000e-03 1.980552200000e+00 7.556457600000e-06
7.375195620000e-03 1.981621980000e+00 7.655356970000e-06
7.375195620000e-03 1.982478140000e+00 7.691744030000e-06
7.537409660000e-03 1.982478140000e+00 7.771983290000e-06
7.537409660000e-03 1.983119960000e+00 7.798108530000e-06
7.618516680000e-03 1.983334060000e+00 7.876480590000e-06
7.537409660000e-03 1.983334060000e+00 7.982845090000e-06
7.699623700000e-03 1.985045910000e+00 8.024830090000e-06
7.699623700000e-03 1.984832050000e+00 8.103203070000e-06
7.699623700000e-03 1.985687970000e+00 8.194638210000e-06
7.780730720000e-03 1.985687970000e+00 8.231957510000e-06
7.861837740000e-03 1.986757990000e+00 8.314063050000e-06
7.861837740000e-03 1.987185960000e+00 8.348583830000e-06
7.942944770000e-03 1.987613920000e+00 8.427889950000e-06
7.942944770000e-03 1.987613920000e+00 8.532387260000e-06
8.105151360000e-03 1.988897800000e+00 8.579038880000e-06
8.105151360000e-03 1.989111900000e+00 8.653678380000e-06
8.186258380000e-03 1.989753720000e+00 8.753510880000e-06
8.186258380000e-03 1.990395780000e+00 8.792697370000e-06
8.267365400000e-03 1.990609650000e+00 8.871070350000e-06
8.267365400000e-03 1.991251710000e+00 8.901860380000e-06
8.348472420000e-03 1.991465810000e+00 8.983965020000e-06
8.348472420000e-03 1.991465810000e+00 9.080998100000e-06
8.510686460000e-03 1.992749690000e+00 9.124850290000e-06
8.510686460000e-03 1.992963550000e+00 9.209753440000e-06
8.510686460000e-03 1.993819710000e+00 9.242409760000e-06
8.591793480000e-03 1.993819710000e+00 9.324513480000e-06
8.672900500000e-03 1.994461540000e+00 9.443939230000e-06
8.672900500000e-03 1.995317460000e+00 9.479394070000e-06
8.754007520000e-03 1.995531560000e+00 9.557767040000e-06
8.754007520000e-03 1.995531560000e+00 9.668795430000e-06
8.916214110000e-03 1.997029540000e+00 9.718245560000e-06
8.916214110000e-03 1.996815440000e+00 9.798484830000e-06
8.916214110000e-03 1.997885470000e+00 9.827406760000e-06
8.997321130000e-03 1.997885470000e+00 9.912309910000e-06
9.078428150000e-03 1.998313430000e+00 1.002333830000e-05
9.159535170000e-03 1.999169350000e+00 1.005412830000e-05
9.159535170000e-03 1.999169350000e+00 1.014463120000e-05
9.159535170000e-03 1.999169350000e+00 1.017821980000e-05
9.240642190000e-03 1.999811410000e+00 1.026592140000e-05
9.240642190000e-03 2.000881430000e+00 1.037974930000e-05
9.321749210000e-03 2.001523260000e+00 1.041613630000e-05
9.402856230000e-03 2.001737360000e+00 1.049730780000e-05
9.483963250000e-03 2.002165320000e+00 1.061766760000e-05
9.483963250000e-03 2.002807140000e+00 1.065312060000e-05
9.565070270000e-03 2.003235340000e+00 1.073989280000e-05
9.565070270000e-03 2.003235340000e+00 1.077254640000e-05
9.646177290000e-03 2.003877160000e+00 1.086118300000e-05
9.646177290000e-03 2.004519220000e+00 1.096847970000e-05
9.727284310000e-03 2.004947190000e+00 1.100673400000e-05
9.808383880000e-03 2.004947190000e+00 1.109630280000e-05
9.889490900000e-03 2.006017210000e+00 1.114201950000e-05
9.889490900000e-03 2.006017210000e+00 1.123158840000e-05
9.970597920000e-03 2.006659030000e+00 1.133888510000e-05
9.970597920000e-03 2.007515190000e+00 1.137993880000e-05
1.005170490000e-02 2.007301090000e+00 1.147323840000e-05
1.005170490000e-02 2.008371110000e+00 1.159266410000e-05
1.013281200000e-02 2.008799080000e+00 1.162811900000e-05
1.021391900000e-02 2.009012940000e+00 1.171862000000e-05
1.029502600000e-02 2.009440900000e+00 1.176060600000e-05
1.029502600000e-02 2.009869100000e+00 1.185017660000e-05
1.029502600000e-02 2.010510920000e+00 1.195560530000e-05
1.045724000000e-02 2.010510920000e+00 1.199292640000e-05
1.045724000000e-02 2.010938880000e+00 1.208996040000e-05
1.053834710000e-02 2.011794810000e+00 1.221031830000e-05
1.053834710000e-02 2.012436870000e+00 1.225043620000e-05
1.061945410000e-02 2.012436870000e+00 1.234094000000e-05
1.061945410000e-02 2.013078930000e+00 1.239039010000e-05
1.070055370000e-02 2.013078930000e+00 1.247156160000e-05
1.070055370000e-02 2.013934850000e+00 1.258632160000e-05
1.078166070000e-02 2.013934850000e+00 1.262923890000e-05
1.086276770000e-02 2.014576910000e+00 1.272440750000e-05
1.086276770000e-02 2.015218730000e+00 1.275519750000e-05
1.086276770000e-02 2.015432830000e+00 1.284849710000e-05
1.094387470000e-02 2.015432830000e+00 1.295579480000e-05
1.102498170000e-02 2.016716720000e+00 1.300990790000e-05
1.102498170000e-02 2.016716720000e+00 1.310134390000e-05
1.102498170000e-02 2.017358780000e+00 1.322076880000e-05
1.126830280000e-02 2.018000600000e+00 1.326088750000e-05
1.126830280000e-02 2.018214700000e+00 1.336631790000e-05
1.134940980000e-02 2.018856530000e+00 1.340270590000e-05
1.134940980000e-02 2.018856530000e+00 1.348947540000e-05
1.134940980000e-02 2.018856530000e+00 1.361449900000e-05
1.151162390000e-02 2.020354510000e+00 1.367234650000e-05
1.151162390000e-02 2.020140650000e+00 1.376751330000e-05
1.151162390000e-02 2.020996570000e+00 1.379643530000e-05
1.167383040000e-02 2.020996570000e+00 1.389253700000e-05
1.167383040000e-02 2.021638630000e+00 1.402035920000e-05
1.175493750000e-02 2.022066590000e+00 1.405581410000e-05
1.175493750000e-02 2.022280450000e+00 1.415471250000e-05
1.175493750000e-02 2.022280450000e+00 1.428066840000e-05
1.191715150000e-02 2.023564340000e+00 1.433851590000e-05
1.199825850000e-02 2.023564340000e+00 1.443368270000e-05
1.199825850000e-02 2.024420500000e+00 1.446913760000e-05
1.191715150000e-02 2.024420500000e+00 1.455964050000e-05
1.207936560000e-02 2.024848460000e+00 1.469585820000e-05
1.216047260000e-02 2.025704380000e+00 1.473504650000e-05
1.216047260000e-02 2.025704380000e+00 1.483114560000e-05
1.216047260000e-02 2.025704380000e+00 1.495523700000e-05
1.240379360000e-02 2.026988270000e+00 1.501681530000e-05
1.232268660000e-02 2.026988270000e+00 1.510731640000e-05
1.232268660000e-02 2.027630330000e+00 1.514183900000e-05
1.248489320000e-02 2.027416230000e+00 1.523980520000e-05
1.248489320000e-02 2.028272150000e+00 1.538535430000e-05
1.256600020000e-02 2.028700350000e+00 1.542640710000e-05
1.256600020000e-02 2.028700350000e+00 1.552344110000e-05
1.256600020000e-02 2.028700350000e+00 1.556729150000e-05
1.264710720000e-02 2.029770140000e+00 1.566898940000e-05
1.272821430000e-02 2.030412200000e+00 1.580147910000e-05
1.280932130000e-02 2.030840160000e+00 1.584439630000e-05
1.280932130000e-02 2.031054260000e+00 1.594329480000e-05
1.289042830000e-02 2.031482220000e+00 1.608791170000e-05
1.297153530000e-02 2.032338140000e+00 1.612709640000e-05
1.297153530000e-02 2.032338140000e+00 1.622879610000e-05
1.297153530000e-02 2.032338140000e+00 1.626238370000e-05
1.297153530000e-02 2.032979970000e+00 1.637714380000e-05
1.313374940000e-02 2.033622030000e+00 1.651336420000e-05
1.321485640000e-02 2.034264090000e+00 1.655255070000e-05
1.321485640000e-02 2.034264090000e+00 1.666731080000e-05
1.321485640000e-02 2.034692050000e+00 1.671769500000e-05
1.329596340000e-02 2.034905910000e+00 1.681379400000e-05
1.337706300000e-02 2.035333870000e+00 1.694721500000e-05
1.337706300000e-02 2.035975930000e+00 1.699199860000e-05
1.345817000000e-02 2.035975930000e+00 1.710302790000e-05
1.345817000000e-02 2.036617990000e+00 1.724484540000e-05
1.353927700000e-02 2.037473920000e+00 1.728589810000e-05
1.362038400000e-02 2.037473920000e+00 1.739226170000e-05
1.370149110000e-02 2.037901880000e+00 1.744357540000e-05
1.370149110000e-02 2.038115980000e+00 1.754900770000e-05
1.370149110000e-02 2.038757800000e+00 1.768709260000e-05
1.378259810000e-02 2.038757800000e+00 1.773747500000e-05
1.378259810000e-02 2.039185760000e+00 1.786249960000e-05
1.394481210000e-02 2.039827820000e+00 1.800245080000e-05
1.394481210000e-02 2.040469880000e+00 1.804256860000e-05
1.402591910000e-02 2.040469880000e+00 1.816012990000e-05
1.410702620000e-02 2.041111710000e+00 1.821797560000e-05
1.402591910000e-02 2.041325810000e+00 1.832807170000e-05
1.402591910000e-02 2.041753770000e+00 1.846708980000e-05
1.418813320000e-02 2.041753770000e+00 1.851654090000e-05
1.418813320000e-02 2.042395830000e+00 1.863316540000e-05
1.426923270000e-02 2.043037650000e+00 1.867235190000e-05
1.426923270000e-02 2.042823790000e+00 1.878804510000e-05
1.435033980000e-02 2.042823790000e+00 1.893079570000e-05
1.451255380000e-02 2.044107680000e+00 1.900356980000e-05
1.451255380000e-02 2.044321540000e+00 1.911926480000e-05
1.451255380000e-02 2.045177700000e+00 1.925175270000e-05
1.467476790000e-02 2.045177700000e+00 1.930679900000e-05
1.467476790000e-02 2.045605660000e+00 1.943368990000e-05
1.475587490000e-02 2.046033620000e+00 1.947567400000e-05
1.475587490000e-02 2.046247480000e+00 1.958856770000e-05
1.475587490000e-02 2.046675440000e+00 1.973878350000e-05
1.491808890000e-02 2.047531600000e+00 1.980876000000e-05
1.491808890000e-02 2.047317500000e+00 1.991232420000e-05
1.491808890000e-02 2.047745470000e+00 1.994777810000e-05
1.499919590000e-02 2.047745470000e+00 2.006813700000e-05
1.499919590000e-02 2.048601390000e+00 2.024260900000e-05
1.516140250000e-02 2.049029350000e+00 2.029112690000e-05
1.516140250000e-02 2.049243450000e+00 2.041055270000e-05
1.516140250000e-02 2.049885510000e+00 2.055983350000e-05
1.532361660000e-02 2.050313470000e+00 2.063260760000e-05
1.524250950000e-02 2.050527330000e+00 2.075576590000e-05
1.540472360000e-02 2.051169400000e+00 2.080055130000e-05
1.540472360000e-02 2.050955300000e+00 2.091904210000e-05
1.548583060000e-02 2.051597360000e+00 2.109724660000e-05
1.556693760000e-02 2.052025320000e+00 2.114296690000e-05
1.556693760000e-02 2.052025320000e+00 2.125679380000e-05
1.556693760000e-02 2.052667380000e+00 2.141540610000e-05
1.564804460000e-02 2.053523300000e+00 2.149377910000e-05
1.564804460000e-02 2.053523300000e+00 2.161786690000e-05
1.564804460000e-02 2.053951260000e+00 2.166451850000e-05
1.581025870000e-02 2.054165360000e+00 2.178861000000e-05
1.589136570000e-02 2.054379220000e+00 2.195841810000e-05
1.597247270000e-02 2.055021290000e+00 2.200973360000e-05
1.597247270000e-02 2.055235150000e+00 2.213475640000e-05
1.597247270000e-02 2.055663110000e+00 2.218327240000e-05
1.605357230000e-02 2.055663110000e+00 2.232322550000e-05
1.605357230000e-02 2.056305170000e+00 2.248370220000e-05
1.613467930000e-02 2.056947230000e+00 2.254248100000e-05
1.621578630000e-02 2.056947230000e+00 2.266004050000e-05
1.629689340000e-02 2.057161090000e+00 2.284664330000e-05
1.629689340000e-02 2.058017020000e+00 2.290169140000e-05
1.637800040000e-02 2.058231120000e+00 2.303791010000e-05
1.637800040000e-02 2.058231120000e+00 2.309295810000e-05
1.637800040000e-02 2.058659080000e+00 2.323477570000e-05
1.654021440000e-02 2.059301140000e+00 2.340551690000e-05
1.654021440000e-02 2.059942960000e+00 2.346149810000e-05
1.654021440000e-02 2.059942960000e+00 2.360891270000e-05
1.670242850000e-02 2.060370920000e+00 2.368075550000e-05
1.662132140000e-02 2.060370920000e+00 2.381510790000e-05
1.662132140000e-02 2.061227080000e+00 2.398211840000e-05
1.670242850000e-02 2.061440940000e+00 2.404276350000e-05
1.686464250000e-02 2.061868910000e+00 2.419577690000e-05
1.686464250000e-02 2.062296870000e+00 2.437491460000e-05
1.686464250000e-02 2.062510970000e+00 2.443742780000e-05
1.694574210000e-02 2.062938930000e+00 2.458577550000e-05
1.710795610000e-02 2.063366890000e+00 2.466321710000e-05
1.710795610000e-02 2.063580990000e+00 2.480036890000e-05
1.710795610000e-02 2.064222810000e+00 2.497110840000e-05
1.718906310000e-02 2.064222810000e+00 2.503642100000e-05
1.727017020000e-02 2.064436910000e+00 2.519689770000e-05
1.735127720000e-02 2.065292840000e+00 2.538443370000e-05
1.735127720000e-02 2.065506700000e+00 2.544508060000e-05
1.743238420000e-02 2.065506700000e+00 2.559902710000e-05
1.751349120000e-02 2.066148760000e+00 2.567739830000e-05
1.751349120000e-02 2.066148760000e+00 2.581268560000e-05
1.751349120000e-02 2.066790820000e+00 2.600022160000e-05
1.759459820000e-02 2.067432640000e+00 2.606833000000e-05
1.767570530000e-02 2.067432640000e+00 2.624467020000e-05
1.767570530000e-02 2.067860600000e+00 2.629691880000e-05
1.767570530000e-02 2.068074700000e+00 2.645646420000e-05
1.775681230000e-02 2.068074700000e+00 2.665052850000e-05
1.791901890000e-02 2.068930630000e+00 2.674756250000e-05
1.791901890000e-02 2.069144730000e+00 2.690337530000e-05
1.800012590000e-02 2.069572690000e+00 2.709744150000e-05
1.800012590000e-02 2.070214510000e+00 2.716928430000e-05
1.808123290000e-02 2.070214510000e+00 2.734842200000e-05
1.808123290000e-02 2.070642710000e+00 2.741186650000e-05
1.816233990000e-02 2.070856570000e+00 2.756301360000e-05
1.816233990000e-02 2.070856570000e+00 2.777107690000e-05
1.832455400000e-02 2.071926590000e+00 2.787650740000e-05
1.832455400000e-02 2.071926590000e+00 2.804071660000e-05
1.832455400000e-02 2.072354560000e+00 2.809296350000e-05
1.840566100000e-02 2.072354560000e+00 2.826557100000e-05
1.848676800000e-02 2.073210480000e+00 2.849975860000e-05
1.848676800000e-02 2.073638440000e+00 2.856040190000e-05
1.856787500000e-02 2.073638440000e+00 2.873207630000e-05
1.856787500000e-02 2.073638440000e+00 2.895413490000e-05
1.873008160000e-02 2.074708460000e+00 2.906609550000e-05
1.873008160000e-02 2.074708460000e+00 2.923683500000e-05
1.873008160000e-02 2.075350520000e+00 2.929375110000e-05
1.881118860000e-02 2.075350520000e+00 2.946542550000e-05
1.881118860000e-02 2.075778480000e+00 2.973039770000e-05
1.897340270000e-02 2.076420310000e+00 2.980784120000e-05
1.897340270000e-02 2.076420310000e+00 2.999630490000e-05
1.897340270000e-02 2.077062370000e+00 3.023515640000e-05
1.913561670000e-02 2.077490330000e+00 3.036204730000e-05
1.913561670000e-02 2.077490330000e+00 3.053838370000e-05
1.905450970000e-02 2.078132390000e+00 3.060276140000e-05
1.921672370000e-02 2.078132390000e+00 3.079682940000e-05
1.921672370000e-02 2.078346250000e+00 3.107860180000e-05
1.937893780000e-02 2.079202180000e+00 3.115323850000e-05
1.946004480000e-02 2.079416280000e+00 3.135103910000e-05
1.946004480000e-02 2.079630370000e+00 3.142661440000e-05
1.937893780000e-02 2.079630370000e+00 3.163094150000e-05
1.954115180000e-02 2.080272200000e+00 3.189311970000e-05
1.962225880000e-02 2.080914260000e+00 3.198175550000e-05
1.962225880000e-02 2.080914260000e+00 3.219261630000e-05
1.970336590000e-02 2.081342220000e+00 3.250144440000e-05
1.970336590000e-02 2.081770180000e+00 3.258261490000e-05
1.978447290000e-02 2.082412240000e+00 3.278507940000e-05
1.986557990000e-02 2.082412240000e+00 3.286531500000e-05
1.986557990000e-02 2.082198140000e+00 3.310323150000e-05
1.986557990000e-02 2.083054070000e+00 3.337754240000e-05
1.986557990000e-02 2.083482030000e+00 3.347177330000e-05
2.002779390000e-02 2.083482030000e+00 3.369849220000e-05
2.002779390000e-02 2.083909990000e+00 3.381978600000e-05
2.002779390000e-02 2.083909990000e+00 3.402318540000e-05
2.002779390000e-02 2.084552050000e+00 3.431801090000e-05
2.018999310000e-02 2.084552050000e+00 3.441784790000e-05
2.027110010000e-02 2.085194110000e+00 3.468001890000e-05
2.027110010000e-02 2.085622070000e+00 3.499538070000e-05
2.027110010000e-02 2.086263900000e+00 3.509521410000e-05
2.043331410000e-02 2.086263900000e+00 3.533872950000e-05
2.051442120000e-02 2.086692090000e+00 3.547028250000e-05
2.051442120000e-02 2.086905960000e+00 3.571753040000e-05
2.051442120000e-02 2.087333920000e+00 3.602262590000e-05
2.059552820000e-02 2.087333920000e+00 3.613924860000e-05
2.067663520000e-02 2.087548020000e+00 3.642568480000e-05
2.067663520000e-02 2.088403940000e+00 3.675317570000e-05
2.075774220000e-02 2.088831900000e+00 3.685580300000e-05
2.083884920000e-02 2.088831900000e+00 3.713290790000e-05
2.083884920000e-02 2.089473960000e+00 3.728218870000e-05
2.083884920000e-02 2.089473960000e+00 3.755276340000e-05
2.091995630000e-02 2.089901920000e+00 3.789518090000e-05
2.100106330000e-02 2.090329890000e+00 3.802486750000e-05
2.108217030000e-02 2.090543750000e+00 3.833182560000e-05
2.108217030000e-02 2.090971710000e+00 3.843352530000e-05
2.108217030000e-02 2.091185810000e+00 3.872556040000e-05
2.116327730000e-02 2.091185810000e+00 3.910062880000e-05
2.132549140000e-02 2.092041730000e+00 3.929003290000e-05
2.132549140000e-02 2.092041730000e+00 3.958859090000e-05
2.132549140000e-02 2.092469690000e+00 3.994407230000e-05
2.140659840000e-02 2.092469690000e+00 4.007655660000e-05
2.148770540000e-02 2.093111750000e+00 4.044043450000e-05
2.148770540000e-02 2.093539710000e+00 4.056545370000e-05
2.148770540000e-02 2.093539710000e+00 4.089760840000e-05
2.148770540000e-02 2.094181780000e+00 4.089760840000e-05
2.173102650000e-02 2.094823600000e+00 4.089760840000e-05
2.173102650000e-02 2.094823600000e+00 4.089760840000e-05
2.173102650000e-02 2.094823600000e+00 4.089760840000e-05
2.181213350000e-02 2.095037700000e+00 4.411468030000e-05
2.189322560000e-02 2.095893620000e+00 4.352697940000e-05
2.189322560000e-02 2.096107720000e+00 4.350832390000e-05
2.197433260000e-02 2.096107720000e+00 4.386280850000e-05
2.197433260000e-02 2.096749540000e+00 4.429192270000e-05
2.213654670000e-02 2.097177510000e+00 4.443184660000e-05
2.205543970000e-02 2.097177510000e+00 4.485163300000e-05
2.205543970000e-02 2.097819570000e+00 4.497290500000e-05
2.213654670000e-02 2.097819570000e+00 4.538336000000e-05
2.229876070000e-02 2.098461630000e+00 4.601770710000e-05
2.229876070000e-02 2.098675490000e+00 4.615763100000e-05
2.229876070000e-02 2.098889590000e+00 4.659607290000e-05
2.229876070000e-02 2.098889590000e+00 4.719310160000e-05
2.254208180000e-02 2.099959370000e+00 4.740765870000e-05
2.254208180000e-02 2.099959370000e+00 4.790207090000e-05
2.254208180000e-02 2.100387330000e+00 4.807931330000e-05
2.262318880000e-02 2.100387330000e+00 4.861104390000e-05
2.270429580000e-02 2.101029400000e+00 4.932001680000e-05
2.270429580000e-02 2.101457360000e+00 4.946926860000e-05
2.270429580000e-02 2.101457360000e+00 5.008494920000e-05
2.270429580000e-02 2.101885320000e+00 5.029950990000e-05
2.286650990000e-02 2.101885320000e+00 5.089653860000e-05
2.286650990000e-02 2.102527380000e+00 5.170812070000e-05
2.286650990000e-02 2.102955340000e+00 5.196931670000e-05
2.302872390000e-02 2.102955340000e+00 5.260366020000e-05
2.310983090000e-02 2.103597400000e+00 5.353651070000e-05
2.310983090000e-02 2.104025360000e+00 5.379771760000e-05
2.310983090000e-02 2.104239230000e+00 5.450669050000e-05
2.319093790000e-02 2.104239230000e+00 5.476788650000e-05
2.319093790000e-02 2.104453330000e+00 5.554215750000e-05
2.335315200000e-02 2.105095150000e+00 5.657762450000e-05
2.343425900000e-02 2.105737210000e+00 5.685747600000e-05
2.343425900000e-02 2.105523350000e+00 5.774369130000e-05
2.351536600000e-02 2.106165170000e+00 5.815414620000e-05
2.359647300000e-02 2.106165170000e+00 5.901237090000e-05
2.359647300000e-02 2.106593130000e+00 6.023440800000e-05
2.359647300000e-02 2.106593130000e+00 6.067285720000e-05
2.359647300000e-02 2.107021090000e+00 6.165235390000e-05
2.359647300000e-02 2.107663150000e+00 6.315424980000e-05
2.375867220000e-02 2.107877250000e+00 6.359269170000e-05
2.383977920000e-02 2.107877250000e+00 6.476809360000e-05
2.383977920000e-02 2.108733180000e+00 6.532780390000e-05
2.383977920000e-02 2.108733180000e+00 6.656849290000e-05
2.383977920000e-02 2.109161140000e+00 6.824763110000e-05
2.400199320000e-02 2.109161140000e+00 6.886332270000e-05
2.400199320000e-02 2.109589100000e+00 7.053313310000e-05
2.400199320000e-02 2.110231160000e+00 7.280929280000e-05
2.408310030000e-02 2.110659120000e+00 7.354625270000e-05
2.424531430000e-02 2.110872980000e+00 7.551458110000e-05
2.432642130000e-02 2.111300950000e+00 7.648475000000e-05
2.432642130000e-02 2.111300950000e+00 7.852769340000e-05
2.432642130000e-02 2.111515050000e+00 8.158746640000e-05
2.432642130000e-02 2.111515050000e+00 8.265092770000e-05
2.448863540000e-02 2.111943010000e+00 8.562672880000e-05
2.456974240000e-02 2.112798930000e+00 8.666219950000e-05
2.456974240000e-02 2.112798930000e+00 8.985255410000e-05
2.448863540000e-02 2.113226890000e+00 9.441422300000e-05
2.465084940000e-02 2.113654850000e+00 9.657844930000e-05
2.473195640000e-02 2.113654850000e+00 1.011774150000e-04
2.473195640000e-02 2.114082810000e+00 1.077913480000e-04
2.481306340000e-02 2.114724870000e+00 1.105619380000e-04
2.489417050000e-02 2.114724870000e+00 1.177169400000e-04
2.489417050000e-02 2.114938970000e+00 1.204875080000e-04
2.497527750000e-02 2.115152840000e+00 1.285007310000e-04
2.497527750000e-02 2.115152840000e+00 1.418592150000e-04
2.513749150000e-02 2.116008760000e+00 1.491168220000e-04
2.513749150000e-02 2.116222860000e+00 1.619249380000e-04
2.513749150000e-02 2.116436720000e+00 1.671862260000e-04
2.521859850000e-02 2.116436720000e+00 1.836324520000e-04
2.529970560000e-02 2.116864920000e+00 2.100975540000e-04
2.529970560000e-02 2.117292880000e+00 2.186518400000e-04
2.529970560000e-02 2.117506740000e+00 2.423743430000e-04
2.538081260000e-02 2.117506740000e+00 2.763675880000e-04
2.554301170000e-02 2.118362670000e+00 2.974873640000e-04
2.554301170000e-02 2.118362670000e+00 3.240458030000e-04
2.554301170000e-02 2.119004730000e+00 3.359396650000e-04
2.554301170000e-02 2.119004730000e+00 3.633189480000e-04
2.570522580000e-02 2.119218830000e+00 4.086930130000e-04
2.570522580000e-02 2.119646790000e+00 4.086930130000e-04
2.570522580000e-02 2.119860650000e+00 4.086930130000e-04
2.578633280000e-02 2.119860650000e+00 4.086930130000e-04
2.594854680000e-02 2.120502710000e+00 4.086930130000e-04
2.594854680000e-02 2.120502710000e+00 5.582760790000e-04
2.594854680000e-02 2.120930670000e+00 5.648221120000e-04
2.602965380000e-02 2.120930670000e+00 5.985805180000e-04
2.611076090000e-02 2.121358630000e+00 6.441216680000e-04
2.611076090000e-02 2.121786590000e+00 6.570265400000e-04
2.611076090000e-02 2.122000690000e+00 6.908784850000e-04
2.619186790000e-02 2.122000690000e+00 7.033156580000e-04
2.627297490000e-02 2.122428660000e+00 7.366065400000e-04
2.627297490000e-02 2.122642520000e+00 7.823348280000e-04
2.635408190000e-02 2.123284580000e+00 7.972968740000e-04
2.643518890000e-02 2.123284580000e+00 8.316164600000e-04
2.651629600000e-02 2.123498440000e+00 8.789342250000e-04
2.659740300000e-02 2.123926640000e+00 8.924938160000e-04
2.659740300000e-02 2.124140500000e+00 9.236338080000e-04
2.659740300000e-02 2.124354600000e+00 9.356035150000e-04
2.667851000000e-02 2.124568460000e+00 9.723544350000e-04
2.667851000000e-02 2.124782560000e+00 1.017614970000e-03
2.684072410000e-02 2.125424390000e+00 1.033231730000e-03
2.684072410000e-02 2.125424390000e+00 1.068486370000e-03
2.684072410000e-02 2.125852350000e+00 1.086534470000e-03
2.692183110000e-02 2.125638480000e+00 1.118329120000e-03
2.692183110000e-02 2.126066450000e+00 1.161158320000e-03
2.700293810000e-02 2.126066450000e+00 1.177336210000e-03
2.700293810000e-02 2.126494410000e+00 1.213619370000e-03
2.700293810000e-02 2.127136470000e+00 1.257009690000e-03
2.708404510000e-02 2.127350330000e+00 1.272065450000e-03
2.724624430000e-02 2.127350330000e+00 1.305262910000e-03
2.724624430000e-02 2.127992390000e+00 1.322188650000e-03
2.724624430000e-02 2.127992390000e+00 1.355947110000e-03
2.732735130000e-02 2.128420350000e+00 1.397747780000e-03
2.740845830000e-02 2.128420350000e+00 1.414860950000e-03
2.740845830000e-02 2.128848310000e+00 1.451331190000e-03
2.740845830000e-02 2.129276280000e+00 1.494534430000e-03
2.757067230000e-02 2.129704240000e+00 1.509309510000e-03
2.757067230000e-02 2.129704240000e+00 1.544096510000e-03
2.765177940000e-02 2.130132200000e+00 1.562799210000e-03
2.765177940000e-02 2.130132200000e+00 1.595996670000e-03
2.765177940000e-02 2.130560160000e+00 1.636862170000e-03
2.773288640000e-02 2.130560160000e+00 1.653133540000e-03
2.789510040000e-02 2.130988360000e+00 1.687920650000e-03
2.789510040000e-02 2.131202220000e+00 1.698955080000e-03
2.789510040000e-02 2.131416320000e+00 1.734303310000e-03
2.797620740000e-02 2.131416320000e+00 1.778628910000e-03
2.813842150000e-02 2.132272240000e+00 1.802007200000e-03
2.813842150000e-02 2.132486100000e+00 1.835391390000e-03
2.813842150000e-02 2.132914070000e+00 1.875508930000e-03
2.821952850000e-02 2.132914070000e+00 1.892154220000e-03
2.821952850000e-02 2.133128170000e+00 1.928531100000e-03
2.821952850000e-02 2.133770230000e+00 1.941903610000e-03
2.838174250000e-02 2.133556130000e+00 1.975568480000e-03
2.830063550000e-02 2.133556130000e+00 2.017742950000e-03
2.854395660000e-02 2.134412050000e+00 2.040840920000e-03
2.846284960000e-02 2.134412050000e+00 2.071045800000e-03
2.854395660000e-02 2.134840010000e+00 2.081893620000e-03
2.854395660000e-02 2.134840010000e+00 2.115838930000e-03
2.862506360000e-02 2.135482070000e+00 2.164559440000e-03
2.878727760000e-02 2.135696170000e+00 2.178025430000e-03
2.870617060000e-02 2.135696170000e+00 2.212251540000e-03
2.870617060000e-02 2.136552100000e+00 2.254239050000e-03
2.894949170000e-02 2.136552100000e+00 2.277243420000e-03
2.886838470000e-02 2.136765960000e+00 2.310253680000e-03
2.886838470000e-02 2.137193920000e+00 2.322504060000e-03
2.903058380000e-02 2.137193920000e+00 2.356075450000e-03
2.903058380000e-02 2.137621880000e+00 2.403954280000e-03
2.911169080000e-02 2.138050080000e+00 2.417139710000e-03
2.919279780000e-02 2.137835980000e+00 2.448373240000e-03
2.919279780000e-02 2.138478040000e+00 2.492792210000e-03
2.935501190000e-02 2.138906000000e+00 2.517012410000e-03
2.935501190000e-02 2.138906000000e+00 2.550209640000e-03
2.935501190000e-02 2.139333960000e+00 2.562646750000e-03
2.935501190000e-02 2.139333960000e+00 2.596405330000e-03
2.951722590000e-02 2.139761920000e+00 2.644190800000e-03
2.951722590000e-02 2.140189890000e+00 2.657002300000e-03
2.951722590000e-02 2.140189890000e+00 2.691789300000e-03
2.959833290000e-02 2.140189890000e+00 2.706003140000e-03
2.967944000000e-02 2.140617850000e+00 2.741351260000e-03
2.967944000000e-02 2.141045810000e+00 2.784835410000e-03
2.976054700000e-02 2.141473770000e+00 2.800639020000e-03
2.976054700000e-02 2.141473770000e+00 2.833649520000e-03
2.984165400000e-02 2.141687870000e+00 2.883118110000e-03
2.984165400000e-02 2.142329930000e+00 2.897986910000e-03
3.000386800000e-02 2.142543790000e+00 2.933054230000e-03
3.000386800000e-02 2.142543790000e+00 2.947268540000e-03
3.008497510000e-02 2.142971750000e+00 2.984486750000e-03
3.008497510000e-02 2.143399720000e+00 3.027877070000e-03
3.008497510000e-02 2.143613820000e+00 3.043213160000e-03
3.024718910000e-02 2.143613820000e+00 3.079590150000e-03
3.032829610000e-02 2.144041780000e+00 3.098853860000e-03
3.032829610000e-02 2.144041780000e+00 3.131864130000e-03
3.040940310000e-02 2.144683840000e+00 3.173664910000e-03
3.040940310000e-02 2.145111800000e+00 3.189655490000e-03
3.049051020000e-02 2.145111800000e+00 3.223787990000e-03
3.057161720000e-02 2.145325660000e+00 3.268206960000e-03
3.057161720000e-02 2.145967720000e+00 3.284291360000e-03
3.057161720000e-02 2.145967720000e+00 3.319358920000e-03
3.065272420000e-02 2.146395680000e+00 3.338342300000e-03
3.073383120000e-02 2.146609540000e+00 3.371913680000e-03
3.081492330000e-02 2.146823640000e+00 3.412779190000e-03
3.081492330000e-02 2.147251610000e+00 3.428021910000e-03
3.089603040000e-02 2.147251610000e+00 3.467017090000e-03
3.097713740000e-02 2.147893670000e+00 3.479547570000e-03
3.097713740000e-02 2.147679570000e+00 3.512651430000e-03
3.097713740000e-02 2.147679570000e+00 3.556509500000e-03
3.113935140000e-02 2.148535490000e+00 3.578859150000e-03
3.113935140000e-02 2.148749590000e+00 3.610841000000e-03
3.113935140000e-02 2.148963450000e+00 3.653389630000e-03
3.113935140000e-02 2.149605510000e+00 3.670221890000e-03
3.122045840000e-02 2.149391650000e+00 3.708282020000e-03
3.130156550000e-02 2.150033470000e+00 3.720812970000e-03
3.130156550000e-02 2.149819610000e+00 3.755787150000e-03
3.138267250000e-02 2.149819610000e+00 3.797026350000e-03
3.146377950000e-02 2.150889400000e+00 3.820030950000e-03
3.146377950000e-02 2.150889400000e+00 3.854256820000e-03
3.146377950000e-02 2.151317360000e+00 3.895683680000e-03
3.170710060000e-02 2.151317360000e+00 3.911393690000e-03
3.170710060000e-02 2.151531460000e+00 3.949360460000e-03
3.178820760000e-02 2.151959420000e+00 3.961703740000e-03
3.170710060000e-02 2.152173520000e+00 3.992937970000e-03
3.170710060000e-02 2.152387380000e+00 4.036701750000e-03
3.195042160000e-02 2.152815340000e+00 4.059332420000e-03
3.186931460000e-02 2.153029440000e+00 4.092903340000e-03
3.186931460000e-02 2.153457400000e+00 4.104031720000e-03
3.203152870000e-02 2.153457400000e+00 4.104031720000e-03
3.211263570000e-02 2.153671260000e+00 4.104031720000e-03
3.211263570000e-02 2.154099460000e+00 4.104031720000e-03
3.211263570000e-02 2.154099460000e+00 4.104031720000e-03
3.219374270000e-02 2.154313330000e+00 4.438392350000e-03
3.227484970000e-02 2.155169250000e+00 4.361915870000e-03
3.235595670000e-02 2.154955390000e+00 4.385231990000e-03
3.235595670000e-02 2.155597210000e+00 4.385231990000e-03
3.243706380000e-02 2.155597210000e+00 4.415075760000e-03
3.251817080000e-02 2.156239270000e+00 4.458909850000e-03
3.251817080000e-02 2.156453370000e+00 4.468236120000e-03
3.251817080000e-02 2.156667230000e+00 4.503675740000e-03
3.259926290000e-02 2.156667230000e+00 4.513934720000e-03
3.259926290000e-02 2.157095190000e+00 4.548442550000e-03
3.259926290000e-02 2.157309290000e+00 4.592275710000e-03
3.276147690000e-02 2.157951120000e+00 4.604400140000e-03
3.284258400000e-02 2.157951120000e+00 4.637975250000e-03
3.292369100000e-02 2.158165220000e+00 4.684606570000e-03
3.292369100000e-02 2.158593180000e+00 4.693932830000e-03
3.292369100000e-02 2.158593180000e+00 4.733102860000e-03
3.292369100000e-02 2.159235240000e+00 4.743361380000e-03
3.300479800000e-02 2.159235240000e+00 4.776936960000e-03
3.300479800000e-02 2.159663200000e+00 4.824501000000e-03
3.308590500000e-02 2.159877060000e+00 4.839423110000e-03
3.316701200000e-02 2.159877060000e+00 4.876728170000e-03
3.324811910000e-02 2.160519120000e+00 4.922426770000e-03
3.341033310000e-02 2.160519120000e+00 4.937348890000e-03
3.341033310000e-02 2.160732980000e+00 4.969058560000e-03
3.341033310000e-02 2.161375050000e+00 4.981182980000e-03
3.349144010000e-02 2.161375050000e+00 5.019421220000e-03
3.349144010000e-02 2.161803010000e+00 5.063253920000e-03
3.349144010000e-02 2.162017110000e+00 5.076311530000e-03
3.365365420000e-02 2.162445070000e+00 5.110818430000e-03
3.365365420000e-02 2.162658930000e+00 5.129471420000e-03
3.365365420000e-02 2.162658930000e+00 5.159315190000e-03
3.365365420000e-02 2.163086890000e+00 5.204081070000e-03
3.373476120000e-02 2.163086890000e+00 5.220868620000e-03
3.389697520000e-02 2.163300990000e+00 5.258174150000e-03
3.389697520000e-02 2.163728950000e+00 5.304805470000e-03
3.389697520000e-02 2.164371010000e+00 5.317863080000e-03
3.405918930000e-02 2.164371010000e+00 5.353302690000e-03
3.405918930000e-02 2.164798970000e+00 5.366358910000e-03
3.405918930000e-02 2.164798970000e+00 5.398068580000e-03
3.405918930000e-02 2.165226940000e+00 5.446565340000e-03
3.414029630000e-02 2.165226940000e+00 5.459622010000e-03
3.422140330000e-02 2.165654900000e+00 5.493197120000e-03
3.422140330000e-02 2.166082860000e+00 5.504388830000e-03
3.430251030000e-02 2.165869000000e+00 5.540761170000e-03
3.438360240000e-02 2.165869000000e+00 5.587392490000e-03
3.446470950000e-02 2.166938780000e+00 5.605113230000e-03
3.446470950000e-02 2.166938780000e+00 5.640552840000e-03
3.446470950000e-02 2.167366740000e+00 5.687184170000e-03
3.462692350000e-02 2.167366740000e+00 5.703039000000e-03
3.462692350000e-02 2.167794700000e+00 5.736613180000e-03
3.462692350000e-02 2.168222900000e+00 5.750603040000e-03
3.478913750000e-02 2.168008800000e+00 5.782312710000e-03
3.470803050000e-02 2.168008800000e+00 5.827078600000e-03
3.495135160000e-02 2.169078830000e+00 5.845731590000e-03
3.487024460000e-02 2.168864730000e+00 5.883968900000e-03
3.495135160000e-02 2.169506790000e+00 5.924072580000e-03
3.495135160000e-02 2.169934750000e+00 5.936196070000e-03
3.511356560000e-02 2.169934750000e+00 5.974434320000e-03
3.511356560000e-02 2.170362710000e+00 5.984693300000e-03
3.511356560000e-02 2.170362710000e+00 6.023864260000e-03
3.519467260000e-02 2.170362710000e+00 6.071427370000e-03
3.535688670000e-02 2.171432730000e+00 6.088214930000e-03
3.535688670000e-02 2.171432730000e+00 6.120857320000e-03
3.535688670000e-02 2.171432730000e+00 6.131116300000e-03
3.543799370000e-02 2.171432730000e+00 6.170287260000e-03
3.551910070000e-02 2.172074560000e+00 6.215053140000e-03
3.551910070000e-02 2.172288660000e+00 6.226244850000e-03
3.560020770000e-02 2.172716620000e+00 6.259819030000e-03
3.560020770000e-02 2.172716620000e+00 6.304585840000e-03
3.568131480000e-02 2.173572540000e+00 6.323237900000e-03
3.568131480000e-02 2.173572540000e+00 6.358678450000e-03
3.568131480000e-02 2.173786640000e+00 6.369869220000e-03
3.576242180000e-02 2.174000500000e+00 6.406242030000e-03
3.584352880000e-02 2.174428460000e+00 6.451941560000e-03
3.584352880000e-02 2.174642560000e+00 6.466863210000e-03
3.592463580000e-02 2.174642560000e+00 6.498572880000e-03
3.592463580000e-02 2.174642560000e+00 6.516292230000e-03
3.608684990000e-02 2.175070520000e+00 6.547068710000e-03
3.608684990000e-02 2.175498490000e+00 6.594633220000e-03
3.608684990000e-02 2.176140550000e+00 6.606757640000e-03
3.616794200000e-02 2.176140550000e+00 6.643130440000e-03
3.624904900000e-02 2.176354410000e+00 6.688829050000e-03
3.633015600000e-02 2.176568510000e+00 6.701886190000e-03
3.633015600000e-02 2.176782370000e+00 6.734528580000e-03
3.641126300000e-02 2.176782370000e+00 6.749450690000e-03
3.649237010000e-02 2.177210570000e+00 6.786755750000e-03
3.657347710000e-02 2.177852390000e+00 6.830588910000e-03
3.657347710000e-02 2.178280350000e+00 6.845510560000e-03
3.657347710000e-02 2.178280350000e+00 6.879086140000e-03
3.673569110000e-02 2.178494450000e+00 6.925717460000e-03
3.673569110000e-02 2.178922410000e+00 6.940639110000e-03
3.673569110000e-02 2.178922410000e+00 6.974214220000e-03
3.673569110000e-02 2.179350380000e+00 6.988203620000e-03
3.689790520000e-02 2.179564480000e+00 7.020846010000e-03
3.689790520000e-02 2.179778340000e+00 7.061881480000e-03
3.689790520000e-02 2.180206300000e+00 7.076803590000e-03
3.697901220000e-02 2.180206300000e+00 7.109445520000e-03
3.706011920000e-02 2.180848360000e+00 7.130896210000e-03
3.706011920000e-02 2.180634260000e+00 7.160739970000e-03
3.706011920000e-02 2.181276320000e+00 7.207371760000e-03
3.714122620000e-02 2.181276320000e+00 7.219496180000e-03
3.722233330000e-02 2.181490180000e+00 7.254935800000e-03
3.722233330000e-02 2.182346340000e+00 7.302500310000e-03
3.730344030000e-02 2.182560210000e+00 7.314624730000e-03
3.738454730000e-02 2.182560210000e+00 7.351930250000e-03
3.746565430000e-02 2.182988170000e+00 7.363120560000e-03
3.746565430000e-02 2.182774310000e+00 7.399493360000e-03
3.746565430000e-02 2.183416130000e+00 7.440529760000e-03
3.762786840000e-02 2.183416130000e+00 7.453585970000e-03
3.762786840000e-02 2.183630230000e+00 7.489026060000e-03
3.770897540000e-02 2.184272290000e+00 7.502083200000e-03
3.770897540000e-02 2.184272290000e+00 7.536590100000e-03
3.770897540000e-02 2.184272290000e+00 7.583221420000e-03
3.795228150000e-02 2.185128210000e+00 7.598143540000e-03
3.795228150000e-02 2.185128210000e+00 7.633584550000e-03
3.795228150000e-02 2.185342070000e+00 7.678349970000e-03
3.803338860000e-02 2.185342070000e+00 7.692339360000e-03
3.803338860000e-02 2.185984130000e+00 7.724981760000e-03
3.803338860000e-02 2.186626200000e+00 7.736173460000e-03
3.819560260000e-02 2.186412100000e+00 7.772545800000e-03
3.811449560000e-02 2.186412100000e+00 7.814514450000e-03
3.827670960000e-02 2.187054160000e+00 7.832234730000e-03
3.827670960000e-02 2.187268020000e+00 7.868607530000e-03
3.827670960000e-02 2.187910080000e+00 7.910575720000e-03
3.835781660000e-02 2.187910080000e+00 7.926430550000e-03
3.852003070000e-02 2.188123940000e+00 7.960004730000e-03
3.852003070000e-02 2.188766000000e+00 7.971196440000e-03
3.860113770000e-02 2.188338040000e+00 8.007568310000e-03
3.852003070000e-02 2.189193960000e+00 8.049537430000e-03
3.868224470000e-02 2.189408060000e+00 8.065391330000e-03
3.868224470000e-02 2.189408060000e+00 8.100831880000e-03
3.868224470000e-02 2.189836030000e+00 8.109225890000e-03
3.876335170000e-02 2.189836030000e+00 8.140002380000e-03
3.892556580000e-02 2.190477850000e+00 8.188500070000e-03
3.892556580000e-02 2.190691950000e+00 8.197825400000e-03
3.892556580000e-02 2.190691950000e+00 8.236063640000e-03
3.900667280000e-02 2.191119910000e+00 8.278964090000e-03
3.916888680000e-02 2.191547870000e+00 8.298549800000e-03
3.916888680000e-02 2.191334010000e+00 8.330258540000e-03
3.916888680000e-02 2.191975830000e+00 8.344248870000e-03
3.916888680000e-02 2.191761970000e+00 8.372226730000e-03
3.924999390000e-02 2.192617890000e+00 8.424454370000e-03
