#  J [A] 	 V 	 L [w] 
3.122045840000e+01 1.246760220000e-01
3.122045840000e+01 1.313272810000e-01
3.130156550000e+01 1.348814690000e-01
3.130156550000e+01 1.424749060000e-01
3.130156550000e+01 1.534546170000e-01
3.146377950000e+01 1.581095570000e-01
3.162599350000e+01 1.700221040000e-01
3.154488650000e+01 1.874944720000e-01
3.154488650000e+01 1.944535760000e-01
3.170710060000e+01 2.108438350000e-01
3.170710060000e+01 2.209373050000e-01
3.178820760000e+01 2.366186240000e-01
3.178820760000e+01 2.624400660000e-01
3.186931460000e+01 2.746511310000e-01
3.195042160000e+01 2.990918870000e-01
3.195042160000e+01 3.097917360000e-01
3.195042160000e+01 3.346896560000e-01
3.195042160000e+01 3.683563550000e-01
3.219374270000e+01 3.880769070000e-01
3.211263570000e+01 3.880769070000e-01
3.211263570000e+01 3.880769070000e-01
3.219374270000e+01 3.880769070000e-01
3.235595670000e+01 3.880769070000e-01
3.235595670000e+01 5.226474020000e-01
3.235595670000e+01 5.458388480000e-01
3.243706380000e+01 5.841794770000e-01
3.251817080000e+01 5.983934390000e-01
3.251817080000e+01 6.273827170000e-01
3.251817080000e+01 6.384172590000e-01
3.268036990000e+01 6.685286060000e-01
3.276147690000e+01 7.097681520000e-01
3.284258400000e+01 7.202416890000e-01
3.284258400000e+01 7.511946610000e-01
3.276147690000e+01 7.911249410000e-01
3.300479800000e+01 8.074899670000e-01
3.300479800000e+01 8.375077740000e-01
3.292369100000e+01 8.470461470000e-01
3.300479800000e+01 8.755677850000e-01
3.308590500000e+01 9.194257440000e-01
3.308590500000e+01 9.315824720000e-01
3.316701200000e+01 9.629095440000e-01
3.324811910000e+01 1.004336050000e+00
3.332922610000e+01 1.024160880000e+00
3.332922610000e+01 1.052589160000e+00
3.332922610000e+01 1.062782130000e+00
3.341033310000e+01 1.094763750000e+00
3.357254710000e+01 1.139089120000e+00
3.365365420000e+01 1.151339380000e+00
3.365365420000e+01 1.182385840000e+00
3.357254710000e+01 1.195103740000e+00
3.365365420000e+01 1.224934590000e+00
3.365365420000e+01 1.265893690000e+00
3.373476120000e+01 1.280014170000e+00
3.381586820000e+01 1.310873540000e+00
3.389697520000e+01 1.354263860000e+00
3.389697520000e+01 1.365766050000e+00
3.397808220000e+01 1.394755440000e+00
3.405918930000e+01 1.406257620000e+00
3.405918930000e+01 1.437210480000e+00
3.414029630000e+01 1.475644760000e+00
3.414029630000e+01 1.488736480000e+00
3.422140330000e+01 1.519502490000e+00
3.438360240000e+01 1.533903760000e+00
3.430251030000e+01 1.562892810000e+00
3.438360240000e+01 1.601887980000e+00
3.438360240000e+01 1.617224190000e+00
3.454581650000e+01 1.650234570000e+00
3.454581650000e+01 1.691567600000e+00
3.454581650000e+01 1.705875040000e+00
3.470803050000e+01 1.737295650000e+00
3.478913750000e+01 1.752351410000e+00
3.470803050000e+01 1.783678660000e+00
3.487024460000e+01 1.822205960000e+00
3.487024460000e+01 1.836887910000e+00
3.487024460000e+01 1.870365580000e+00
3.487024460000e+01 1.908893230000e+00
3.495135160000e+01 1.922078660000e+00
