#  J [A] 	 V 	 L [w] 
-8.658319710000e-05 1.557439570000e-03 -2.040198010000e-09
-8.658319710000e-05 1.557439570000e-03 -2.132934270000e-09
-5.483627320000e-06 1.771420240000e-03 -2.225670540000e-09
-8.658319710000e-05 1.557439570000e-03 -2.225670540000e-09
-5.483627320000e-06 1.771420240000e-03 -1.947461750000e-09
-8.658319710000e-05 1.771420240000e-03 -1.947461750000e-09
-5.483627320000e-06 1.771420240000e-03 -2.040198010000e-09
-8.658319710000e-05 1.557439570000e-03 -2.132934270000e-09
-8.658319710000e-05 1.557439570000e-03 -2.040198010000e-09
-5.483627320000e-06 1.557439570000e-03 -2.225670540000e-09
-8.658319710000e-05 1.771420240000e-03 -1.947461750000e-09
-8.658319710000e-05 1.557439570000e-03 -2.132934270000e-09
-5.483627320000e-06 2.793185710000e-01 -2.132934270000e-09
-5.483627320000e-06 1.051186560000e+00 -2.132934270000e-09
7.562339310000e-05 1.457556490000e+00 2.503345970000e-09
7.562339310000e-05 1.790099620000e+00 2.800295460000e-08
1.567304130000e-04 1.817490580000e+00 6.592775750000e-08
3.189444540000e-04 1.832897900000e+00 1.090451890000e-07
2.378374340000e-04 1.833112000000e+00 1.088597230000e-07
3.189444540000e-04 1.844025370000e+00 1.585606950000e-07
4.000514750000e-04 1.852585080000e+00 2.106724820000e-07
4.000514750000e-04 1.852799180000e+00 2.104870730000e-07
4.811584950000e-04 1.859432940000e+00 2.655660860000e-07
4.811584950000e-04 1.859860900000e+00 2.695533400000e-07
5.622655150000e-04 1.866066690000e+00 3.279704690000e-07
6.433725360000e-04 1.871202470000e+00 3.913948770000e-07
6.433725360000e-04 1.871202470000e+00 3.918584920000e-07
7.244795560000e-04 1.875910280000e+00 4.499975430000e-07
7.244795560000e-04 1.875910280000e+00 4.509247730000e-07
8.055865760000e-04 1.880618100000e+00 5.236217360000e-07
8.866861460000e-04 1.884469990000e+00 5.917751200000e-07
8.866861460000e-04 1.884683850000e+00 5.964113830000e-07
9.677931670000e-04 1.888321640000e+00 6.711483140000e-07
1.048900190000e-03 1.891959670000e+00 7.416197150000e-07
1.048900190000e-03 1.891745570000e+00 7.435670000000e-07
1.130007210000e-03 1.894955400000e+00 8.227547140000e-07
1.130007210000e-03 1.895383360000e+00 8.259073070000e-07
1.292221250000e-03 1.898165230000e+00 9.024060430000e-07
1.292221250000e-03 1.900947330000e+00 9.776993010000e-07
1.292221250000e-03 1.900947330000e+00 9.831701390000e-07
1.373328270000e-03 1.903515100000e+00 1.061059720000e-06
1.454435290000e-03 1.906296970000e+00 1.145903870000e-06
1.454435290000e-03 1.906296970000e+00 1.148036400000e-06
1.535542310000e-03 1.908864970000e+00 1.229913100000e-06
1.535542310000e-03 1.908650880000e+00 1.232416710000e-06
1.616649330000e-03 1.911218880000e+00 1.317075430000e-06
1.697756350000e-03 1.913144830000e+00 1.393666590000e-06
1.697756350000e-03 1.913358690000e+00 1.401733810000e-06
1.778855920000e-03 1.915712590000e+00 1.492048680000e-06
1.697756350000e-03 1.915712590000e+00 1.492790600000e-06
1.859962940000e-03 1.917424680000e+00 1.572441870000e-06
1.941069960000e-03 1.919778590000e+00 1.667207240000e-06
1.859962940000e-03 1.919778590000e+00 1.671658310000e-06
2.022176980000e-03 1.921490430000e+00 1.752978510000e-06
2.022176980000e-03 1.923202280000e+00 1.842922420000e-06
2.022176980000e-03 1.923630240000e+00 1.851638790000e-06
2.184391020000e-03 1.925342320000e+00 1.946126300000e-06
2.184391020000e-03 1.925556180000e+00 1.946960770000e-06
2.265498040000e-03 1.927268270000e+00 2.034493950000e-06
2.346605060000e-03 1.928980110000e+00 2.132319420000e-06
2.346605060000e-03 1.928980110000e+00 2.135935800000e-06
2.427712080000e-03 1.930906060000e+00 2.232555970000e-06
2.427712080000e-03 1.930906060000e+00 2.234595970000e-06
2.508819100000e-03 1.932404040000e+00 2.329083150000e-06
2.589926120000e-03 1.934115890000e+00 2.429226920000e-06
2.589926120000e-03 1.933902030000e+00 2.430246920000e-06
2.671025690000e-03 1.935613870000e+00 2.514720110000e-06
2.833239730000e-03 1.937325720000e+00 2.624785340000e-06
2.833239730000e-03 1.937539820000e+00 2.627752790000e-06
2.833239730000e-03 1.939037800000e+00 2.726598270000e-06
2.914346750000e-03 1.939037800000e+00 2.726320190000e-06
2.914346750000e-03 1.940321680000e+00 2.826278430000e-06
2.995453770000e-03 1.941605570000e+00 2.927071140000e-06
3.076560800000e-03 1.941819670000e+00 2.928369440000e-06
3.076560800000e-03 1.943103550000e+00 3.027214920000e-06
3.238774840000e-03 1.945029500000e+00 3.131624230000e-06
3.157667820000e-03 1.945029500000e+00 3.136445910000e-06
3.319881860000e-03 1.946313380000e+00 3.237423930000e-06
3.238774840000e-03 1.946313380000e+00 3.240020310000e-06
3.319881860000e-03 1.947169540000e+00 3.337567700000e-06
3.400988880000e-03 1.949095250000e+00 3.453938690000e-06
3.400988880000e-03 1.948881390000e+00 3.454587610000e-06
3.482095900000e-03 1.950165270000e+00 3.553247550000e-06
3.482095900000e-03 1.950379370000e+00 3.562613070000e-06
3.482095900000e-03 1.951663260000e+00 3.673512990000e-06
3.644302490000e-03 1.952733280000e+00 3.777087390000e-06
3.644302490000e-03 1.952947140000e+00 3.779683540000e-06
3.725409510000e-03 1.954231260000e+00 3.891047070000e-06
3.725409510000e-03 1.955515150000e+00 4.003894450000e-06
3.806516530000e-03 1.955515150000e+00 4.006027210000e-06
3.968730570000e-03 1.956585170000e+00 4.107840140000e-06
3.887623550000e-03 1.956799030000e+00 4.115072440000e-06
3.968730570000e-03 1.957654950000e+00 4.115072440000e-06
4.130944610000e-03 1.959152940000e+00 4.385154170000e-06
4.049837590000e-03 1.959367040000e+00 4.365560930000e-06
4.130944610000e-03 1.960436820000e+00 4.469124630000e-06
4.130944610000e-03 1.960436820000e+00 4.464459830000e-06
4.212051630000e-03 1.961720940000e+00 4.582018850000e-06
4.293158650000e-03 1.962790730000e+00 4.679984610000e-06
4.212051630000e-03 1.962576870000e+00 4.684650320000e-06
4.374265670000e-03 1.963860750000e+00 4.805941900000e-06
4.455365240000e-03 1.964930770000e+00 4.916970280000e-06
4.455365240000e-03 1.964930770000e+00 4.917902520000e-06
4.536472260000e-03 1.966428760000e+00 5.030796730000e-06
4.536472260000e-03 1.966000800000e+00 5.035462440000e-06
4.617579280000e-03 1.967070580000e+00 5.146490370000e-06
4.698686300000e-03 1.968140600000e+00 5.261251320000e-06
4.698686300000e-03 1.968568560000e+00 5.266849260000e-06
4.860900340000e-03 1.969638590000e+00 5.386275010000e-06
4.860900340000e-03 1.970922470000e+00 5.506632990000e-06
4.860900340000e-03 1.970708610000e+00 5.507566130000e-06
4.942007360000e-03 1.971778390000e+00 5.622326170000e-06
4.942007360000e-03 1.971564530000e+00 5.625125140000e-06
5.023114380000e-03 1.972848420000e+00 5.750148830000e-06
5.104221400000e-03 1.973918440000e+00 5.864908870000e-06
5.104221400000e-03 1.973918440000e+00 5.869574580000e-06
5.185328420000e-03 1.974988460000e+00 5.997397240000e-06
5.185328420000e-03 1.974774360000e+00 5.993664670000e-06
5.266435440000e-03 1.976058240000e+00 6.109357860000e-06
5.347535010000e-03 1.977128270000e+00 6.240912170000e-06
5.347535010000e-03 1.976914170000e+00 6.239046340000e-06
5.428642030000e-03 1.977770330000e+00 6.361271060000e-06
5.509749050000e-03 1.979054210000e+00 6.483495780000e-06
5.590856080000e-03 1.979268070000e+00 6.489093720000e-06
5.590856080000e-03 1.980124240000e+00 6.609451700000e-06
5.590856080000e-03 1.980124240000e+00 6.612250670000e-06
5.671963100000e-03 1.980980160000e+00 6.735408990000e-06
5.753070120000e-03 1.982050180000e+00 6.861364910000e-06
5.753070120000e-03 1.982050180000e+00 6.863230280000e-06
5.834177140000e-03 1.982906100000e+00 6.991053400000e-06
5.834177140000e-03 1.983119960000e+00 6.988253970000e-06
5.915284160000e-03 1.983975890000e+00 7.102081780000e-06
5.915284160000e-03 1.985045910000e+00 7.239234040000e-06
5.996391180000e-03 1.984832050000e+00 7.241100770000e-06
6.077498200000e-03 1.985901830000e+00 7.367056700000e-06
6.158605220000e-03 1.986757990000e+00 7.503276270000e-06
6.158605220000e-03 1.986757990000e+00 7.509807800000e-06
6.239704790000e-03 1.987613920000e+00 7.632965210000e-06
6.239704790000e-03 1.987613920000e+00 7.632965210000e-06
6.320811810000e-03 1.988683700000e+00 7.773849570000e-06
6.401918830000e-03 1.989539860000e+00 7.904471200000e-06
6.401918830000e-03 1.989539860000e+00 7.904471200000e-06
6.483025850000e-03 1.990609650000e+00 8.033227460000e-06
6.564132870000e-03 1.991465810000e+00 8.162915040000e-06
6.483025850000e-03 1.991465810000e+00 8.169447030000e-06
6.645239890000e-03 1.992535590000e+00 8.300067750000e-06
6.645239890000e-03 1.992321730000e+00 8.306598830000e-06
6.726346910000e-03 1.993391510000e+00 8.442818400000e-06
6.807453930000e-03 1.994247670000e+00 8.582769620000e-06
6.807453930000e-03 1.994247670000e+00 8.582769620000e-06
6.888560950000e-03 1.995103600000e+00 8.712459020000e-06
6.888560950000e-03 1.995103600000e+00 8.713391250000e-06
6.969667970000e-03 1.995959520000e+00 8.853343390000e-06
7.050774990000e-03 1.996815440000e+00 8.991430150000e-06
7.050774990000e-03 1.997029540000e+00 8.992362380000e-06
7.131874560000e-03 1.997671370000e+00 9.122984010000e-06
7.212981580000e-03 1.998527530000e+00 9.259203580000e-06
7.212981580000e-03 1.998741390000e+00 9.261069860000e-06
7.294088600000e-03 1.999383450000e+00 9.401953320000e-06
7.294088600000e-03 1.999383450000e+00 9.407552170000e-06
7.375195620000e-03 2.000453230000e+00 9.551235960000e-06
7.456302640000e-03 2.001309390000e+00 9.693054380000e-06
7.375195620000e-03 2.001309390000e+00 9.697717360000e-06
7.537409660000e-03 2.002165320000e+00 9.833005610000e-06
7.456302640000e-03 2.002165320000e+00 9.836736350000e-06
7.618516680000e-03 2.002807140000e+00 9.982288250000e-06
7.618516680000e-03 2.003877160000e+00 1.011664060000e-05
7.699623700000e-03 2.003877160000e+00 1.012597020000e-05
7.780730720000e-03 2.004947190000e+00 1.027058720000e-05
7.780730720000e-03 2.005589250000e+00 1.040307600000e-05
7.861837740000e-03 2.005589250000e+00 1.040587450000e-05
7.861837740000e-03 2.006231070000e+00 1.056075330000e-05
7.942944770000e-03 2.006231070000e+00 1.056075330000e-05
8.024044330000e-03 2.007301090000e+00 1.070630420000e-05
8.105151360000e-03 2.008157010000e+00 1.084905490000e-05
8.024044330000e-03 2.007729050000e+00 1.085745130000e-05
8.186258380000e-03 2.009012940000e+00 1.100113600000e-05
8.267365400000e-03 2.009869100000e+00 1.115415030000e-05
8.267365400000e-03 2.009655000000e+00 1.115694890000e-05
8.348472420000e-03 2.010510920000e+00 1.130436520000e-05
8.348472420000e-03 2.010510920000e+00 1.130529740000e-05
8.429579440000e-03 2.011152980000e+00 1.145457740000e-05
8.429579440000e-03 2.012008910000e+00 1.158799840000e-05
8.510686460000e-03 2.012008910000e+00 1.159546350000e-05
8.591793480000e-03 2.013078930000e+00 1.175967370000e-05
8.591793480000e-03 2.012864830000e+00 1.176060600000e-05
8.591793480000e-03 2.013506890000e+00 1.191082080000e-05
8.754007520000e-03 2.014576910000e+00 1.207876360000e-05
8.754007520000e-03 2.014576910000e+00 1.208062890000e-05
8.835114540000e-03 2.015218730000e+00 1.223271010000e-05
8.835114540000e-03 2.016074660000e+00 1.238572440000e-05
8.835114540000e-03 2.016074660000e+00 1.239785250000e-05
8.997321130000e-03 2.016930820000e+00 1.255553250000e-05
8.997321130000e-03 2.016930820000e+00 1.256206270000e-05
9.078428150000e-03 2.017786740000e+00 1.271134530000e-05
9.159535170000e-03 2.018428560000e+00 1.286902260000e-05
9.159535170000e-03 2.018642660000e+00 1.287368830000e-05
9.240642190000e-03 2.019070630000e+00 1.304162920000e-05
9.240642190000e-03 2.019284730000e+00 1.304349640000e-05
9.240642190000e-03 2.020140650000e+00 1.320863880000e-05
9.402856230000e-03 2.020996570000e+00 1.337378310000e-05
9.402856230000e-03 2.020782470000e+00 1.337751470000e-05
9.402856230000e-03 2.021210430000e+00 1.352586240000e-05
9.565070270000e-03 2.022280450000e+00 1.370313570000e-05
9.565070270000e-03 2.022494550000e+00 1.370313570000e-05
9.646177290000e-03 2.023350480000e+00 1.387107660000e-05
9.565070270000e-03 2.022922520000e+00 1.387294380000e-05
9.646177290000e-03 2.023778440000e+00 1.404368410000e-05
9.808383880000e-03 2.024634360000e+00 1.419856470000e-05
9.808383880000e-03 2.024634360000e+00 1.420043100000e-05
9.889490900000e-03 2.025276420000e+00 1.437210360000e-05
9.889490900000e-03 2.025276420000e+00 1.438050090000e-05
9.889490900000e-03 2.025918250000e+00 1.455217530000e-05
1.005170490000e-02 2.026774410000e+00 1.473038080000e-05
1.005170490000e-02 2.026774410000e+00 1.473318030000e-05
1.013281200000e-02 2.027416230000e+00 1.489832180000e-05
1.021391900000e-02 2.028486250000e+00 1.508679090000e-05
1.021391900000e-02 2.028486250000e+00 1.508679090000e-05
1.021391900000e-02 2.028914210000e+00 1.525286550000e-05
1.021391900000e-02 2.029128310000e+00 1.525753120000e-05
1.037613300000e-02 2.029984240000e+00 1.543946930000e-05
1.045724000000e-02 2.030626060000e+00 1.560741110000e-05
1.045724000000e-02 2.030412200000e+00 1.561207500000e-05
1.053834710000e-02 2.031482220000e+00 1.580147910000e-05
1.061945410000e-02 2.032124040000e+00 1.598341440000e-05
1.053834710000e-02 2.032124040000e+00 1.598248310000e-05
1.070055370000e-02 2.032766100000e+00 1.616255210000e-05
1.061945410000e-02 2.032766100000e+00 1.616908410000e-05
1.078166070000e-02 2.033408160000e+00 1.634822180000e-05
1.078166070000e-02 2.034264090000e+00 1.653669100000e-05
1.078166070000e-02 2.034264090000e+00 1.653949040000e-05
1.094387470000e-02 2.034905910000e+00 1.671862810000e-05
1.094387470000e-02 2.034905910000e+00 1.672795590000e-05
1.102498170000e-02 2.035762070000e+00 1.691455870000e-05
1.110608880000e-02 2.036190030000e+00 1.707503720000e-05
1.110608880000e-02 2.036403890000e+00 1.708530180000e-05
1.110608880000e-02 2.036831860000e+00 1.728963070000e-05
1.118719580000e-02 2.037688020000e+00 1.748369690000e-05
1.126830280000e-02 2.037688020000e+00 1.748369690000e-05
1.126830280000e-02 2.038543940000e+00 1.768336010000e-05
1.134940980000e-02 2.038329840000e+00 1.768989200000e-05
1.143051680000e-02 2.039185760000e+00 1.788115880000e-05
1.151162390000e-02 2.039827820000e+00 1.807522490000e-05
1.151162390000e-02 2.039827820000e+00 1.809201970000e-05
1.159272340000e-02 2.040683750000e+00 1.828421950000e-05
1.159272340000e-02 2.040683750000e+00 1.828328640000e-05
1.167383040000e-02 2.041325810000e+00 1.848108510000e-05
1.175493750000e-02 2.042181730000e+00 1.868634720000e-05
1.167383040000e-02 2.041967630000e+00 1.868634720000e-05
1.183604450000e-02 2.042823790000e+00 1.890094060000e-05
1.191715150000e-02 2.043679710000e+00 1.910526950000e-05
1.183604450000e-02 2.043251750000e+00 1.911273470000e-05
1.199825850000e-02 2.044107680000e+00 1.932825940000e-05
1.199825850000e-02 2.043893580000e+00 1.932825940000e-05
1.207936560000e-02 2.044749740000e+00 1.952325870000e-05
1.216047260000e-02 2.045605660000e+00 1.974997940000e-05
1.216047260000e-02 2.045605660000e+00 1.975277880000e-05
1.224157960000e-02 2.046247480000e+00 1.996270660000e-05
1.224157960000e-02 2.046889540000e+00 2.017356750000e-05
1.232268660000e-02 2.046889540000e+00 2.018569650000e-05
1.240379360000e-02 2.047317500000e+00 2.038722600000e-05
1.232268660000e-02 2.047531600000e+00 2.038722600000e-05
1.248489320000e-02 2.048173430000e+00 2.061488160000e-05
1.248489320000e-02 2.048815490000e+00 2.084906740000e-05
1.264710720000e-02 2.048815490000e+00 2.085839510000e-05
1.264710720000e-02 2.049457550000e+00 2.108232000000e-05
1.264710720000e-02 2.049671410000e+00 2.108791700000e-05
1.272821430000e-02 2.050313470000e+00 2.130530990000e-05
1.280932130000e-02 2.050955300000e+00 2.155348920000e-05
1.280932130000e-02 2.050955300000e+00 2.155535730000e-05
1.289042830000e-02 2.051383260000e+00 2.177741410000e-05
1.297153530000e-02 2.052453280000e+00 2.202279570000e-05
1.297153530000e-02 2.052239420000e+00 2.202466020000e-05
1.297153530000e-02 2.052881240000e+00 2.224578570000e-05
1.297153530000e-02 2.052881240000e+00 2.225511530000e-05
1.305264230000e-02 2.053523300000e+00 2.250516260000e-05
1.321485640000e-02 2.054379220000e+00 2.274961120000e-05
1.321485640000e-02 2.054379220000e+00 2.275987210000e-05
1.329596340000e-02 2.054807190000e+00 2.299219340000e-05
1.329596340000e-02 2.055021290000e+00 2.300712190000e-05
1.337706300000e-02 2.055663110000e+00 2.324783960000e-05
1.337706300000e-02 2.056305170000e+00 2.349975150000e-05
1.337706300000e-02 2.056305170000e+00 2.350814790000e-05
1.353927700000e-02 2.056947230000e+00 2.376752490000e-05
1.362038400000e-02 2.057375190000e+00 2.402503740000e-05
1.362038400000e-02 2.057375190000e+00 2.402223800000e-05
1.362038400000e-02 2.057803150000e+00 2.426388710000e-05
1.362038400000e-02 2.058017020000e+00 2.427974870000e-05
1.370149110000e-02 2.058873180000e+00 2.456991390000e-05
1.386370510000e-02 2.059301140000e+00 2.484422110000e-05
1.378259810000e-02 2.059515000000e+00 2.485168620000e-05
1.386370510000e-02 2.060157060000e+00 2.513438630000e-05
1.402591910000e-02 2.060798880000e+00 2.541055800000e-05
1.402591910000e-02 2.060798880000e+00 2.541242430000e-05
1.410702620000e-02 2.061440940000e+00 2.569605930000e-05
1.402591910000e-02 2.061227080000e+00 2.571191910000e-05
1.410702620000e-02 2.062083010000e+00 2.600301920000e-05
1.426923270000e-02 2.062724830000e+00 2.629598570000e-05
1.418813320000e-02 2.062724830000e+00 2.630438210000e-05
1.426923270000e-02 2.063152790000e+00 2.658895030000e-05
1.426923270000e-02 2.063366890000e+00 2.659174970000e-05
1.443144680000e-02 2.064008950000e+00 2.690151090000e-05
1.451255380000e-02 2.064436910000e+00 2.721127020000e-05
1.451255380000e-02 2.064436910000e+00 2.722899630000e-05
1.459366080000e-02 2.065292840000e+00 2.754808700000e-05
1.467476790000e-02 2.065934900000e+00 2.785131620000e-05
1.467476790000e-02 2.065934900000e+00 2.785971260000e-05
1.475587490000e-02 2.066576720000e+00 2.819559450000e-05
1.475587490000e-02 2.066576720000e+00 2.820305960000e-05
1.475587490000e-02 2.067004680000e+00 2.852401490000e-05
1.491808890000e-02 2.067860600000e+00 2.885057070000e-05
1.491808890000e-02 2.067860600000e+00 2.886922990000e-05
1.491808890000e-02 2.068288800000e+00 2.918738760000e-05
1.499919590000e-02 2.068502660000e+00 2.919018700000e-05
1.499919590000e-02 2.068930630000e+00 2.954752740000e-05
1.516140250000e-02 2.069572690000e+00 2.992073130000e-05
1.516140250000e-02 2.069572690000e+00 2.993472660000e-05
1.516140250000e-02 2.070428610000e+00 3.030700100000e-05
1.532361660000e-02 2.070856570000e+00 3.065594500000e-05
1.532361660000e-02 2.070856570000e+00 3.068393560000e-05
1.540472360000e-02 2.071712490000e+00 3.107486550000e-05
1.540472360000e-02 2.071498630000e+00 3.107206790000e-05
1.548583060000e-02 2.072354560000e+00 3.145086880000e-05
1.548583060000e-02 2.072782520000e+00 3.187352560000e-05
1.556693760000e-02 2.072996620000e+00 3.188099070000e-05
1.556693760000e-02 2.073424580000e+00 3.225885670000e-05
1.564804460000e-02 2.073852540000e+00 3.268244470000e-05
1.572915170000e-02 2.074280500000e+00 3.271230530000e-05
1.581025870000e-02 2.074708460000e+00 3.314988500000e-05
1.572915170000e-02 2.074708460000e+00 3.314148850000e-05
1.589136570000e-02 2.075350520000e+00 3.356693920000e-05
1.589136570000e-02 2.075992350000e+00 3.402598300000e-05
1.589136570000e-02 2.075992350000e+00 3.402971200000e-05
1.597247270000e-02 2.076420310000e+00 3.450461740000e-05
1.605357230000e-02 2.076420310000e+00 3.451114750000e-05
1.621578630000e-02 2.077276470000e+00 3.498232040000e-05
1.621578630000e-02 2.077704430000e+00 3.548801030000e-05
1.621578630000e-02 2.077704430000e+00 3.548148020000e-05
1.629689340000e-02 2.078346250000e+00 3.591626230000e-05
1.637800040000e-02 2.078988310000e+00 3.649845890000e-05
1.637800040000e-02 2.078774210000e+00 3.651058800000e-05
1.637800040000e-02 2.079630370000e+00 3.705360360000e-05
1.645910740000e-02 2.079416280000e+00 3.706853020000e-05
1.654021440000e-02 2.080272200000e+00 3.764699800000e-05
1.662132140000e-02 2.080914260000e+00 3.823106090000e-05
1.662132140000e-02 2.080700160000e+00 3.823106090000e-05
1.670242850000e-02 2.081342220000e+00 3.882072630000e-05
1.670242850000e-02 2.081342220000e+00 3.886084600000e-05
1.670242850000e-02 2.081984280000e+00 3.949062740000e-05
1.678353550000e-02 2.082626100000e+00 4.014186920000e-05
1.678353550000e-02 2.082412240000e+00 4.015493320000e-05
1.686464250000e-02 2.083268170000e+00 4.081270530000e-05
1.694574210000e-02 2.083696130000e+00 4.081270530000e-05
1.702684910000e-02 2.083696130000e+00 4.219299810000e-05
1.710795610000e-02 2.084338190000e+00 4.259412890000e-05
1.710795610000e-02 2.084338190000e+00 4.255681050000e-05
1.718906310000e-02 2.084980010000e+00 4.328443540000e-05
1.718906310000e-02 2.085622070000e+00 4.407736920000e-05
1.718906310000e-02 2.085407970000e+00 4.407736920000e-05
1.735127720000e-02 2.086050030000e+00 4.496357720000e-05
1.743238420000e-02 2.086692090000e+00 4.586844440000e-05
1.735127720000e-02 2.086477990000e+00 4.586844440000e-05
1.743238420000e-02 2.087120060000e+00 4.679197810000e-05
1.743238420000e-02 2.087120060000e+00 4.684794840000e-05
1.751349120000e-02 2.087761880000e+00 4.777147480000e-05
1.767570530000e-02 2.088189840000e+00 4.896552850000e-05
1.759459820000e-02 2.088403940000e+00 4.895619350000e-05
1.775681230000e-02 2.089259860000e+00 5.011293980000e-05
1.767570530000e-02 2.089046000000e+00 5.011293980000e-05
1.775681230000e-02 2.089687820000e+00 5.141893050000e-05
1.783791180000e-02 2.090115790000e+00 5.274358770000e-05
1.791901890000e-02 2.090115790000e+00 5.279955800000e-05
1.791901890000e-02 2.090757850000e+00 5.429212980000e-05
1.808123290000e-02 2.091399910000e+00 5.593394960000e-05
1.800012590000e-02 2.091399910000e+00 5.590596990000e-05
1.816233990000e-02 2.092041730000e+00 5.770638020000e-05
1.808123290000e-02 2.091827870000e+00 5.770638020000e-05
1.824344690000e-02 2.092469690000e+00 5.955342930000e-05
1.824344690000e-02 2.093111750000e+00 6.177362230000e-05
1.824344690000e-02 2.093325610000e+00 6.189489800000e-05
1.840566100000e-02 2.093539710000e+00 6.431098880000e-05
1.832455400000e-02 2.093539710000e+00 6.425501490000e-05
1.840566100000e-02 2.094181780000e+00 6.696962370000e-05
1.848676800000e-02 2.094823600000e+00 7.026260570000e-05
1.848676800000e-02 2.094823600000e+00 7.015999290000e-05
1.864898200000e-02 2.095465660000e+00 7.392872790000e-05
1.864898200000e-02 2.095893620000e+00 7.817320870000e-05
1.864898200000e-02 2.096107720000e+00 7.835045110000e-05
1.873008160000e-02 2.096535680000e+00 8.363974480000e-05
1.873008160000e-02 2.096535680000e+00 8.364906530000e-05
1.881118860000e-02 2.097177510000e+00 8.995517420000e-05
1.897340270000e-02 2.097819570000e+00 9.923707690000e-05
1.889229570000e-02 2.097819570000e+00 9.916244020000e-05
1.905450970000e-02 2.098461630000e+00 1.105246270000e-04
1.905450970000e-02 2.098889590000e+00 1.256368710000e-04
1.905450970000e-02 2.098675490000e+00 1.266536860000e-04
1.913561670000e-02 2.099317550000e+00 1.465514800000e-04
1.913561670000e-02 2.099317550000e+00 1.461783390000e-04
1.929783080000e-02 2.099745510000e+00 1.726620830000e-04
1.929783080000e-02 2.100173470000e+00 2.089034970000e-04
1.929783080000e-02 2.100387330000e+00 2.086236490000e-04
1.937893780000e-02 2.100815530000e+00 2.485684820000e-04
1.937893780000e-02 2.100815530000e+00 2.492681380000e-04
1.946004480000e-02 2.101243500000e+00 2.905376020000e-04
1.954115180000e-02 2.102099420000e+00 3.408092020000e-04
1.962225880000e-02 2.101885320000e+00 3.404733140000e-04
1.962225880000e-02 2.102313280000e+00 3.850917860000e-04
1.970336590000e-02 2.102955340000e+00 3.850917860000e-04
1.978447290000e-02 2.102741240000e+00 4.438154870000e-04
1.986557990000e-02 2.103383300000e+00 4.889825360000e-04
1.978447290000e-02 2.103383300000e+00 4.882344510000e-04
1.994668690000e-02 2.104239230000e+00 5.402279780000e-04
2.002779390000e-02 2.104453330000e+00 5.908188760000e-04
1.994668690000e-02 2.104239230000e+00 5.897902300000e-04
2.002779390000e-02 2.104667190000e+00 6.403811280000e-04
2.010888610000e-02 2.104667190000e+00 6.423449380000e-04
2.010888610000e-02 2.105309250000e+00 6.898497810000e-04
2.018999310000e-02 2.106165170000e+00 7.433395370000e-04
2.027110010000e-02 2.105737210000e+00 7.435265580000e-04
2.027110010000e-02 2.106593130000e+00 7.964552500000e-04
2.043331410000e-02 2.106593130000e+00 8.505996670000e-04
2.035220710000e-02 2.106593130000e+00 8.485423170000e-04
2.043331410000e-02 2.107235190000e+00 8.981045680000e-04
2.043331410000e-02 2.107021090000e+00 9.004424790000e-04
2.059552820000e-02 2.107663150000e+00 9.542127950000e-04
2.059552820000e-02 2.108091120000e+00 1.004990540000e-03
2.059552820000e-02 2.108305220000e+00 1.005551780000e-03
2.067663520000e-02 2.108947040000e+00 1.056610140000e-03
2.083884920000e-02 2.108947040000e+00 1.105985370000e-03
2.075774220000e-02 2.109161140000e+00 1.106172330000e-03
2.083884920000e-02 2.109803200000e+00 1.157511370000e-03
2.091995630000e-02 2.109803200000e+00 1.160690790000e-03
2.100106330000e-02 2.110231160000e+00 1.211655680000e-03
2.100106330000e-02 2.110659120000e+00 1.264584480000e-03
2.100106330000e-02 2.110659120000e+00 1.265426170000e-03
2.108217030000e-02 2.111300950000e+00 1.313492070000e-03
2.116327730000e-02 2.110872980000e+00 1.313585440000e-03
2.116327730000e-02 2.111728910000e+00 1.367823450000e-03
2.124438430000e-02 2.111943010000e+00 1.416731160000e-03
2.124438430000e-02 2.112157110000e+00 1.420378100000e-03
2.140659840000e-02 2.112585070000e+00 1.471623430000e-03
2.140659840000e-02 2.113226890000e+00 1.517351830000e-03
2.140659840000e-02 2.113013030000e+00 1.518660920000e-03
2.148770540000e-02 2.113440990000e+00 1.574208030000e-03
2.156881240000e-02 2.113654850000e+00 1.574488470000e-03
2.164991950000e-02 2.114082810000e+00 1.627417280000e-03
2.164991950000e-02 2.114511010000e+00 1.679410810000e-03
2.164991950000e-02 2.114511010000e+00 1.682590230000e-03
2.173102650000e-02 2.115152840000e+00 1.734116230000e-03
2.173102650000e-02 2.114938970000e+00 1.733835790000e-03
2.189322560000e-02 2.115580800000e+00 1.785268190000e-03
2.189322560000e-02 2.116008760000e+00 1.841002260000e-03
2.189322560000e-02 2.115794900000e+00 1.841563500000e-03
2.197433260000e-02 2.116436720000e+00 1.893557030000e-03
2.205543970000e-02 2.117078780000e+00 1.941903610000e-03
2.205543970000e-02 2.117292880000e+00 1.945363470000e-03
2.213654670000e-02 2.117292880000e+00 2.000162610000e-03
2.221765370000e-02 2.117292880000e+00 1.998853170000e-03
2.229876070000e-02 2.117934700000e+00 2.050285930000e-03
2.229876070000e-02 2.118362670000e+00 2.106861680000e-03
2.229876070000e-02 2.118576770000e+00 2.107516160000e-03
2.246097480000e-02 2.119004730000e+00 2.155675790000e-03
2.254208180000e-02 2.119646790000e+00 2.208043120000e-03
2.246097480000e-02 2.119432690000e+00 2.212438270000e-03
2.262318880000e-02 2.119860650000e+00 2.263683830000e-03
2.262318880000e-02 2.119646790000e+00 2.263309670000e-03
2.270429580000e-02 2.120288610000e+00 2.313807140000e-03
2.270429580000e-02 2.120930670000e+00 2.365707190000e-03
2.270429580000e-02 2.120716570000e+00 2.366736070000e-03
2.286650990000e-02 2.121144530000e+00 2.422002380000e-03
2.278540280000e-02 2.121358630000e+00 2.423031020000e-03
2.286650990000e-02 2.121572730000e+00 2.475959710000e-03
2.302872390000e-02 2.122214560000e+00 2.532254900000e-03
2.294761690000e-02 2.122214560000e+00 2.530945700000e-03
2.302872390000e-02 2.122856620000e+00 2.580227330000e-03
2.310983090000e-02 2.123284580000e+00 2.637644760000e-03
2.310983090000e-02 2.123070480000e+00 2.638860370000e-03
2.319093790000e-02 2.123712540000e+00 2.691321540000e-03
2.327204500000e-02 2.123926640000e+00 2.691789300000e-03
2.335315200000e-02 2.124354600000e+00 2.744063270000e-03
2.335315200000e-02 2.124782560000e+00 2.795121870000e-03
2.335315200000e-02 2.124354600000e+00 2.795402190000e-03
2.343425900000e-02 2.125210520000e+00 2.848143920000e-03
2.351536600000e-02 2.124996420000e+00 2.851136260000e-03
2.351536600000e-02 2.125638480000e+00 2.903784390000e-03
2.359647300000e-02 2.126066450000e+00 2.955871630000e-03
2.359647300000e-02 2.126280550000e+00 2.958209490000e-03
2.375867220000e-02 2.126494410000e+00 3.008052240000e-03
2.375867220000e-02 2.127136470000e+00 3.063599350000e-03
2.383977920000e-02 2.127136470000e+00 3.062944860000e-03
2.383977920000e-02 2.127564430000e+00 3.112319860000e-03
2.392088620000e-02 2.127564430000e+00 3.115779950000e-03
2.392088620000e-02 2.127992390000e+00 3.169082570000e-03
2.400199320000e-02 2.128420350000e+00 3.218738360000e-03
2.400199320000e-02 2.128634450000e+00 3.219953970000e-03
2.408310030000e-02 2.129062410000e+00 3.274846590000e-03
2.424531430000e-02 2.129704240000e+00 3.331048180000e-03
2.424531430000e-02 2.129704240000e+00 3.331141550000e-03
2.424531430000e-02 2.130132200000e+00 3.383789910000e-03
2.432642130000e-02 2.130132200000e+00 3.386782250000e-03
2.432642130000e-02 2.130560160000e+00 3.438682300000e-03
2.440752830000e-02 2.131416320000e+00 3.493948840000e-03
2.440752830000e-02 2.131416320000e+00 3.495445010000e-03
2.456974240000e-02 2.131630180000e+00 3.547906410000e-03
2.448863540000e-02 2.131416320000e+00 3.548467300000e-03
2.465084940000e-02 2.132058140000e+00 3.601209030000e-03
2.465084940000e-02 2.132486100000e+00 3.649274820000e-03
2.465084940000e-02 2.132486100000e+00 3.653109070000e-03
2.473195640000e-02 2.133128170000e+00 3.709871790000e-03
2.481306340000e-02 2.133556130000e+00 3.763174640000e-03
2.489417050000e-02 2.133556130000e+00 3.763735530000e-03
2.489417050000e-02 2.133984090000e+00 3.817973430000e-03
2.497527750000e-02 2.133984090000e+00 3.818628150000e-03
2.505638450000e-02 2.134626150000e+00 3.869499550000e-03
2.505638450000e-02 2.135054110000e+00 3.922802400000e-03
2.505638450000e-02 2.135054110000e+00 3.925046880000e-03
2.521859850000e-02 2.135482070000e+00 3.977788150000e-03
2.513749150000e-02 2.135482070000e+00 3.978162070000e-03
2.521859850000e-02 2.135910030000e+00 4.029220900000e-03
2.529970560000e-02 2.136338000000e+00 4.080560060000e-03
2.529970560000e-02 2.136338000000e+00 4.081962630000e-03
2.538081260000e-02 2.136980060000e+00 4.081962630000e-03
2.546190470000e-02 2.137408020000e+00 4.333937540000e-03
2.546190470000e-02 2.137408020000e+00 4.239741710000e-03
2.554301170000e-02 2.138050080000e+00 4.275181800000e-03
2.562411870000e-02 2.137835980000e+00 4.271451380000e-03
2.562411870000e-02 2.138263940000e+00 4.319947210000e-03
2.570522580000e-02 2.139119860000e+00 4.374973010000e-03
2.570522580000e-02 2.138906000000e+00 4.374040290000e-03
2.578633280000e-02 2.139547820000e+00 4.422537520000e-03
2.586743980000e-02 2.139975790000e+00 4.477561920000e-03
2.594854680000e-02 2.139975790000e+00 4.479427820000e-03
2.594854680000e-02 2.140189890000e+00 4.526991860000e-03
2.594854680000e-02 2.140403990000e+00 4.527925050000e-03
2.602965380000e-02 2.140831950000e+00 4.582949450000e-03
2.611076090000e-02 2.141473770000e+00 4.637042530000e-03
2.611076090000e-02 2.141473770000e+00 4.639839750000e-03
2.619186790000e-02 2.141687870000e+00 4.688336980000e-03
2.619186790000e-02 2.141901730000e+00 4.692066930000e-03
2.635408190000e-02 2.142115830000e+00 4.743361380000e-03
2.635408190000e-02 2.142757890000e+00 4.798387180000e-03
2.643518890000e-02 2.142971750000e+00 4.796521740000e-03
2.651629600000e-02 2.143185850000e+00 4.851547540000e-03
2.651629600000e-02 2.143827680000e+00 4.906572400000e-03
2.651629600000e-02 2.143827680000e+00 4.902841990000e-03
2.659740300000e-02 2.144255640000e+00 4.956001880000e-03
2.667851000000e-02 2.144041780000e+00 4.956001880000e-03
2.667851000000e-02 2.144683840000e+00 5.010094030000e-03
2.684072410000e-02 2.145111800000e+00 5.066985260000e-03
2.675961700000e-02 2.145325660000e+00 5.062321200000e-03
2.684072410000e-02 2.145539760000e+00 5.117347000000e-03
2.692183110000e-02 2.145753620000e+00 5.124807360000e-03
2.692183110000e-02 2.145967720000e+00 5.172371860000e-03
2.700293810000e-02 2.146609540000e+00 5.226464480000e-03
2.708404510000e-02 2.146823640000e+00 5.228330380000e-03
2.716515210000e-02 2.147251610000e+00 5.282422060000e-03
2.716515210000e-02 2.147679570000e+00 5.338380580000e-03
2.716515210000e-02 2.147465710000e+00 5.336515140000e-03
2.716515210000e-02 2.147893670000e+00 5.385012370000e-03
2.724624430000e-02 2.148107530000e+00 5.389675030000e-03
2.740845830000e-02 2.148749590000e+00 5.445632620000e-03
2.740845830000e-02 2.148963450000e+00 5.497859790000e-03
2.740845830000e-02 2.148963450000e+00 5.497859790000e-03
2.748956530000e-02 2.149819610000e+00 5.551020150000e-03
2.765177940000e-02 2.150247570000e+00 5.603247320000e-03
2.748956530000e-02 2.150033470000e+00 5.606045020000e-03
2.765177940000e-02 2.150461440000e+00 5.661070350000e-03
2.765177940000e-02 2.150675540000e+00 5.660137630000e-03
2.773288640000e-02 2.151103500000e+00 5.715163420000e-03
2.781399340000e-02 2.151745560000e+00 5.767390600000e-03
2.781399340000e-02 2.151531460000e+00 5.766457880000e-03
2.797620740000e-02 2.151959420000e+00 5.819618240000e-03
2.789510040000e-02 2.151959420000e+00 5.818685050000e-03
2.797620740000e-02 2.152387380000e+00 5.875575820000e-03
2.805731450000e-02 2.153243300000e+00 5.925937090000e-03
2.805731450000e-02 2.153029440000e+00 5.928735710000e-03
2.813842150000e-02 2.153457400000e+00 5.985626020000e-03
2.821952850000e-02 2.153885360000e+00 6.032257340000e-03
2.821952850000e-02 2.153885360000e+00 6.035987750000e-03
2.838174250000e-02 2.154527430000e+00 6.091946270000e-03
2.830063550000e-02 2.154313330000e+00 6.091013550000e-03
2.838174250000e-02 2.154955390000e+00 6.144173440000e-03
2.846284960000e-02 2.155597210000e+00 6.199198310000e-03
2.846284960000e-02 2.155383350000e+00 6.201995540000e-03
2.862506360000e-02 2.156025170000e+00 6.250492760000e-03
2.854395660000e-02 2.155811310000e+00 6.251425480000e-03
2.862506360000e-02 2.156453370000e+00 6.304585840000e-03
2.870617060000e-02 2.156881330000e+00 6.361476150000e-03
2.870617060000e-02 2.156667230000e+00 6.358678450000e-03
2.878727760000e-02 2.157309290000e+00 6.411837880000e-03
2.886838470000e-02 2.157737260000e+00 6.464065050000e-03
2.886838470000e-02 2.157737260000e+00 6.463133260000e-03
2.894949170000e-02 2.158379080000e+00 6.521888080000e-03
2.903058380000e-02 2.158379080000e+00 6.520955360000e-03
2.903058380000e-02 2.158807280000e+00 6.574115250000e-03
2.911169080000e-02 2.159235240000e+00 6.625411100000e-03
2.911169080000e-02 2.159235240000e+00 6.624477920000e-03
2.919279780000e-02 2.159877060000e+00 6.673906930000e-03
2.927390490000e-02 2.160091160000e+00 6.729865450000e-03
2.927390490000e-02 2.160305020000e+00 6.732663140000e-03
2.935501190000e-02 2.160732980000e+00 6.787687540000e-03
2.935501190000e-02 2.160732980000e+00 6.787687540000e-03
2.943611890000e-02 2.161375050000e+00 6.840847900000e-03
2.951722590000e-02 2.161589150000e+00 6.894940510000e-03
2.959833290000e-02 2.161803010000e+00 6.892143280000e-03
2.951722590000e-02 2.162230970000e+00 6.956493950000e-03
2.967944000000e-02 2.162230970000e+00 6.953696720000e-03
2.976054700000e-02 2.162658930000e+00 7.010587030000e-03
2.976054700000e-02 2.163086890000e+00 7.064680100000e-03
2.984165400000e-02 2.163300990000e+00 7.068410050000e-03
2.984165400000e-02 2.163728950000e+00 7.114108650000e-03
2.992276100000e-02 2.164156910000e+00 7.174729370000e-03
2.992276100000e-02 2.164156910000e+00 7.170998960000e-03
3.000386800000e-02 2.164798970000e+00 7.228822450000e-03
3.000386800000e-02 2.164798970000e+00 7.226956540000e-03
3.008497510000e-02 2.165226940000e+00 7.280116900000e-03
3.016608210000e-02 2.165440800000e+00 7.339805360000e-03
3.024718910000e-02 2.165654900000e+00 7.334209510000e-03
3.024718910000e-02 2.166082860000e+00 7.392965720000e-03
3.024718910000e-02 2.166296960000e+00 7.392033000000e-03
3.040940310000e-02 2.166510820000e+00 7.447990120000e-03
3.040940310000e-02 2.166938780000e+00 7.501150480000e-03
3.049051020000e-02 2.167152880000e+00 7.501150480000e-03
3.049051020000e-02 2.167580840000e+00 7.552444930000e-03
3.057161720000e-02 2.168222900000e+00 7.613066580000e-03
3.057161720000e-02 2.168222900000e+00 7.611200680000e-03
3.065272420000e-02 2.168650870000e+00 7.663428320000e-03
3.065272420000e-02 2.168650870000e+00 7.663428320000e-03
3.073383120000e-02 2.169292690000e+00 7.723116780000e-03
3.081492330000e-02 2.169720650000e+00 7.774411240000e-03
3.081492330000e-02 2.169506790000e+00 7.773478520000e-03
3.089603040000e-02 2.169934750000e+00 7.830369290000e-03
3.089603040000e-02 2.170148610000e+00 7.830369290000e-03
3.097713740000e-02 2.170576810000e+00 7.884462360000e-03
3.105824440000e-02 2.171004770000e+00 7.940419020000e-03
3.105824440000e-02 2.171004770000e+00 7.939486760000e-03
3.113935140000e-02 2.171646600000e+00 7.992646660000e-03
3.122045840000e-02 2.172074560000e+00 8.050469680000e-03
3.122045840000e-02 2.171860690000e+00 8.051402870000e-03
3.130156550000e-02 2.172502520000e+00 8.101764140000e-03
3.138267250000e-02 2.172502520000e+00 8.102697320000e-03
3.138267250000e-02 2.172930720000e+00 8.156790400000e-03
3.154488650000e-02 2.173572540000e+00 8.207151670000e-03
3.138267250000e-02 2.173358680000e+00 8.209017110000e-03
3.162599350000e-02 2.173786640000e+00 8.264974690000e-03
3.170710060000e-02 2.174428460000e+00 8.320000020000e-03
3.162599350000e-02 2.174428460000e+00 8.318134580000e-03
3.170710060000e-02 2.175070520000e+00 8.372226730000e-03
3.170710060000e-02 2.174856420000e+00 8.375025350000e-03
3.178820760000e-02 2.175284620000e+00 8.422589860000e-03
3.186931460000e-02 2.175712590000e+00 8.478547450000e-03
3.195042160000e-02 2.175926450000e+00 8.480412890000e-03
3.195042160000e-02 2.176354410000e+00 8.536370470000e-03
3.203152870000e-02 2.176354410000e+00 8.531707340000e-03
3.203152870000e-02 2.176782370000e+00 8.590463550000e-03
3.211263570000e-02 2.177424430000e+00 8.639891630000e-03
3.211263570000e-02 2.177424430000e+00 8.644554760000e-03
3.219374270000e-02 2.177852390000e+00 8.700513280000e-03
3.227484970000e-02 2.178280350000e+00 8.753674100000e-03
3.235595670000e-02 2.178280350000e+00 8.757404050000e-03
3.235595670000e-02 2.178708310000e+00 8.808698510000e-03
3.227484970000e-02 2.178708310000e+00 8.810563940000e-03
3.243706380000e-02 2.179136280000e+00 8.858128450000e-03
3.251817080000e-02 2.179564480000e+00 8.915950540000e-03
3.251817080000e-02 2.179778340000e+00 8.919681420000e-03
3.259926290000e-02 2.180420400000e+00 8.969110440000e-03
3.259926290000e-02 2.180206300000e+00 8.968179110000e-03
3.268036990000e-02 2.180634260000e+00 9.023203510000e-03
3.276147690000e-02 2.181276320000e+00 9.077296590000e-03
3.276147690000e-02 2.181276320000e+00 9.079161100000e-03
3.284258400000e-02 2.181704280000e+00 9.132320990000e-03
3.300479800000e-02 2.182346340000e+00 9.188279510000e-03
3.300479800000e-02 2.182346340000e+00 9.184547700000e-03
3.300479800000e-02 2.182560210000e+00 9.240506220000e-03
3.300479800000e-02 2.182774310000e+00 9.245170280000e-03
3.308590500000e-02 2.182988170000e+00 9.288069790000e-03
3.316701200000e-02 2.183630230000e+00 9.348692370000e-03
3.316701200000e-02 2.183630230000e+00 9.345893750000e-03
3.316701200000e-02 2.184272290000e+00 9.401852270000e-03
3.332922610000e-02 2.184700250000e+00 9.458742100000e-03
3.332922610000e-02 2.184486150000e+00 9.455943480000e-03
3.341033310000e-02 2.185128210000e+00 9.510968810000e-03
3.341033310000e-02 2.185128210000e+00 9.509103370000e-03
3.357254710000e-02 2.185556170000e+00 9.565061890000e-03
3.357254710000e-02 2.185984130000e+00 9.619154970000e-03
3.357254710000e-02 2.185984130000e+00 9.617289530000e-03
3.365365420000e-02 2.186412100000e+00 9.676043880000e-03
3.373476120000e-02 2.186412100000e+00 9.672314860000e-03
3.381586820000e-02 2.187054160000e+00 9.724542500000e-03
3.381586820000e-02 2.187695980000e+00 9.780499150000e-03
3.381586820000e-02 2.187695980000e+00 9.783296850000e-03
3.389697520000e-02 2.187910080000e+00 9.838323110000e-03
3.397808220000e-02 2.188338040000e+00 9.886818940000e-03
3.397808220000e-02 2.188551900000e+00 9.889617560000e-03
3.405918930000e-02 2.188980100000e+00 9.943710640000e-03
3.405918930000e-02 2.188980100000e+00 9.939978830000e-03
3.414029630000e-02 2.189621930000e+00 9.998734110000e-03
3.422140330000e-02 2.189836030000e+00 1.005003040000e-02
3.422140330000e-02 2.189836030000e+00 1.005096080000e-02
3.430251030000e-02 2.190477850000e+00 1.010692030000e-02
3.430251030000e-02 2.190263990000e+00 1.010318850000e-02
3.438360240000e-02 2.190905810000e+00 1.015541610000e-02
3.446470950000e-02 2.191334010000e+00 1.021324000000e-02
3.446470950000e-02 2.191334010000e+00 1.021230690000e-02
3.446470950000e-02 2.191761970000e+00 1.026826630000e-02
3.462692350000e-02 2.192403790000e+00 1.032515520000e-02
3.462692350000e-02 2.192189930000e+00 1.032422200000e-02
3.470803050000e-02 2.192831750000e+00 1.037551650000e-02
3.470803050000e-02 2.192831750000e+00 1.037178750000e-02
3.478913750000e-02 2.193259720000e+00 1.043147500000e-02
3.495135160000e-02 2.193687920000e+00 1.048463580000e-02
3.487024460000e-02 2.193901780000e+00 1.048276950000e-02
3.495135160000e-02 2.194115880000e+00 1.053779570000e-02
3.503245860000e-02 2.194543840000e+00 1.059095560000e-02
3.503245860000e-02 2.194543840000e+00 1.059188880000e-02
3.519467260000e-02 2.195185660000e+00 1.064598190000e-02
3.511356560000e-02 2.194971800000e+00 1.064691230000e-02
3.519467260000e-02 2.195827720000e+00 1.070287080000e-02
3.527577970000e-02 2.196469780000e+00 1.075976250000e-02
3.527577970000e-02 2.196255680000e+00 1.075882930000e-02
3.527577970000e-02 2.196469780000e+00 1.080545970000e-02
3.527577970000e-02 2.196683650000e+00 1.081198920000e-02
3.543799370000e-02 2.197111610000e+00 1.086701270000e-02
3.551910070000e-02 2.197753670000e+00 1.091924030000e-02
3.551910070000e-02 2.197753670000e+00 1.092110570000e-02
3.560020770000e-02 2.198181630000e+00 1.097240020000e-02
3.568131480000e-02 2.198395730000e+00 1.102089880000e-02
3.568131480000e-02 2.198609590000e+00 1.102369460000e-02
3.576242180000e-02 2.199037550000e+00 1.108338500000e-02
3.576242180000e-02 2.199037550000e+00 1.108245180000e-02
3.584352880000e-02 2.199465510000e+00 1.113467940000e-02
3.600574280000e-02 2.200107570000e+00 1.119250150000e-02
3.592463580000e-02 2.200107570000e+00 1.119250150000e-02
3.600574280000e-02 2.200321440000e+00 1.124473100000e-02
3.600574280000e-02 2.200321440000e+00 1.124379780000e-02
3.608684990000e-02 2.200963500000e+00 1.130348540000e-02
3.616794200000e-02 2.201177600000e+00 1.135664620000e-02
3.616794200000e-02 2.201605560000e+00 1.135477980000e-02
3.624904900000e-02 2.202033520000e+00 1.140980610000e-02
3.633015600000e-02 2.202247380000e+00 1.146110050000e-02
3.633015600000e-02 2.202247380000e+00 1.145923510000e-02
3.641126300000e-02 2.202889440000e+00 1.151612590000e-02
3.641126300000e-02 2.202889440000e+00 1.151612590000e-02
3.649237010000e-02 2.203317400000e+00 1.157208250000e-02
3.649237010000e-02 2.203745370000e+00 1.162431020000e-02
3.657347710000e-02 2.203745370000e+00 1.162431020000e-02
3.665458410000e-02 2.204601290000e+00 1.167653690000e-02
3.673569110000e-02 2.204815390000e+00 1.173063000000e-02
3.673569110000e-02 2.204815390000e+00 1.172969770000e-02
3.681679820000e-02 2.205243350000e+00 1.178472300000e-02
3.681679820000e-02 2.205243350000e+00 1.178378980000e-02
3.697901220000e-02 2.205885410000e+00 1.183788290000e-02
3.706011920000e-02 2.206527230000e+00 1.188264970000e-02
3.697901220000e-02 2.206099270000e+00 1.188264970000e-02
3.706011920000e-02 2.206741330000e+00 1.194327050000e-02
3.714122620000e-02 2.206955190000e+00 1.194327050000e-02
3.714122620000e-02 2.207169290000e+00 1.199736350000e-02
3.722233330000e-02 2.207811360000e+00 1.205238700000e-02
3.730344030000e-02 2.207597260000e+00 1.205425240000e-02
3.730344030000e-02 2.208239320000e+00 1.210461460000e-02
3.746565430000e-02 2.208667280000e+00 1.216243860000e-02
3.738454730000e-02 2.208453180000e+00 1.216150540000e-02
3.746565430000e-02 2.209095240000e+00 1.221466620000e-02
3.746565430000e-02 2.209095240000e+00 1.221466620000e-02
3.754676130000e-02 2.209523200000e+00 1.226875930000e-02
3.762786840000e-02 2.210165260000e+00 1.231818740000e-02
3.762786840000e-02 2.209951160000e+00 1.232005380000e-02
3.770897540000e-02 2.210593220000e+00 1.237694270000e-02
3.770897540000e-02 2.210593220000e+00 1.237787590000e-02
3.779008240000e-02 2.211021180000e+00 1.242917030000e-02
3.787118940000e-02 2.211663010000e+00 1.248419560000e-02
3.795228150000e-02 2.211449150000e+00 1.248326250000e-02
3.803338860000e-02 2.212091210000e+00 1.253549010000e-02
3.795228150000e-02 2.212519170000e+00 1.258865000000e-02
3.811449560000e-02 2.212519170000e+00 1.258958320000e-02
3.811449560000e-02 2.212733030000e+00 1.264460850000e-02
3.819560260000e-02 2.212947130000e+00 1.264181080000e-02
3.819560260000e-02 2.213588950000e+00 1.269497070000e-02
3.835781660000e-02 2.213588950000e+00 1.274533200000e-02
3.819560260000e-02 2.213803050000e+00 1.274626520000e-02
3.835781660000e-02 2.214231010000e+00 1.280222370000e-02
3.843892370000e-02 2.215086940000e+00 1.285445130000e-02
3.843892370000e-02 2.214658980000e+00 1.285445130000e-02
3.860113770000e-02 2.215301040000e+00 1.291507110000e-02
3.852003070000e-02 2.215514900000e+00 1.291040700000e-02
3.860113770000e-02 2.215729000000e+00 1.296170150000e-02
3.868224470000e-02 2.216370820000e+00 1.301392910000e-02
3.860113770000e-02 2.216370820000e+00 1.301766000000e-02
3.876335170000e-02 2.216799020000e+00 1.307361850000e-02
3.884445880000e-02 2.216584920000e+00 1.306988760000e-02
3.884445880000e-02 2.217012880000e+00 1.312304750000e-02
3.892556580000e-02 2.217654940000e+00 1.317527520000e-02
3.892556580000e-02 2.217868800000e+00 1.317527520000e-02
3.892556580000e-02 2.218082900000e+00 1.323496270000e-02
3.908777980000e-02 2.218510870000e+00 1.328346130000e-02
3.908777980000e-02 2.218510870000e+00 1.328719030000e-02
3.916888680000e-02 2.218938830000e+00 1.334221570000e-02
3.916888680000e-02 2.218938830000e+00 1.334221570000e-02
3.924999390000e-02 2.219580890000e+00 1.338977930000e-02
3.924999390000e-02 2.220008850000e+00 1.344200600000e-02
