#  J [A] 	 V 	 L [w] 
-8.658319710000e-05 2.734959130000e-04 -2.503812710000e-09
-5.483627320000e-06 2.734959130000e-04 -2.318340190000e-09
-8.658319710000e-05 4.874765870000e-04 -2.411076450000e-09
-8.658319710000e-05 1.343458890000e-03 -2.040198010000e-09
-5.483627320000e-06 1.557439570000e-03 -2.503812710000e-09
-8.658319710000e-05 1.557439570000e-03 -2.411076450000e-09
-8.658319710000e-05 1.557439570000e-03 -2.318340190000e-09
-5.483627320000e-06 1.771420240000e-03 -2.596548980000e-09
-8.658319710000e-05 1.557439570000e-03 -2.411076450000e-09
-8.658319710000e-05 1.557439570000e-03 -2.503812710000e-09
-5.483627320000e-06 1.771420240000e-03 -2.318340190000e-09
-8.658319710000e-05 1.771420240000e-03 -2.225670540000e-09
-8.658319710000e-05 1.557439570000e-03 -2.225670540000e-09
-5.483627320000e-06 1.557439570000e-03 -2.318340190000e-09
-5.483627320000e-06 1.557439570000e-03 -2.225670540000e-09
-5.483627320000e-06 1.771420240000e-03 -2.689285240000e-09
-5.483627320000e-06 1.557439570000e-03 -2.318340190000e-09
-8.658319710000e-05 1.771420240000e-03 -2.318340190000e-09
-8.658319710000e-05 1.557439570000e-03 -2.411076450000e-09
-5.483627320000e-06 1.557439570000e-03 -2.596548980000e-09
-5.483627320000e-06 1.557439570000e-03 -2.132934270000e-09
-5.483627320000e-06 1.557439570000e-03 -1.947461750000e-09
-8.658319710000e-05 1.557439570000e-03 -2.411076450000e-09
-8.658319710000e-05 1.557439570000e-03 -2.318340190000e-09
-8.658319710000e-05 1.557439570000e-03 -2.411076450000e-09
-5.483627320000e-06 1.771420240000e-03 -2.503812710000e-09
-5.483627320000e-06 3.483355050000e-03 -2.411076450000e-09
-5.483627320000e-06 3.483355050000e-03 1.520681540000e-08
7.244795560000e-04 1.853227140000e+00 3.600535480000e-07
7.244795560000e-04 1.861358880000e+00 4.126290210000e-07
7.244795560000e-04 1.866708520000e+00 4.708607260000e-07
8.055865760000e-04 1.870774510000e+00 4.949695270000e-07
8.866861460000e-04 1.870774510000e+00 5.453194940000e-07
9.677931670000e-04 1.874626160000e+00 6.029021050000e-07
9.677931670000e-04 1.878478050000e+00 6.256199190000e-07
1.048900190000e-03 1.878478050000e+00 6.736518120000e-07
1.130007210000e-03 1.881901980000e+00 7.056422080000e-07
1.211114230000e-03 1.881901980000e+00 7.485742230000e-07
1.211114230000e-03 1.885111810000e+00 8.078258130000e-07
1.211114230000e-03 1.887893680000e+00 8.335109100000e-07
1.373328270000e-03 1.887893680000e+00 8.860862980000e-07
1.373328270000e-03 1.890461680000e+00 9.521997410000e-07
1.373328270000e-03 1.893457410000e+00 9.793683380000e-07
1.616649330000e-03 1.893457410000e+00 1.030460230000e-06
1.616649330000e-03 1.896239520000e+00 1.065510560000e-06
1.535542310000e-03 1.895811320000e+00 1.114006070000e-06
1.535542310000e-03 1.898593430000e+00 1.175761330000e-06
1.616649330000e-03 1.900733230000e+00 1.202837320000e-06
1.697756350000e-03 1.900733230000e+00 1.262923550000e-06
1.697756350000e-03 1.902873280000e+00 1.286661360000e-06
1.859962940000e-03 1.903301240000e+00 1.337938670000e-06
1.859962940000e-03 1.903301240000e+00 1.405164880000e-06
2.022176980000e-03 1.907581090000e+00 1.450692930000e-06
2.022176980000e-03 1.907581090000e+00 1.498446750000e-06
1.941069960000e-03 1.909720900000e+00 1.566692840000e-06
2.103284000000e-03 1.909720900000e+00 1.596828500000e-06
2.103284000000e-03 1.911218880000e+00 1.661922060000e-06
2.103284000000e-03 1.913144830000e+00 1.685752640000e-06
2.184391020000e-03 1.913358690000e+00 1.740275250000e-06
2.184391020000e-03 1.913358690000e+00 1.810932080000e-06
2.427712080000e-03 1.916354660000e+00 1.859149620000e-06
2.427712080000e-03 1.916782620000e+00 1.913764890000e-06
2.346605060000e-03 1.918280600000e+00 1.938429930000e-06
2.427712080000e-03 1.918280600000e+00 1.992581930000e-06
2.508819100000e-03 1.919992450000e+00 2.079558500000e-06
2.671025690000e-03 1.921704530000e+00 2.107376080000e-06
2.671025690000e-03 1.922132490000e+00 2.161620840000e-06
2.589926120000e-03 1.922132490000e+00 2.238861040000e-06
2.752132710000e-03 1.925128220000e+00 2.290509430000e-06
2.833239730000e-03 1.925128220000e+00 2.346515660000e-06
2.914346750000e-03 1.926840310000e+00 2.370624540000e-06
2.914346750000e-03 1.926626210000e+00 2.428670540000e-06
2.995453770000e-03 1.928124190000e+00 2.518243720000e-06
2.995453770000e-03 1.929622170000e+00 2.546895980000e-06
2.995453770000e-03 1.930050130000e+00 2.606796900000e-06
3.076560800000e-03 1.930050130000e+00 2.683295410000e-06
3.157667820000e-03 1.932832000000e+00 2.736798020000e-06
3.157667820000e-03 1.932617900000e+00 2.794751480000e-06
3.157667820000e-03 1.933902030000e+00 2.818953130000e-06
3.238774840000e-03 1.933902030000e+00 2.874681290000e-06
3.400988880000e-03 1.935185910000e+00 2.972692070000e-06
3.400988880000e-03 1.936683890000e+00 3.003106260000e-06
3.400988880000e-03 1.937111850000e+00 3.066252480000e-06
3.482095900000e-03 1.937111850000e+00 3.096388350000e-06
3.482095900000e-03 1.938181880000e+00 3.170012630000e-06
3.563195470000e-03 1.939251660000e+00 3.251889210000e-06
3.563195470000e-03 1.940749650000e+00 3.286105080000e-06
3.644302490000e-03 1.941177610000e+00 3.352032990000e-06
3.725409510000e-03 1.942247630000e+00 3.453938690000e-06
3.725409510000e-03 1.943531510000e+00 3.485743260000e-06
3.887623550000e-03 1.943531510000e+00 3.549631630000e-06
3.806516530000e-03 1.943745610000e+00 3.580416210000e-06
3.968730570000e-03 1.944601540000e+00 3.650516870000e-06
3.968730570000e-03 1.945885420000e+00 3.737122820000e-06
4.049837590000e-03 1.947169540000e+00 3.772822080000e-06
4.130944610000e-03 1.947169540000e+00 3.840418690000e-06
4.212051630000e-03 1.948239330000e+00 3.888450920000e-06
4.212051630000e-03 1.948453430000e+00 3.951690360000e-06
4.130944610000e-03 1.949737310000e+00 4.030877790000e-06
4.212051630000e-03 1.950593230000e+00 4.068895580000e-06
4.374265670000e-03 1.950593230000e+00 4.068895580000e-06
4.374265670000e-03 1.951877360000e+00 4.068895580000e-06
4.455365240000e-03 1.952947140000e+00 4.068895580000e-06
4.617579280000e-03 1.952947140000e+00 4.068895580000e-06
4.617579280000e-03 1.954231260000e+00 4.537234420000e-06
4.536472260000e-03 1.954017160000e+00 4.536301280000e-06
4.536472260000e-03 1.955301050000e+00 4.603477920000e-06
4.617579280000e-03 1.955301050000e+00 4.622138480000e-06
4.779793320000e-03 1.956585170000e+00 4.689315120000e-06
4.779793320000e-03 1.957441090000e+00 4.784481920000e-06
4.942007360000e-03 1.958724980000e+00 4.813405670000e-06
4.942007360000e-03 1.958939080000e+00 4.881515450000e-06
5.023114380000e-03 1.959795000000e+00 4.916970280000e-06
5.023114380000e-03 1.959795000000e+00 4.988811720000e-06
5.023114380000e-03 1.960864780000e+00 5.086778400000e-06
5.023114380000e-03 1.960864780000e+00 5.120366500000e-06
5.104221400000e-03 1.961934800000e+00 5.197805880000e-06
5.185328420000e-03 1.962790730000e+00 5.227662770000e-06
5.185328420000e-03 1.963218690000e+00 5.296705240000e-06
5.266435440000e-03 1.963860750000e+00 5.393738770000e-06
5.347535010000e-03 1.964930770000e+00 5.442255310000e-06
5.347535010000e-03 1.965144630000e+00 5.515963040000e-06
5.428642030000e-03 1.966428760000e+00 5.615794630000e-06
5.428642030000e-03 1.966428760000e+00 5.643786150000e-06
5.590856080000e-03 1.967070580000e+00 5.726823470000e-06
5.590856080000e-03 1.968140600000e+00 5.756680370000e-06
5.671963100000e-03 1.968140600000e+00 5.832253920000e-06
5.590856080000e-03 1.968140600000e+00 5.931152830000e-06
5.671963100000e-03 1.970066550000e+00 5.977803080000e-06
5.671963100000e-03 1.970066550000e+00 6.051510810000e-06
5.753070120000e-03 1.971136570000e+00 6.077635590000e-06
5.834177140000e-03 1.971136570000e+00 6.146678520000e-06
5.915284160000e-03 1.971778390000e+00 6.259572730000e-06
5.915284160000e-03 1.972848420000e+00 6.295026650000e-06
5.996391180000e-03 1.973062520000e+00 6.373400540000e-06
5.996391180000e-03 1.973062520000e+00 6.476031100000e-06
6.158605220000e-03 1.974988460000e+00 6.527346610000e-06
6.158605220000e-03 1.974988460000e+00 6.601987930000e-06
6.158605220000e-03 1.974988460000e+00 6.628112710000e-06
6.320811810000e-03 1.975630280000e+00 6.711150040000e-06
6.401918830000e-03 1.976700310000e+00 6.825910990000e-06
6.401918830000e-03 1.977342370000e+00 6.854833370000e-06
6.401918830000e-03 1.977984190000e+00 6.938805200000e-06
6.483025850000e-03 1.977984190000e+00 7.037704110000e-06
6.564132870000e-03 1.979482170000e+00 7.088086480000e-06
6.564132870000e-03 1.979482170000e+00 7.169258420000e-06
6.564132870000e-03 1.980338100000e+00 7.200047550000e-06
6.645239890000e-03 1.980552200000e+00 7.279353670000e-06
6.726346910000e-03 1.981194020000e+00 7.400644790000e-06
6.807453930000e-03 1.982050180000e+00 7.435166480000e-06
6.807453930000e-03 1.982264040000e+00 7.511673630000e-06
6.807453930000e-03 1.983334060000e+00 7.540596930000e-06
6.888560950000e-03 1.983119960000e+00 7.632032070000e-06
6.888560950000e-03 1.983762030000e+00 7.739328790000e-06
6.969667970000e-03 1.984617950000e+00 7.776648090000e-06
7.131874560000e-03 1.984617950000e+00 7.858753630000e-06
7.212981580000e-03 1.985687970000e+00 7.974447730000e-06
7.212981580000e-03 1.986543890000e+00 8.005236850000e-06
7.212981580000e-03 1.986757990000e+00 8.090140910000e-06
7.212981580000e-03 1.986757990000e+00 8.126527970000e-06
7.294088600000e-03 1.987613920000e+00 8.212364260000e-06
7.375195620000e-03 1.988469840000e+00 8.333655390000e-06
7.375195620000e-03 1.989325760000e+00 8.369111130000e-06
7.537409660000e-03 1.989325760000e+00 8.453081140000e-06
7.537409660000e-03 1.989967820000e+00 8.494134820000e-06
7.618516680000e-03 1.989967820000e+00 8.579971110000e-06
7.618516680000e-03 1.990823750000e+00 8.690066350000e-06
7.618516680000e-03 1.991893770000e+00 8.726454330000e-06
7.780730720000e-03 1.991679670000e+00 8.817888560000e-06
7.780730720000e-03 1.992535590000e+00 8.927983800000e-06
7.780730720000e-03 1.993177650000e+00 8.965304000000e-06
7.861837740000e-03 1.993177650000e+00 9.055806910000e-06
7.942944770000e-03 1.994247670000e+00 9.102458530000e-06
7.942944770000e-03 1.994247670000e+00 9.187361680000e-06
7.942944770000e-03 1.995103600000e+00 9.300256350000e-06
8.024044330000e-03 1.995103600000e+00 9.339442840000e-06
8.105151360000e-03 1.995745420000e+00 9.433677410000e-06
8.186258380000e-03 1.996601580000e+00 9.547502490000e-06
8.186258380000e-03 1.997671370000e+00 9.587623940000e-06
8.348472420000e-03 1.997671370000e+00 9.668795430000e-06
8.348472420000e-03 1.998313430000e+00 9.721044080000e-06
8.348472420000e-03 1.998313430000e+00 9.805947230000e-06
8.348472420000e-03 1.999383450000e+00 9.912309910000e-06
8.510686460000e-03 1.999383450000e+00 9.946832510000e-06
8.510686460000e-03 1.999811410000e+00 1.005132890000e-05
8.510686460000e-03 2.000667330000e+00 1.008771600000e-05
8.591793480000e-03 2.000881430000e+00 1.017915200000e-05
8.591793480000e-03 2.000881430000e+00 1.029484610000e-05
8.754007520000e-03 2.002165320000e+00 1.035642440000e-05
8.754007520000e-03 2.002379180000e+00 1.044226160000e-05
8.754007520000e-03 2.003235340000e+00 1.056168730000e-05
8.835114540000e-03 2.003235340000e+00 1.060647170000e-05
8.916214110000e-03 2.003877160000e+00 1.070163850000e-05
8.916214110000e-03 2.004733090000e+00 1.073615930000e-05
8.997321130000e-03 2.004733090000e+00 1.083039390000e-05
8.997321130000e-03 2.005589250000e+00 1.094608800000e-05
9.159535170000e-03 2.006231070000e+00 1.100486770000e-05
9.159535170000e-03 2.006231070000e+00 1.110003450000e-05
9.159535170000e-03 2.007086990000e+00 1.113455710000e-05
9.240642190000e-03 2.007086990000e+00 1.122692450000e-05
9.321749210000e-03 2.007729050000e+00 1.136407630000e-05
9.321749210000e-03 2.008584980000e+00 1.140326280000e-05
9.321749210000e-03 2.008584980000e+00 1.149283160000e-05
9.483963250000e-03 2.008584980000e+00 1.161692310000e-05
9.565070270000e-03 2.010082960000e+00 1.168036850000e-05
9.565070270000e-03 2.010082960000e+00 1.177180180000e-05
9.565070270000e-03 2.010725020000e+00 1.180445720000e-05
9.646177290000e-03 2.010725020000e+00 1.189682550000e-05
9.727284310000e-03 2.011580940000e+00 1.202744720000e-05
9.808383880000e-03 2.012223010000e+00 1.206570140000e-05
9.808383880000e-03 2.012650970000e+00 1.217019690000e-05
9.808383880000e-03 2.012650970000e+00 1.220751890000e-05
9.889490900000e-03 2.013078930000e+00 1.231294940000e-05
9.889490900000e-03 2.013720750000e+00 1.244823490000e-05
1.005170490000e-02 2.014576910000e+00 1.248742140000e-05
1.005170490000e-02 2.014790770000e+00 1.258538940000e-05
1.013281200000e-02 2.015218730000e+00 1.273000630000e-05
1.021391900000e-02 2.016074660000e+00 1.276732560000e-05
1.021391900000e-02 2.016288760000e+00 1.286529100000e-05
1.021391900000e-02 2.016288760000e+00 1.290541240000e-05
1.029502600000e-02 2.016716720000e+00 1.301643810000e-05
1.037613300000e-02 2.017572640000e+00 1.313866320000e-05
1.037613300000e-02 2.018214700000e+00 1.318251540000e-05
1.045724000000e-02 2.018214700000e+00 1.328421420000e-05
1.061945410000e-02 2.018856530000e+00 1.343256280000e-05
1.061945410000e-02 2.019712690000e+00 1.347454780000e-05
1.061945410000e-02 2.019926550000e+00 1.357717970000e-05
1.070055370000e-02 2.019926550000e+00 1.362009700000e-05
1.061945410000e-02 2.020354510000e+00 1.372552740000e-05
1.078166070000e-02 2.021210430000e+00 1.386454640000e-05
1.078166070000e-02 2.021852490000e+00 1.390933080000e-05
1.086276770000e-02 2.021852490000e+00 1.400823110000e-05
1.102498170000e-02 2.022494550000e+00 1.406327740000e-05
1.094387470000e-02 2.022494550000e+00 1.416031050000e-05
1.094387470000e-02 2.023350480000e+00 1.427973620000e-05
1.110608880000e-02 2.023350480000e+00 1.432078900000e-05
1.102498170000e-02 2.023564340000e+00 1.444301420000e-05
1.110608880000e-02 2.024420500000e+00 1.458109820000e-05
1.110608880000e-02 2.025276420000e+00 1.462681670000e-05
1.118719580000e-02 2.025276420000e+00 1.473784600000e-05
1.134940980000e-02 2.025918250000e+00 1.480035640000e-05
1.134940980000e-02 2.025918250000e+00 1.490112120000e-05
1.143051680000e-02 2.027202370000e+00 1.503827300000e-05
1.143051680000e-02 2.027202370000e+00 1.508772310000e-05
1.151162390000e-02 2.027416230000e+00 1.520714890000e-05
1.151162390000e-02 2.028272150000e+00 1.524633540000e-05
1.159272340000e-02 2.028272150000e+00 1.535456430000e-05
1.159272340000e-02 2.028272150000e+00 1.548985160000e-05
1.167383040000e-02 2.029556270000e+00 1.555609380000e-05
1.175493750000e-02 2.029556270000e+00 1.566618990000e-05
1.175493750000e-02 2.030412200000e+00 1.580614120000e-05
1.191715150000e-02 2.030412200000e+00 1.585465910000e-05
1.191715150000e-02 2.030840160000e+00 1.598061500000e-05
1.199825850000e-02 2.031482220000e+00 1.602540030000e-05
1.199825850000e-02 2.031696080000e+00 1.613363020000e-05
1.199825850000e-02 2.032338140000e+00 1.627544770000e-05
1.216047260000e-02 2.033194070000e+00 1.634542240000e-05
1.216047260000e-02 2.032979970000e+00 1.645738300000e-05
1.216047260000e-02 2.033622030000e+00 1.659733430000e-05
1.224157960000e-02 2.033622030000e+00 1.664958470000e-05
1.232268660000e-02 2.034477950000e+00 1.676901050000e-05
1.240379360000e-02 2.034905910000e+00 1.680912830000e-05
1.240379360000e-02 2.034692050000e+00 1.692855400000e-05
1.240379360000e-02 2.035547970000e+00 1.707503720000e-05
1.256600020000e-02 2.036190030000e+00 1.715247710000e-05
1.256600020000e-02 2.036403890000e+00 1.726723710000e-05
1.256600020000e-02 2.036831860000e+00 1.731015620000e-05
1.264710720000e-02 2.037259820000e+00 1.742025230000e-05
1.272821430000e-02 2.037688020000e+00 1.759752190000e-05
1.280932130000e-02 2.038329840000e+00 1.764044280000e-05
1.280932130000e-02 2.038543940000e+00 1.775800050000e-05
1.280932130000e-02 2.038543940000e+00 1.791101570000e-05
1.297153530000e-02 2.039613720000e+00 1.798845550000e-05
1.297153530000e-02 2.039613720000e+00 1.809854980000e-05
1.297153530000e-02 2.040255780000e+00 1.813773630000e-05
1.305264230000e-02 2.040255780000e+00 1.825716210000e-05
1.321485640000e-02 2.040683750000e+00 1.843723290000e-05
1.321485640000e-02 2.041539670000e+00 1.847828570000e-05
1.321485640000e-02 2.041539670000e+00 1.860797420000e-05
1.321485640000e-02 2.042181730000e+00 1.865555710000e-05
1.329596340000e-02 2.042395830000e+00 1.878337930000e-05
1.337706300000e-02 2.042823790000e+00 1.894572600000e-05
1.337706300000e-02 2.043465610000e+00 1.900356980000e-05
1.345817000000e-02 2.043465610000e+00 1.912766130000e-05
1.353927700000e-02 2.044321540000e+00 1.930773400000e-05
1.362038400000e-02 2.044749740000e+00 1.935811630000e-05
1.362038400000e-02 2.044749740000e+00 1.947940650000e-05
1.362038400000e-02 2.044749740000e+00 1.952605630000e-05
1.362038400000e-02 2.045391560000e+00 1.966787570000e-05
1.378259810000e-02 2.046033620000e+00 1.984141450000e-05
1.378259810000e-02 2.046675440000e+00 1.990112830000e-05
1.386370510000e-02 2.046675440000e+00 2.003268310000e-05
1.394481210000e-02 2.047317500000e+00 2.022394980000e-05
1.402591910000e-02 2.047959570000e+00 2.027713160000e-05
1.402591910000e-02 2.048173430000e+00 2.041148400000e-05
1.402591910000e-02 2.048173430000e+00 2.046466580000e-05
1.410702620000e-02 2.048815490000e+00 2.061208220000e-05
1.418813320000e-02 2.049243450000e+00 2.078189030000e-05
1.418813320000e-02 2.050099370000e+00 2.084440170000e-05
1.426923270000e-02 2.050099370000e+00 2.097315880000e-05
1.435033980000e-02 2.050741430000e+00 2.104873240000e-05
1.435033980000e-02 2.050527330000e+00 2.118588420000e-05
1.435033980000e-02 2.051169400000e+00 2.135848990000e-05
1.443144680000e-02 2.051169400000e+00 2.142007000000e-05
1.451255380000e-02 2.051811460000e+00 2.157868040000e-05
1.451255380000e-02 2.052453280000e+00 2.175688680000e-05
1.459366080000e-02 2.053095340000e+00 2.181566560000e-05
1.467476790000e-02 2.053095340000e+00 2.195841810000e-05
1.475587490000e-02 2.053737160000e+00 2.204145490000e-05
1.475587490000e-02 2.053737160000e+00 2.217954170000e-05
1.475587490000e-02 2.054379220000e+00 2.235401550000e-05
1.483698190000e-02 2.054379220000e+00 2.241465880000e-05
1.491808890000e-02 2.055021290000e+00 2.256674090000e-05
1.499919590000e-02 2.055449250000e+00 2.262178900000e-05
1.499919590000e-02 2.055663110000e+00 2.276920350000e-05
1.499919590000e-02 2.055663110000e+00 2.296233650000e-05
1.508030300000e-02 2.056733130000e+00 2.305937050000e-05
1.516140250000e-02 2.056947230000e+00 2.320958450000e-05
1.516140250000e-02 2.057375190000e+00 2.339245480000e-05
1.524250950000e-02 2.057375190000e+00 2.345403480000e-05
1.532361660000e-02 2.058017020000e+00 2.363223940000e-05
1.532361660000e-02 2.058659080000e+00 2.369008510000e-05
1.540472360000e-02 2.058659080000e+00 2.384403340000e-05
1.540472360000e-02 2.058873180000e+00 2.403996400000e-05
1.556693760000e-02 2.059942960000e+00 2.414072880000e-05
1.548583060000e-02 2.059942960000e+00 2.428347940000e-05
1.548583060000e-02 2.060585020000e+00 2.449527530000e-05
1.556693760000e-02 2.061227080000e+00 2.455778670000e-05
1.572915170000e-02 2.061012980000e+00 2.473599120000e-05
1.572915170000e-02 2.061655040000e+00 2.479383870000e-05
1.581025870000e-02 2.061868910000e+00 2.496084740000e-05
1.581025870000e-02 2.061868910000e+00 2.516051060000e-05
1.597247270000e-02 2.062938930000e+00 2.526780740000e-05
1.597247270000e-02 2.062938930000e+00 2.543481610000e-05
1.597247270000e-02 2.063580990000e+00 2.549452800000e-05
1.605357230000e-02 2.063580990000e+00 2.565127580000e-05
1.605357230000e-02 2.064008950000e+00 2.588919230000e-05
1.605357230000e-02 2.064650770000e+00 2.595636940000e-05
1.621578630000e-02 2.064650770000e+00 2.611311540000e-05
1.621578630000e-02 2.064650770000e+00 2.632677390000e-05
1.629689340000e-02 2.065720800000e+00 2.645179850000e-05
1.629689340000e-02 2.065934900000e+00 2.662440420000e-05
1.629689340000e-02 2.066576720000e+00 2.668785050000e-05
1.645910740000e-02 2.066576720000e+00 2.686138940000e-05
1.654021440000e-02 2.067004680000e+00 2.712263270000e-05
1.662132140000e-02 2.067432640000e+00 2.719634180000e-05
1.662132140000e-02 2.067646740000e+00 2.737641260000e-05
1.662132140000e-02 2.067646740000e+00 2.745198620000e-05
1.670242850000e-02 2.068288800000e+00 2.765538190000e-05
1.670242850000e-02 2.068930630000e+00 2.789609970000e-05
1.678353550000e-02 2.069358590000e+00 2.798006970000e-05
1.678353550000e-02 2.069358590000e+00 2.815640800000e-05
1.694574210000e-02 2.070214510000e+00 2.844937440000e-05
1.694574210000e-02 2.070428610000e+00 2.852401490000e-05
1.702684910000e-02 2.070642710000e+00 2.872834380000e-05
1.702684910000e-02 2.070642710000e+00 2.879831850000e-05
1.710795610000e-02 2.071284530000e+00 2.902131020000e-05
1.710795610000e-02 2.071926590000e+00 2.927228890000e-05
1.718906310000e-02 2.072354560000e+00 2.935719390000e-05
1.727017020000e-02 2.072354560000e+00 2.956059140000e-05
1.735127720000e-02 2.072996620000e+00 2.986288560000e-05
1.743238420000e-02 2.073424580000e+00 2.994125860000e-05
1.743238420000e-02 2.073638440000e+00 3.015585390000e-05
1.735127720000e-02 2.073638440000e+00 3.023422690000e-05
1.751349120000e-02 2.073852540000e+00 3.045534870000e-05
1.759459820000e-02 2.074494360000e+00 3.073992050000e-05
1.759459820000e-02 2.075350520000e+00 3.083975030000e-05
1.759459820000e-02 2.075350520000e+00 3.105807260000e-05
1.775681230000e-02 2.075992350000e+00 3.118869790000e-05
1.783791180000e-02 2.075564380000e+00 3.141448180000e-05
1.783791180000e-02 2.076420310000e+00 3.168506010000e-05
1.783791180000e-02 2.076420310000e+00 3.178395490000e-05
1.783791180000e-02 2.076634410000e+00 3.204799580000e-05
1.800012590000e-02 2.077276470000e+00 3.235402620000e-05
1.800012590000e-02 2.077918290000e+00 3.246038610000e-05
1.808123290000e-02 2.078132390000e+00 3.270203890000e-05
1.816233990000e-02 2.078560350000e+00 3.284385820000e-05
1.808123290000e-02 2.078774210000e+00 3.307431330000e-05
1.808123290000e-02 2.079416280000e+00 3.338593890000e-05
1.816233990000e-02 2.079416280000e+00 3.349882900000e-05
1.832455400000e-02 2.079844240000e+00 3.378339900000e-05
1.832455400000e-02 2.080272200000e+00 3.388043110000e-05
1.840566100000e-02 2.080700160000e+00 3.415100580000e-05
1.840566100000e-02 2.080700160000e+00 3.447102790000e-05
1.848676800000e-02 2.081556080000e+00 3.464643310000e-05
1.856787500000e-02 2.081556080000e+00 3.491420650000e-05
1.856787500000e-02 2.081984280000e+00 3.525568900000e-05
1.864898200000e-02 2.081984280000e+00 3.538164670000e-05
1.864898200000e-02 2.082626100000e+00 3.570073750000e-05
1.864898200000e-02 2.083054070000e+00 3.580989870000e-05
1.881118860000e-02 2.083696130000e+00 3.610006390000e-05
1.881118860000e-02 2.083696130000e+00 3.648073470000e-05
1.897340270000e-02 2.084338190000e+00 3.670279330000e-05
1.897340270000e-02 2.084124090000e+00 3.700322120000e-05
1.889229570000e-02 2.084766150000e+00 3.739788370000e-05
1.905450970000e-02 2.084766150000e+00 3.754436690000e-05
1.913561670000e-02 2.085622070000e+00 3.790450860000e-05
1.913561670000e-02 2.086050030000e+00 3.802579890000e-05
1.913561670000e-02 2.085835930000e+00 3.836168620000e-05
1.913561670000e-02 2.085835930000e+00 3.879273570000e-05
1.937893780000e-02 2.087120060000e+00 3.903811380000e-05
1.937893780000e-02 2.087333920000e+00 3.938053120000e-05
1.929783080000e-02 2.087761880000e+00 3.951301910000e-05
1.946004480000e-02 2.087761880000e+00 3.984517390000e-05
1.954115180000e-02 2.088189840000e+00 4.038725090000e-05
1.962225880000e-02 2.088617800000e+00 4.055239330000e-05
1.962225880000e-02 2.089046000000e+00 4.094332690000e-05
1.962225880000e-02 2.089473960000e+00 4.094332690000e-05
1.970336590000e-02 2.090115790000e+00 4.094332690000e-05
1.970336590000e-02 2.090115790000e+00 4.094332690000e-05
1.978447290000e-02 2.090115790000e+00 4.094332690000e-05
1.978447290000e-02 2.090329890000e+00 4.420796900000e-05
1.994668690000e-02 2.091185810000e+00 4.388146410000e-05
2.002779390000e-02 2.091399910000e+00 4.395610090000e-05
2.002779390000e-02 2.091613770000e+00 4.433856520000e-05
1.994668690000e-02 2.091613770000e+00 4.448782060000e-05
2.010888610000e-02 2.092255830000e+00 4.490760330000e-05
2.010888610000e-02 2.092683790000e+00 4.557926880000e-05
2.018999310000e-02 2.092683790000e+00 4.578449080000e-05
2.027110010000e-02 2.093325610000e+00 4.629755860000e-05
2.035220710000e-02 2.093753810000e+00 4.709049240000e-05
2.035220710000e-02 2.094395640000e+00 4.727706250000e-05
2.043331410000e-02 2.094609740000e+00 4.786475620000e-05
2.043331410000e-02 2.094609740000e+00 4.806998910000e-05
2.059552820000e-02 2.095037700000e+00 4.874164370000e-05
2.059552820000e-02 2.095465660000e+00 4.955322220000e-05
2.059552820000e-02 2.095893620000e+00 4.985173650000e-05
2.059552820000e-02 2.095893620000e+00 5.051406330000e-05
2.075774220000e-02 2.096535680000e+00 5.146557670000e-05
2.083884920000e-02 2.097177510000e+00 5.172677270000e-05
2.083884920000e-02 2.097177510000e+00 5.251970650000e-05
2.083884920000e-02 2.097605470000e+00 5.279955800000e-05
2.091995630000e-02 2.097605470000e+00 5.364845490000e-05
2.091995630000e-02 2.098033430000e+00 5.482385680000e-05
2.091995630000e-02 2.098675490000e+00 5.516900640000e-05
2.100106330000e-02 2.098675490000e+00 5.602724200000e-05
2.116327730000e-02 2.099103450000e+00 5.647500800000e-05
2.116327730000e-02 2.099317550000e+00 5.746383980000e-05
2.116327730000e-02 2.099959370000e+00 5.875117490000e-05
2.116327730000e-02 2.099959370000e+00 5.918961320000e-05
2.132549140000e-02 2.100387330000e+00 6.043964460000e-05
2.132549140000e-02 2.101029400000e+00 6.186691460000e-05
2.140659840000e-02 2.101243500000e+00 6.232400480000e-05
2.140659840000e-02 2.101243500000e+00 6.379792470000e-05
2.148770540000e-02 2.101885320000e+00 6.450688670000e-05
2.148770540000e-02 2.101885320000e+00 6.594348820000e-05
2.156881240000e-02 2.102527380000e+00 6.810770720000e-05
2.164991950000e-02 2.102527380000e+00 6.879802090000e-05
2.173102650000e-02 2.102955340000e+00 7.071970320000e-05
2.173102650000e-02 2.103597400000e+00 7.139135410000e-05
2.181213350000e-02 2.103597400000e+00 7.357424330000e-05
2.173102650000e-02 2.103597400000e+00 7.656870000000e-05
2.189322560000e-02 2.104453330000e+00 7.807059590000e-05
2.189322560000e-02 2.104453330000e+00 8.076654920000e-05
2.189322560000e-02 2.105309250000e+00 8.456326760000e-05
2.205543970000e-02 2.105309250000e+00 8.586927290000e-05
2.213654670000e-02 2.105737210000e+00 9.012308150000e-05
2.213654670000e-02 2.106165170000e+00 9.173692520000e-05
2.213654670000e-02 2.106165170000e+00 9.642917580000e-05
2.221765370000e-02 2.106165170000e+00 1.035468740000e-04
2.237986770000e-02 2.107235190000e+00 1.073902390000e-04
2.229876070000e-02 2.107021090000e+00 1.142280600000e-04
2.237986770000e-02 2.107663150000e+00 1.255715760000e-04
2.237986770000e-02 2.108305220000e+00 1.300212900000e-04
2.246097480000e-02 2.108091120000e+00 1.425868400000e-04
2.262318880000e-02 2.108733180000e+00 1.475962780000e-04
2.262318880000e-02 2.108947040000e+00 1.624473230000e-04
2.262318880000e-02 2.108947040000e+00 1.850224070000e-04
2.278540280000e-02 2.109803200000e+00 1.991085300000e-04
2.278540280000e-02 2.109589100000e+00 2.215250420000e-04
2.286650990000e-02 2.110017060000e+00 2.311614230000e-04
2.286650990000e-02 2.110231160000e+00 2.563671730000e-04
2.286650990000e-02 2.110659120000e+00 2.996702680000e-04
2.286650990000e-02 2.111087080000e+00 3.133459540000e-04
2.302872390000e-02 2.111087080000e+00 3.425069740000e-04
2.302872390000e-02 2.111300950000e+00 3.832074290000e-04
2.310983090000e-02 2.111943010000e+00 4.098870850000e-04
2.310983090000e-02 2.111943010000e+00 4.098870850000e-04
2.310983090000e-02 2.112370970000e+00 4.098870850000e-04
2.319093790000e-02 2.112370970000e+00 4.098870850000e-04
2.327204500000e-02 2.113013030000e+00 4.098870850000e-04
2.335315200000e-02 2.113440990000e+00 5.574344540000e-04
2.335315200000e-02 2.113440990000e+00 5.905383150000e-04
2.335315200000e-02 2.113440990000e+00 6.028821230000e-04
2.351536600000e-02 2.113868950000e+00 6.379497940000e-04
2.351536600000e-02 2.114082810000e+00 6.845194730000e-04
2.351536600000e-02 2.114724870000e+00 6.987336090000e-04
2.359647300000e-02 2.114724870000e+00 7.332401000000e-04
2.367756520000e-02 2.115152840000e+00 7.830829130000e-04
2.383977920000e-02 2.115580800000e+00 7.972033350000e-04
2.383977920000e-02 2.115580800000e+00 8.319903860000e-04
2.383977920000e-02 2.115580800000e+00 8.454564380000e-04
2.383977920000e-02 2.116222860000e+00 8.810851140000e-04
2.392088620000e-02 2.116222860000e+00 9.260651420000e-04
2.392088620000e-02 2.117078780000e+00 9.412143850000e-04
2.408310030000e-02 2.117078780000e+00 9.781521510000e-04
2.416420730000e-02 2.117506740000e+00 1.031548480000e-03
2.416420730000e-02 2.117934700000e+00 1.046136600000e-03
2.416420730000e-02 2.117934700000e+00 1.082419880000e-03
2.424531430000e-02 2.117934700000e+00 1.095979470000e-03
2.432642130000e-02 2.118576770000e+00 1.133010720000e-03
2.432642130000e-02 2.118790630000e+00 1.179487210000e-03
2.432642130000e-02 2.119432690000e+00 1.196693630000e-03
2.448863540000e-02 2.119432690000e+00 1.232602750000e-03
2.456974240000e-02 2.119860650000e+00 1.252334100000e-03
2.456974240000e-02 2.119860650000e+00 1.285905480000e-03
2.456974240000e-02 2.120502710000e+00 1.328641200000e-03
2.465084940000e-02 2.120502710000e+00 1.344631890000e-03
2.473195640000e-02 2.120716570000e+00 1.384281900000e-03
2.473195640000e-02 2.120930670000e+00 1.431225800000e-03
2.481306340000e-02 2.121572730000e+00 1.447496940000e-03
2.489417050000e-02 2.121572730000e+00 1.482471130000e-03
2.489417050000e-02 2.122000690000e+00 1.503418080000e-03
2.489417050000e-02 2.122000690000e+00 1.536054420000e-03
2.489417050000e-02 2.122428660000e+00 1.579912260000e-03
2.505638450000e-02 2.122428660000e+00 1.596838350000e-03
2.513749150000e-02 2.122856620000e+00 1.635272520000e-03
2.521859850000e-02 2.123284580000e+00 1.648644800000e-03
2.521859850000e-02 2.123498440000e+00 1.683899670000e-03
2.521859850000e-02 2.123498440000e+00 1.725793470000e-03
2.538081260000e-02 2.124354600000e+00 1.748143350000e-03
2.538081260000e-02 2.124354600000e+00 1.784333140000e-03
2.529970560000e-02 2.124782560000e+00 1.828658510000e-03
2.546190470000e-02 2.124782560000e+00 1.845304040000e-03
2.546190470000e-02 2.125210520000e+00 1.884673370000e-03
2.562411870000e-02 2.125852350000e+00 1.898700140000e-03
2.554301170000e-02 2.125638480000e+00 1.932832650000e-03
2.554301170000e-02 2.126280550000e+00 1.977532400000e-03
2.578633280000e-02 2.126708510000e+00 2.003342150000e-03
2.570522580000e-02 2.126708510000e+00 2.036445770000e-03
2.570522580000e-02 2.127136470000e+00 2.079742490000e-03
2.586743980000e-02 2.127136470000e+00 2.096668580000e-03
2.594854680000e-02 2.127564430000e+00 2.134260950000e-03
2.594854680000e-02 2.127992390000e+00 2.146604700000e-03
2.594854680000e-02 2.127992390000e+00 2.182701140000e-03
2.602965380000e-02 2.127992390000e+00 2.227213470000e-03
2.619186790000e-02 2.128634450000e+00 2.252275360000e-03
2.611076090000e-02 2.129062410000e+00 2.286594590000e-03
2.611076090000e-02 2.129276280000e+00 2.299780030000e-03
2.619186790000e-02 2.129276280000e+00 2.332883890000e-03
2.627297490000e-02 2.129918340000e+00 2.384410010000e-03
2.643518890000e-02 2.130132200000e+00 2.399091610000e-03
2.643518890000e-02 2.130346300000e+00 2.433224120000e-03
2.643518890000e-02 2.130346300000e+00 2.478858690000e-03
2.651629600000e-02 2.131202220000e+00 2.503359460000e-03
2.659740300000e-02 2.131202220000e+00 2.534592990000e-03
2.659740300000e-02 2.131416320000e+00 2.545627300000e-03
2.659740300000e-02 2.131416320000e+00 2.582097660000e-03
2.667851000000e-02 2.132058140000e+00 2.634745790000e-03
2.675961700000e-02 2.132486100000e+00 2.649427620000e-03
2.684072410000e-02 2.132486100000e+00 2.685710790000e-03
2.684072410000e-02 2.133128170000e+00 2.700579590000e-03
2.684072410000e-02 2.132914070000e+00 2.738171960000e-03
2.684072410000e-02 2.133556130000e+00 2.784554610000e-03
2.692183110000e-02 2.133770230000e+00 2.801106540000e-03
2.700293810000e-02 2.133984090000e+00 2.837296340000e-03
2.716515210000e-02 2.134412050000e+00 2.889944470000e-03
2.716515210000e-02 2.134840010000e+00 2.904626080000e-03
2.716515210000e-02 2.134626150000e+00 2.938104090000e-03
2.716515210000e-02 2.134626150000e+00 2.952411540000e-03
2.732735130000e-02 2.135267970000e+00 2.991219520000e-03
2.732735130000e-02 2.135696170000e+00 3.037508810000e-03
2.732735130000e-02 2.136338000000e+00 3.054434900000e-03
2.740845830000e-02 2.136338000000e+00 3.089783250000e-03
2.748956530000e-02 2.136552100000e+00 3.142431380000e-03
2.748956530000e-02 2.136980060000e+00 3.155897140000e-03
2.757067230000e-02 2.136980060000e+00 3.192554460000e-03
2.757067230000e-02 2.136980060000e+00 3.206581580000e-03
2.765177940000e-02 2.137621880000e+00 3.244828430000e-03
2.765177940000e-02 2.138050080000e+00 3.289621560000e-03
2.773288640000e-02 2.138478040000e+00 3.305705960000e-03
2.781399340000e-02 2.138478040000e+00 3.339557910000e-03
2.789510040000e-02 2.138906000000e+00 3.358634650000e-03
2.797620740000e-02 2.138906000000e+00 3.395011420000e-03
2.797620740000e-02 2.139333960000e+00 3.438962860000e-03
2.797620740000e-02 2.139975790000e+00 3.455982310000e-03
2.813842150000e-02 2.139761920000e+00 3.495819170000e-03
2.813842150000e-02 2.140403990000e+00 3.540518460000e-03
2.813842150000e-02 2.140831950000e+00 3.556228940000e-03
2.821952850000e-02 2.140831950000e+00 3.592231780000e-03
2.838174250000e-02 2.141259910000e+00 3.613272220000e-03
2.838174250000e-02 2.141259910000e+00 3.648152810000e-03
2.830063550000e-02 2.141687870000e+00 3.691262800000e-03
2.838174250000e-02 2.141687870000e+00 3.706785850000e-03
2.846284960000e-02 2.141901730000e+00 3.744752380000e-03
2.854395660000e-02 2.142329930000e+00 3.758031180000e-03
2.854395660000e-02 2.142329930000e+00 3.794501540000e-03
2.862506360000e-02 2.142329930000e+00 3.840603870000e-03
2.870617060000e-02 2.143399720000e+00 3.864356320000e-03
2.870617060000e-02 2.143399720000e+00 3.899050180000e-03
2.870617060000e-02 2.144041780000e+00 3.940850500000e-03
2.886838470000e-02 2.144041780000e+00 3.956934900000e-03
2.886838470000e-02 2.144469740000e+00 3.997239280000e-03
2.894949170000e-02 2.144683840000e+00 4.010611680000e-03
2.903058380000e-02 2.144683840000e+00 4.045211710000e-03
2.903058380000e-02 2.145111800000e+00 4.090191800000e-03
2.911169080000e-02 2.145753620000e+00 4.114598970000e-03
2.911169080000e-02 2.145539760000e+00 4.114598970000e-03
2.911169080000e-02 2.146181580000e+00 4.114598970000e-03
2.919279780000e-02 2.146181580000e+00 4.114598970000e-03
2.927390490000e-02 2.146609540000e+00 4.114598970000e-03
2.927390490000e-02 2.147037740000e+00 4.401086830000e-03
2.935501190000e-02 2.147037740000e+00 4.385231990000e-03
2.935501190000e-02 2.147251610000e+00 4.409479910000e-03
2.959833290000e-02 2.147893670000e+00 4.405749960000e-03
2.951722590000e-02 2.147893670000e+00 4.443055020000e-03
2.951722590000e-02 2.148535490000e+00 4.451448560000e-03
2.959833290000e-02 2.148535490000e+00 4.484090950000e-03
2.976054700000e-02 2.148963450000e+00 4.531654990000e-03
2.976054700000e-02 2.149391650000e+00 4.549375270000e-03
2.976054700000e-02 2.149391650000e+00 4.578286320000e-03
2.984165400000e-02 2.149391650000e+00 4.623052200000e-03
2.992276100000e-02 2.150247570000e+00 4.639839750000e-03
2.992276100000e-02 2.150247570000e+00 4.680875220000e-03
3.000386800000e-02 2.150675540000e+00 4.689269700000e-03
3.000386800000e-02 2.150675540000e+00 4.723776600000e-03
3.016608210000e-02 2.151317360000e+00 4.772273820000e-03
3.016608210000e-02 2.151531460000e+00 4.786262750000e-03
3.016608210000e-02 2.151531460000e+00 4.824501000000e-03
3.016608210000e-02 2.151959420000e+00 4.837557210000e-03
3.024718910000e-02 2.152173520000e+00 4.873930010000e-03
3.040940310000e-02 2.152601480000e+00 4.926157180000e-03
3.040940310000e-02 2.153029440000e+00 4.940147510000e-03
3.040940310000e-02 2.153029440000e+00 4.977452570000e-03
3.049051020000e-02 2.153457400000e+00 5.024084360000e-03
3.057161720000e-02 2.153885360000e+00 5.039938730000e-03
3.057161720000e-02 2.153885360000e+00 5.079108760000e-03
3.057161720000e-02 2.153885360000e+00 5.091233180000e-03
3.073383120000e-02 2.154313330000e+00 5.131335930000e-03
3.073383120000e-02 2.154955390000e+00 5.178900440000e-03
3.089603040000e-02 2.155383350000e+00 5.195687990000e-03
3.089603040000e-02 2.155383350000e+00 5.232060330000e-03
3.089603040000e-02 2.155597210000e+00 5.249781070000e-03
3.089603040000e-02 2.155597210000e+00 5.287085190000e-03
3.097713740000e-02 2.156239270000e+00 5.330919290000e-03
3.097713740000e-02 2.156667230000e+00 5.348639560000e-03
3.105824440000e-02 2.156667230000e+00 5.385012370000e-03
3.113935140000e-02 2.157095190000e+00 5.434440910000e-03
3.122045840000e-02 2.157737260000e+00 5.448431240000e-03
3.122045840000e-02 2.157523160000e+00 5.486668090000e-03
3.130156550000e-02 2.158165220000e+00 5.502522920000e-03
3.138267250000e-02 2.157951120000e+00 5.542627070000e-03
3.138267250000e-02 2.158593180000e+00 5.588325670000e-03
3.146377950000e-02 2.158593180000e+00 5.600450090000e-03
3.146377950000e-02 2.159021140000e+00 5.638686940000e-03
3.162599350000e-02 2.159449100000e+00 5.689981390000e-03
3.162599350000e-02 2.159877060000e+00 5.703039000000e-03
3.162599350000e-02 2.159877060000e+00 5.739411340000e-03
3.178820760000e-02 2.160519120000e+00 5.758996590000e-03
3.186931460000e-02 2.160305020000e+00 5.789773070000e-03
3.178820760000e-02 2.160732980000e+00 5.838270300000e-03
3.178820760000e-02 2.161375050000e+00 5.852259230000e-03
3.186931460000e-02 2.161375050000e+00 5.891430190000e-03
3.195042160000e-02 2.161589150000e+00 5.903555080000e-03
3.203152870000e-02 2.161589150000e+00 5.940859210000e-03
3.203152870000e-02 2.162230970000e+00 5.989356430000e-03
3.211263570000e-02 2.162658930000e+00 6.010806650000e-03
3.211263570000e-02 2.162658930000e+00 6.044382230000e-03
3.211263570000e-02 2.163300990000e+00 6.092878060000e-03
3.227484970000e-02 2.163300990000e+00 6.107800170000e-03
3.235595670000e-02 2.163515090000e+00 6.146971140000e-03
3.235595670000e-02 2.164156910000e+00 6.160028280000e-03
3.235595670000e-02 2.163943050000e+00 6.194535180000e-03
3.235595670000e-02 2.163943050000e+00 6.243032400000e-03
3.259926290000e-02 2.164798970000e+00 6.263549910000e-03
3.251817080000e-02 2.164798970000e+00 6.300855430000e-03
3.251817080000e-02 2.165226940000e+00 6.316710260000e-03
3.259926290000e-02 2.165226940000e+00 6.352149880000e-03
3.276147690000e-02 2.165869000000e+00 6.397848480000e-03
3.276147690000e-02 2.166082860000e+00 6.415568760000e-03
3.276147690000e-02 2.166082860000e+00 6.451008840000e-03
3.276147690000e-02 2.166724920000e+00 6.498572880000e-03
3.292369100000e-02 2.167366740000e+00 6.519090850000e-03
3.292369100000e-02 2.167152880000e+00 6.552664560000e-03
3.300479800000e-02 2.167580840000e+00 6.565722170000e-03
3.300479800000e-02 2.167580840000e+00 6.596498660000e-03
3.316701200000e-02 2.168222900000e+00 6.650591730000e-03
3.316701200000e-02 2.168436770000e+00 6.662715230000e-03
3.316701200000e-02 2.168436770000e+00 6.702818910000e-03
3.316701200000e-02 2.168436770000e+00 6.750383410000e-03
3.341033310000e-02 2.169506790000e+00 6.769968200000e-03
3.341033310000e-02 2.169506790000e+00 6.805407810000e-03
3.341033310000e-02 2.169720650000e+00 6.815666800000e-03
3.349144010000e-02 2.169720650000e+00 6.853905040000e-03
3.349144010000e-02 2.170148610000e+00 6.904266770000e-03
3.349144010000e-02 2.170790670000e+00 6.919188890000e-03
3.357254710000e-02 2.170790670000e+00 6.954629440000e-03
3.365365420000e-02 2.170790670000e+00 6.964888420000e-03
3.373476120000e-02 2.171218630000e+00 7.003125270000e-03
3.373476120000e-02 2.171646600000e+00 7.050689780000e-03
3.373476120000e-02 2.172074560000e+00 7.068410050000e-03
3.381586820000e-02 2.172074560000e+00 7.103849670000e-03
3.389697520000e-02 2.172288660000e+00 7.155144120000e-03
3.397808220000e-02 2.172930720000e+00 7.170066240000e-03
3.397808220000e-02 2.173144580000e+00 7.204574070000e-03
3.397808220000e-02 2.173358680000e+00 7.216697560000e-03
3.405918930000e-02 2.173358680000e+00 7.256801710000e-03
3.422140330000e-02 2.173786640000e+00 7.302500310000e-03
3.422140330000e-02 2.174214600000e+00 7.317421960000e-03
3.422140330000e-02 2.174214600000e+00 7.353794760000e-03
3.430251030000e-02 2.174856420000e+00 7.370582320000e-03
3.430251030000e-02 2.174856420000e+00 7.405089210000e-03
3.438360240000e-02 2.175070520000e+00 7.453585970000e-03
3.438360240000e-02 2.175712590000e+00 7.468508090000e-03
3.446470950000e-02 2.175712590000e+00 7.510476280000e-03
3.454581650000e-02 2.176140550000e+00 7.558040790000e-03
3.462692350000e-02 2.176782370000e+00 7.574828340000e-03
3.462692350000e-02 2.176568510000e+00 7.608403450000e-03
3.470803050000e-02 2.176996470000e+00 7.627055510000e-03
3.470803050000e-02 2.176996470000e+00 7.661562410000e-03
3.478913750000e-02 2.177638530000e+00 7.707262410000e-03
3.478913750000e-02 2.177638530000e+00 7.727779910000e-03
3.487024460000e-02 2.178066490000e+00 7.763219530000e-03
3.503245860000e-02 2.178494450000e+00 7.807053630000e-03
3.503245860000e-02 2.178922410000e+00 7.817313080000e-03
3.503245860000e-02 2.178922410000e+00 7.858348080000e-03
3.519467260000e-02 2.179350380000e+00 7.877000610000e-03
3.511356560000e-02 2.179350380000e+00 7.915238850000e-03
3.527577970000e-02 2.179992440000e+00 7.960936990000e-03
3.527577970000e-02 2.180206300000e+00 7.975859570000e-03
3.535688670000e-02 2.180420400000e+00 8.010366930000e-03
3.535688670000e-02 2.180634260000e+00 8.026221770000e-03
3.535688670000e-02 2.180848360000e+00 8.061661380000e-03
3.543799370000e-02 2.180848360000e+00 8.108292710000e-03
3.560020770000e-02 2.181490180000e+00 8.128810670000e-03
3.551910070000e-02 2.181704280000e+00 8.164250290000e-03
3.568131480000e-02 2.181918380000e+00 8.209950290000e-03
3.568131480000e-02 2.182560210000e+00 8.221141060000e-03
3.576242180000e-02 2.182560210000e+00 8.258446120000e-03
3.576242180000e-02 2.182774310000e+00 8.273367770000e-03
3.576242180000e-02 2.182988170000e+00 8.310673760000e-03
3.584352880000e-02 2.182988170000e+00 8.360103700000e-03
3.600574280000e-02 2.184058190000e+00 8.377823050000e-03
3.600574280000e-02 2.183630230000e+00 8.412330410000e-03
3.600574280000e-02 2.184486150000e+00 8.426319810000e-03
3.600574280000e-02 2.184486150000e+00 8.461759430000e-03
3.608684990000e-02 2.184914110000e+00 8.510256190000e-03
3.608684990000e-02 2.185342070000e+00 8.523314260000e-03
3.616794200000e-02 2.185342070000e+00 8.563417010000e-03
3.616794200000e-02 2.185342070000e+00 8.605385200000e-03
3.633015600000e-02 2.186198000000e+00 8.626835420000e-03
3.633015600000e-02 2.186198000000e+00 8.665072730000e-03
3.633015600000e-02 2.186626200000e+00 8.679063060000e-03
3.641126300000e-02 2.186626200000e+00 8.712637240000e-03
3.649237010000e-02 2.187268020000e+00 8.767662570000e-03
3.649237010000e-02 2.187482120000e+00 8.776056580000e-03
3.657347710000e-02 2.187482120000e+00 8.811496200000e-03
3.665458410000e-02 2.188123940000e+00 8.860926140000e-03
3.673569110000e-02 2.188338040000e+00 8.878646420000e-03
3.673569110000e-02 2.188338040000e+00 8.913152850000e-03
3.673569110000e-02 2.188551900000e+00 8.928075430000e-03
3.681679820000e-02 2.188551900000e+00 8.963515050000e-03
3.697901220000e-02 2.189621930000e+00 9.007348680000e-03
3.697901220000e-02 2.189408060000e+00 9.019473570000e-03
3.697901220000e-02 2.189621930000e+00 9.057709950000e-03
3.706011920000e-02 2.189621930000e+00 9.070768020000e-03
3.714122620000e-02 2.190263990000e+00 9.111803030000e-03
3.714122620000e-02 2.190691950000e+00 9.160300720000e-03
3.714122620000e-02 2.191119910000e+00 9.175221440000e-03
3.730344030000e-02 2.191119910000e+00 9.205998850000e-03
3.730344030000e-02 2.191547870000e+00 9.260091000000e-03
3.730344030000e-02 2.192189930000e+00 9.276878090000e-03
3.746565430000e-02 2.192189930000e+00 9.310453200000e-03
3.738454730000e-02 2.192189930000e+00 9.324443530000e-03
3.746565430000e-02 2.192403790000e+00 9.365478530000e-03
3.754676130000e-02 2.192831750000e+00 9.411178530000e-03
3.754676130000e-02 2.193473820000e+00 9.424233810000e-03
3.754676130000e-02 2.193259720000e+00 9.460607540000e-03
3.770897540000e-02 2.193901780000e+00 9.478326890000e-03
3.779008240000e-02 2.193687920000e+00 9.514700620000e-03
3.779008240000e-02 2.194329740000e+00 9.560397830000e-03
3.779008240000e-02 2.194329740000e+00 9.575320410000e-03
3.787118940000e-02 2.194757700000e+00 9.610761890000e-03
3.795228150000e-02 2.194971800000e+00 9.659257720000e-03
3.795228150000e-02 2.195613620000e+00 9.673248050000e-03
3.811449560000e-02 2.195613620000e+00 9.707753550000e-03
3.811449560000e-02 2.196041820000e+00 9.725474750000e-03
3.811449560000e-02 2.196041820000e+00 9.761846620000e-03
3.811449560000e-02 2.196469780000e+00 9.805680250000e-03
3.819560260000e-02 2.196469780000e+00 9.817805140000e-03
3.827670960000e-02 2.196897750000e+00 9.856974710000e-03
3.843892370000e-02 2.197325710000e+00 9.908269160000e-03
3.852003070000e-02 2.197753670000e+00 9.921327230000e-03
3.852003070000e-02 2.197753670000e+00 9.958631360000e-03
3.852003070000e-02 2.198181630000e+00 9.976352560000e-03
3.852003070000e-02 2.198395730000e+00 1.000712910000e-02
3.852003070000e-02 2.198823690000e+00 1.005189400000e-02
3.860113770000e-02 2.198823690000e+00 1.006961520000e-02
3.868224470000e-02 2.199251650000e+00 1.010785250000e-02
3.876335170000e-02 2.199679610000e+00 1.011997740000e-02
3.876335170000e-02 2.199465510000e+00 1.015634830000e-02
3.876335170000e-02 2.199465510000e+00 1.020391380000e-02
3.892556580000e-02 2.200321440000e+00 1.021883450000e-02
3.892556580000e-02 2.200535540000e+00 1.025520820000e-02
3.892556580000e-02 2.201177600000e+00 1.029997510000e-02
3.908777980000e-02 2.201177600000e+00 1.031582900000e-02
3.908777980000e-02 2.201391460000e+00 1.035406630000e-02
3.924999390000e-02 2.201819420000e+00 1.036619120000e-02
3.924999390000e-02 2.202033520000e+00 1.040069850000e-02
3.924999390000e-02 2.202033520000e+00 1.044639850000e-02
