#  J [A] 	 V 	 L [w] 
-8.658319710000e-05 2.734959130000e-04 -2.503812710000e-09
-8.658319710000e-05 4.874765870000e-04 -2.596548980000e-09
-5.483627320000e-06 4.874765870000e-04 -2.596548980000e-09
-5.483627320000e-06 7.014572620000e-04 -2.782021500000e-09
-8.658319710000e-05 1.557439570000e-03 -2.967427410000e-09
-5.483627320000e-06 1.557439570000e-03 -2.689285240000e-09
-5.483627320000e-06 1.771420240000e-03 -2.874757770000e-09
-8.658319710000e-05 1.557439570000e-03 -2.596548980000e-09
-5.483627320000e-06 1.557439570000e-03 -2.503812710000e-09
-8.658319710000e-05 1.557439570000e-03 -2.689285240000e-09
-5.483627320000e-06 1.557439570000e-03 -2.596548980000e-09
-5.483627320000e-06 1.557439570000e-03 -2.596548980000e-09
-8.658319710000e-05 1.557439570000e-03 -2.596548980000e-09
-8.658319710000e-05 1.557439570000e-03 -2.874757770000e-09
-5.483627320000e-06 1.557439570000e-03 -2.689285240000e-09
-5.483627320000e-06 1.557439570000e-03 -2.874757770000e-09
-8.658319710000e-05 1.557439570000e-03 -2.596548980000e-09
-8.658319710000e-05 1.557439570000e-03 -2.689285240000e-09
-5.483627320000e-06 1.771420240000e-03 -2.689285240000e-09
-8.658319710000e-05 1.343458890000e-03 -2.689285240000e-09
-8.658319710000e-05 1.771420240000e-03 -2.782021500000e-09
-5.483627320000e-06 1.771420240000e-03 -2.689285240000e-09
-5.483627320000e-06 1.557439570000e-03 -2.503812710000e-09
-8.658319710000e-05 1.557439570000e-03 -2.689285240000e-09
-5.483627320000e-06 1.557439570000e-03 -2.874757770000e-09
-5.483627320000e-06 1.557439570000e-03 -2.689285240000e-09
-8.658319710000e-05 1.557439570000e-03 -2.503812710000e-09
7.562339310000e-05 1.156149800000e-01 -1.761989220000e-09
7.244795560000e-04 1.826692100000e+00 2.595389790000e-07
7.244795560000e-04 1.837391610000e+00 3.002455170000e-07
8.055865760000e-04 1.843597410000e+00 3.451247610000e-07
8.866861460000e-04 1.843597410000e+00 3.631135140000e-07
8.866861460000e-04 1.847235440000e+00 4.025219770000e-07
1.048900190000e-03 1.851301190000e+00 4.468447800000e-07
9.677931670000e-04 1.855153080000e+00 4.643700040000e-07
9.677931670000e-04 1.855794910000e+00 5.011821140000e-07
1.130007210000e-03 1.858790870000e+00 5.247344460000e-07
1.130007210000e-03 1.859004970000e+00 5.588573800000e-07
1.292221250000e-03 1.862214800000e+00 6.048493900000e-07
1.292221250000e-03 1.865424630000e+00 6.252489580000e-07
1.292221250000e-03 1.865424630000e+00 6.659556110000e-07
1.373328270000e-03 1.868206500000e+00 7.174182880000e-07
1.373328270000e-03 1.871202470000e+00 7.385597770000e-07
1.454435290000e-03 1.871202470000e+00 7.777827590000e-07
1.616649330000e-03 1.873984340000e+00 8.041168940000e-07
1.616649330000e-03 1.873984340000e+00 8.421343980000e-07
1.616649330000e-03 1.876552100000e+00 8.907225610000e-07
1.697756350000e-03 1.876552100000e+00 9.113077790000e-07
1.697756350000e-03 1.878692150000e+00 9.592469040000e-07
1.778855920000e-03 1.881046060000e+00 9.771429180000e-07
1.778855920000e-03 1.881259920000e+00 1.017385900000e-06
1.778855920000e-03 1.881259920000e+00 1.070888740000e-06
1.941069960000e-03 1.885539770000e+00 1.105568120000e-06
2.022176980000e-03 1.885967730000e+00 1.142750880000e-06
2.022176980000e-03 1.887679820000e+00 1.196717450000e-06
2.022176980000e-03 1.889819620000e+00 1.220269610000e-06
2.103284000000e-03 1.889819620000e+00 1.270712570000e-06
2.103284000000e-03 1.891531710000e+00 1.289164860000e-06
2.184391020000e-03 1.891745570000e+00 1.333487600000e-06
2.184391020000e-03 1.893885610000e+00 1.389030440000e-06
2.427712080000e-03 1.895597460000e+00 1.424451630000e-06
2.427712080000e-03 1.895811320000e+00 1.467939910000e-06
2.427712080000e-03 1.897523400000e+00 1.487226880000e-06
2.508819100000e-03 1.897523400000e+00 1.531642400000e-06
2.508819100000e-03 1.899021390000e+00 1.600073920000e-06
2.589926120000e-03 1.900947330000e+00 1.621401000000e-06
2.589926120000e-03 1.901375290000e+00 1.664332790000e-06
2.589926120000e-03 1.902659180000e+00 1.724511780000e-06
2.752132710000e-03 1.904157160000e+00 1.764013060000e-06
2.752132710000e-03 1.904157160000e+00 1.808614120000e-06
2.752132710000e-03 1.905441050000e+00 1.827159280000e-06
2.833239730000e-03 1.905441050000e+00 1.873243950000e-06
2.914346750000e-03 1.907366990000e+00 1.943159080000e-06
2.914346750000e-03 1.908437010000e+00 1.964486050000e-06
2.995453770000e-03 1.909078840000e+00 2.012239520000e-06
3.076560800000e-03 1.909078840000e+00 2.073160430000e-06
3.157667820000e-03 1.911646840000e+00 2.113496070000e-06
3.157667820000e-03 1.911860700000e+00 2.159951690000e-06
3.238774840000e-03 1.913144830000e+00 2.178403970000e-06
3.238774840000e-03 1.913358690000e+00 2.222448980000e-06
3.319881860000e-03 1.914214610000e+00 2.298761960000e-06
3.319881860000e-03 1.916140560000e+00 2.322221690000e-06
3.400988880000e-03 1.916140560000e+00 2.372293470000e-06
3.400988880000e-03 1.916568520000e+00 2.395567660000e-06
3.482095900000e-03 1.917638540000e+00 2.453335580000e-06
3.563195470000e-03 1.918708560000e+00 2.517687340000e-06
3.563195470000e-03 1.920206550000e+00 2.543279610000e-06
3.563195470000e-03 1.920206550000e+00 2.596133300000e-06
3.806516530000e-03 1.921490430000e+00 2.675135420000e-06
3.806516530000e-03 1.922774310000e+00 2.699151540000e-06
3.806516530000e-03 1.922774310000e+00 2.750058000000e-06
3.806516530000e-03 1.924272300000e+00 2.773239430000e-06
3.887623550000e-03 1.924058440000e+00 2.827947580000e-06
3.968730570000e-03 1.925128220000e+00 2.896101020000e-06
4.049837590000e-03 1.926626210000e+00 2.925031140000e-06
4.049837590000e-03 1.926840310000e+00 2.977235680000e-06
4.130944610000e-03 1.927696230000e+00 3.013491550000e-06
4.130944610000e-03 1.927696230000e+00 3.062821630000e-06
4.130944610000e-03 1.929194210000e+00 3.125689550000e-06
4.212051630000e-03 1.929194210000e+00 3.153414580000e-06
4.293158650000e-03 1.930264000000e+00 3.216560800000e-06
4.455365240000e-03 1.931334020000e+00 3.284435930000e-06
4.455365240000e-03 1.932404040000e+00 3.311419280000e-06
4.455365240000e-03 1.932832000000e+00 3.364921890000e-06
4.617579280000e-03 1.933259960000e+00 3.401919460000e-06
4.536472260000e-03 1.933687930000e+00 3.448653160000e-06
4.536472260000e-03 1.934757950000e+00 3.515601070000e-06
4.617579280000e-03 1.934757950000e+00 3.545829490000e-06
4.779793320000e-03 1.935827970000e+00 3.609068700000e-06
4.779793320000e-03 1.936897750000e+00 3.680930830000e-06
4.860900340000e-03 1.938181880000e+00 3.709212250000e-06
4.860900340000e-03 1.938181880000e+00 3.763827640000e-06
4.942007360000e-03 1.939037800000e+00 3.799249040000e-06
4.942007360000e-03 1.939251660000e+00 3.852009740000e-06
5.023114380000e-03 1.940749650000e+00 3.918864880000e-06
5.104221400000e-03 1.940749650000e+00 3.949835900000e-06
5.104221400000e-03 1.941177610000e+00 4.012610590000e-06
5.266435440000e-03 1.942247630000e+00 4.037554390000e-06
5.266435440000e-03 1.942461730000e+00 4.088460170000e-06
5.266435440000e-03 1.943317650000e+00 4.088460170000e-06
5.347535010000e-03 1.944601540000e+00 4.088460170000e-06
5.347535010000e-03 1.944387440000e+00 4.088460170000e-06
5.347535010000e-03 1.945457460000e+00 4.088460170000e-06
5.428642030000e-03 1.945457460000e+00 4.498048380000e-06
5.590856080000e-03 1.946527480000e+00 4.473789430000e-06
5.590856080000e-03 1.947383400000e+00 4.484053080000e-06
5.590856080000e-03 1.947811370000e+00 4.533502310000e-06
5.590856080000e-03 1.947811370000e+00 4.605344660000e-06
5.753070120000e-03 1.949309350000e+00 4.637066920000e-06
5.753070120000e-03 1.949523450000e+00 4.693979920000e-06
5.753070120000e-03 1.950807330000e+00 4.712640480000e-06
5.915284160000e-03 1.950807330000e+00 4.763956440000e-06
5.915284160000e-03 1.951449160000e+00 4.845127930000e-06
5.996391180000e-03 1.952091220000e+00 4.872184950000e-06
5.996391180000e-03 1.952305320000e+00 4.931897820000e-06
5.996391180000e-03 1.953375100000e+00 5.010271250000e-06
6.077498200000e-03 1.954231260000e+00 5.047591000000e-06
6.077498200000e-03 1.954231260000e+00 5.104504910000e-06
6.158605220000e-03 1.954873090000e+00 5.125031290000e-06
6.239704790000e-03 1.954873090000e+00 5.186610000000e-06
6.320811810000e-03 1.956156970000e+00 5.275246170000e-06
6.320811810000e-03 1.957013130000e+00 5.298571980000e-06
6.401918830000e-03 1.957226990000e+00 5.358284850000e-06
6.483025850000e-03 1.957226990000e+00 5.435723780000e-06
6.564132870000e-03 1.958724980000e+00 5.467446500000e-06
6.564132870000e-03 1.958939080000e+00 5.531824170000e-06
6.564132870000e-03 1.959795000000e+00 5.555149530000e-06
6.726346910000e-03 1.959795000000e+00 5.614862400000e-06
6.726346910000e-03 1.960436820000e+00 5.703497660000e-06
6.807453930000e-03 1.961506840000e+00 5.730555590000e-06
6.807453930000e-03 1.961506840000e+00 5.787469490000e-06
6.807453930000e-03 1.962576870000e+00 5.811727080000e-06
6.888560950000e-03 1.962362770000e+00 5.877038350000e-06
6.888560950000e-03 1.963432790000e+00 5.960076580000e-06
7.050774990000e-03 1.964288710000e+00 5.985267760000e-06
7.050774990000e-03 1.964288710000e+00 6.047779610000e-06
7.131874560000e-03 1.965144630000e+00 6.136414870000e-06
7.131874560000e-03 1.966000800000e+00 6.157874850000e-06
7.212981580000e-03 1.966000800000e+00 6.224117900000e-06
7.294088600000e-03 1.966000800000e+00 6.246510110000e-06
7.294088600000e-03 1.966642620000e+00 6.316486630000e-06
7.294088600000e-03 1.967926500000e+00 6.399523950000e-06
7.375195620000e-03 1.968568560000e+00 6.427514110000e-06
7.537409660000e-03 1.968568560000e+00 6.489093720000e-06
7.537409660000e-03 1.969210620000e+00 6.521748670000e-06
7.537409660000e-03 1.969210620000e+00 6.583327380000e-06
7.618516680000e-03 1.970066550000e+00 6.660767670000e-06
7.618516680000e-03 1.970922470000e+00 6.689690960000e-06
7.699623700000e-03 1.970922470000e+00 6.756867610000e-06
7.699623700000e-03 1.971778390000e+00 6.839905840000e-06
7.780730720000e-03 1.972634550000e+00 6.867896450000e-06
7.861837740000e-03 1.972634550000e+00 6.936006230000e-06
7.942944770000e-03 1.973490480000e+00 6.968661180000e-06
7.942944770000e-03 1.973276380000e+00 7.030239430000e-06
7.942944770000e-03 1.974346400000e+00 7.114211260000e-06
8.024044330000e-03 1.974346400000e+00 7.140334670000e-06
8.105151360000e-03 1.974988460000e+00 7.208444460000e-06
8.186258380000e-03 1.975844380000e+00 7.294282110000e-06
8.186258380000e-03 1.976486210000e+00 7.322272270000e-06
8.267365400000e-03 1.976486210000e+00 7.383850520000e-06
8.348472420000e-03 1.977342370000e+00 7.420238030000e-06
8.348472420000e-03 1.977342370000e+00 7.485548850000e-06
8.348472420000e-03 1.978198290000e+00 7.561123770000e-06
8.348472420000e-03 1.978198290000e+00 7.588180320000e-06
8.510686460000e-03 1.978840110000e+00 7.661888050000e-06
8.672900500000e-03 1.979696270000e+00 7.687079230000e-06
8.672900500000e-03 1.979696270000e+00 7.755189470000e-06
8.510686460000e-03 1.979696270000e+00 7.842892960000e-06
8.754007520000e-03 1.981408120000e+00 7.886744240000e-06
8.754007520000e-03 1.981408120000e+00 7.947389350000e-06
8.754007520000e-03 1.982264040000e+00 8.030428030000e-06
8.835114540000e-03 1.982264040000e+00 8.061217160000e-06
8.916214110000e-03 1.982692000000e+00 8.136790710000e-06
8.916214110000e-03 1.983334060000e+00 8.161049660000e-06
8.997321130000e-03 1.983975890000e+00 8.230092130000e-06
9.078428150000e-03 1.983975890000e+00 8.310331400000e-06
9.159535170000e-03 1.985045910000e+00 8.349517880000e-06
9.159535170000e-03 1.985045910000e+00 8.414828700000e-06
9.159535170000e-03 1.985901830000e+00 8.443752450000e-06
9.240642190000e-03 1.985901830000e+00 8.508129210000e-06
9.402856230000e-03 1.986543890000e+00 8.606095430000e-06
9.402856230000e-03 1.987185960000e+00 8.635952330000e-06
9.402856230000e-03 1.987399820000e+00 8.700330000000e-06
9.402856230000e-03 1.988255740000e+00 8.789898860000e-06
9.565070270000e-03 1.988897800000e+00 8.831883860000e-06
9.565070270000e-03 1.988897800000e+00 8.895329300000e-06
9.565070270000e-03 1.989753720000e+00 8.918654200000e-06
9.646177290000e-03 1.989539860000e+00 8.989562960000e-06
9.727284310000e-03 1.990395780000e+00 9.081930330000e-06
9.727284310000e-03 1.990823750000e+00 9.107121510000e-06
9.808383880000e-03 1.991037610000e+00 9.177097130000e-06
9.808383880000e-03 1.991893770000e+00 9.202288310000e-06
9.889490900000e-03 1.991679670000e+00 9.279729060000e-06
9.889490900000e-03 1.992535590000e+00 9.373031390000e-06
9.970597920000e-03 1.993605610000e+00 9.401953320000e-06
1.005170490000e-02 1.993605610000e+00 9.470996700000e-06
1.005170490000e-02 1.993819710000e+00 9.570829210000e-06
1.013281200000e-02 1.994675640000e+00 9.597884850000e-06
1.013281200000e-02 1.994889500000e+00 9.666928240000e-06
1.021391900000e-02 1.994889500000e+00 9.696785130000e-06
1.029502600000e-02 1.995531560000e+00 9.771426450000e-06
1.037613300000e-02 1.996173620000e+00 9.856329600000e-06
1.045724000000e-02 1.996815440000e+00 9.886186490000e-06
1.045724000000e-02 1.997029540000e+00 9.960827810000e-06
1.053834710000e-02 1.997457500000e+00 1.006345970000e-05
1.053834710000e-02 1.997885470000e+00 1.008771600000e-05
1.053834710000e-02 1.998527530000e+00 1.015862650000e-05
1.061945410000e-02 1.998527530000e+00 1.018941570000e-05
1.070055370000e-02 1.998955490000e+00 1.025939130000e-05
1.078166070000e-02 1.999383450000e+00 1.035455810000e-05
1.078166070000e-02 2.000453230000e+00 1.037974930000e-05
1.086276770000e-02 2.000453230000e+00 1.045252340000e-05
1.086276770000e-02 2.001095290000e+00 1.048891040000e-05
1.094387470000e-02 2.001309390000e+00 1.055702160000e-05
1.094387470000e-02 2.001737360000e+00 1.063912530000e-05
1.094387470000e-02 2.001737360000e+00 1.066898310000e-05
1.110608880000e-02 2.002379180000e+00 1.074549070000e-05
1.118719580000e-02 2.003021240000e+00 1.084532320000e-05
1.118719580000e-02 2.003663300000e+00 1.087611240000e-05
1.126830280000e-02 2.003877160000e+00 1.095168590000e-05
1.134940980000e-02 2.004305120000e+00 1.099087240000e-05
1.134940980000e-02 2.004305120000e+00 1.105804860000e-05
1.134940980000e-02 2.005375150000e+00 1.114855240000e-05
1.151162390000e-02 2.005375150000e+00 1.118214000000e-05
1.151162390000e-02 2.006017210000e+00 1.126051300000e-05
1.151162390000e-02 2.006445170000e+00 1.128943590000e-05
1.159272340000e-02 2.006445170000e+00 1.135941060000e-05
1.159272340000e-02 2.006445170000e+00 1.145084660000e-05
1.167383040000e-02 2.007943150000e+00 1.149376660000e-05
1.183604450000e-02 2.007943150000e+00 1.156840520000e-05
1.183604450000e-02 2.008799080000e+00 1.165984120000e-05
1.191715150000e-02 2.008799080000e+00 1.169622830000e-05
1.191715150000e-02 2.009227040000e+00 1.178113330000e-05
1.199825850000e-02 2.010082960000e+00 1.180352500000e-05
1.199825850000e-02 2.009869100000e+00 1.187256840000e-05
1.199825850000e-02 2.010510920000e+00 1.196959970000e-05
1.216047260000e-02 2.011366840000e+00 1.201531900000e-05
1.216047260000e-02 2.011366840000e+00 1.208622690000e-05
1.216047260000e-02 2.011794810000e+00 1.217672980000e-05
1.224157960000e-02 2.011794810000e+00 1.220938610000e-05
1.232268660000e-02 2.012650970000e+00 1.228589190000e-05
1.240379360000e-02 2.013078930000e+00 1.231201530000e-05
1.240379360000e-02 2.013506890000e+00 1.239039010000e-05
1.240379360000e-02 2.013934850000e+00 1.248555690000e-05
1.248489320000e-02 2.014576910000e+00 1.253500430000e-05
1.256600020000e-02 2.014362810000e+00 1.260964560000e-05
1.256600020000e-02 2.015004870000e+00 1.263483680000e-05
1.264710720000e-02 2.015004870000e+00 1.270667960000e-05
1.272821430000e-02 2.015860800000e+00 1.281770800000e-05
1.280932130000e-02 2.016288760000e+00 1.284476550000e-05
1.280932130000e-02 2.016502620000e+00 1.292220620000e-05
1.280932130000e-02 2.016502620000e+00 1.302203690000e-05
1.297153530000e-02 2.017786740000e+00 1.306682040000e-05
1.297153530000e-02 2.017572640000e+00 1.313773100000e-05
1.297153530000e-02 2.018214700000e+00 1.315825650000e-05
1.305264230000e-02 2.018214700000e+00 1.323942800000e-05
1.313374940000e-02 2.018856530000e+00 1.334765780000e-05
1.321485640000e-02 2.019712690000e+00 1.337658250000e-05
1.321485640000e-02 2.019498590000e+00 1.345402230000e-05
1.321485640000e-02 2.020354510000e+00 1.348667590000e-05
1.329596340000e-02 2.020568610000e+00 1.356971460000e-05
1.329596340000e-02 2.020782470000e+00 1.366861490000e-05
1.345817000000e-02 2.021638630000e+00 1.369940400000e-05
1.345817000000e-02 2.021638630000e+00 1.377497760000e-05
1.353927700000e-02 2.022280450000e+00 1.388787130000e-05
1.353927700000e-02 2.022708420000e+00 1.391586100000e-05
1.362038400000e-02 2.022708420000e+00 1.399143730000e-05
1.362038400000e-02 2.022708420000e+00 1.401942700000e-05
1.370149110000e-02 2.023350480000e+00 1.410992810000e-05
1.378259810000e-02 2.023992540000e+00 1.420696120000e-05
1.378259810000e-02 2.024634360000e+00 1.424334910000e-05
1.386370510000e-02 2.024634360000e+00 1.432638690000e-05
1.394481210000e-02 2.025276420000e+00 1.444114700000e-05
1.394481210000e-02 2.025918250000e+00 1.447286830000e-05
1.410702620000e-02 2.025918250000e+00 1.455030910000e-05
1.410702620000e-02 2.026346450000e+00 1.458576390000e-05
1.410702620000e-02 2.026560310000e+00 1.466880260000e-05
1.410702620000e-02 2.026988270000e+00 1.477423300000e-05
1.410702620000e-02 2.027630330000e+00 1.480688660000e-05
1.418813320000e-02 2.027630330000e+00 1.488246020000e-05
1.435033980000e-02 2.028272150000e+00 1.492631240000e-05
1.435033980000e-02 2.028272150000e+00 1.500748390000e-05
1.435033980000e-02 2.028914210000e+00 1.510545190000e-05
1.435033980000e-02 2.029556270000e+00 1.514650280000e-05
1.451255380000e-02 2.029556270000e+00 1.523234000000e-05
1.451255380000e-02 2.030198100000e+00 1.533870270000e-05
1.459366080000e-02 2.030840160000e+00 1.537322530000e-05
1.467476790000e-02 2.030840160000e+00 1.545439770000e-05
1.475587490000e-02 2.031482220000e+00 1.550011440000e-05
1.475587490000e-02 2.031482220000e+00 1.558035360000e-05
1.475587490000e-02 2.031910180000e+00 1.567925390000e-05
1.483698190000e-02 2.031910180000e+00 1.571470600000e-05
1.491808890000e-02 2.032766100000e+00 1.579961100000e-05
1.499919590000e-02 2.033194070000e+00 1.583040100000e-05
1.499919590000e-02 2.033194070000e+00 1.591250480000e-05
1.491808890000e-02 2.033194070000e+00 1.602260090000e-05
1.508030300000e-02 2.034477950000e+00 1.607578270000e-05
1.516140250000e-02 2.034477950000e+00 1.616068770000e-05
1.516140250000e-02 2.035120010000e+00 1.625678670000e-05
1.524250950000e-02 2.035547970000e+00 1.629224240000e-05
1.532361660000e-02 2.035547970000e+00 1.639020770000e-05
1.532361660000e-02 2.036403890000e+00 1.641819840000e-05
1.532361660000e-02 2.036403890000e+00 1.650216840000e-05
1.540472360000e-02 2.036403890000e+00 1.660759880000e-05
1.548583060000e-02 2.037259820000e+00 1.666171190000e-05
1.556693760000e-02 2.037473920000e+00 1.674101990000e-05
1.556693760000e-02 2.037901880000e+00 1.684458400000e-05
1.556693760000e-02 2.037901880000e+00 1.688283740000e-05
1.572915170000e-02 2.038543940000e+00 1.697893640000e-05
1.581025870000e-02 2.038971900000e+00 1.700786200000e-05
1.581025870000e-02 2.039185760000e+00 1.709089880000e-05
1.581025870000e-02 2.039613720000e+00 1.720192630000e-05
1.597247270000e-02 2.040469880000e+00 1.725604120000e-05
1.605357230000e-02 2.040255780000e+00 1.734094440000e-05
1.605357230000e-02 2.040897850000e+00 1.736893500000e-05
1.605357230000e-02 2.040897850000e+00 1.745477310000e-05
1.613467930000e-02 2.041539670000e+00 1.757513020000e-05
1.613467930000e-02 2.041967630000e+00 1.760778650000e-05
1.613467930000e-02 2.042181730000e+00 1.768429500000e-05
1.629689340000e-02 2.042181730000e+00 1.779812190000e-05
1.637800040000e-02 2.043251750000e+00 1.785223500000e-05
1.629689340000e-02 2.043251750000e+00 1.793900450000e-05
1.629689340000e-02 2.043893580000e+00 1.796979450000e-05
1.637800040000e-02 2.044107680000e+00 1.805563260000e-05
1.645910740000e-02 2.044321540000e+00 1.817878910000e-05
1.662132140000e-02 2.044963600000e+00 1.821237670000e-05
1.662132140000e-02 2.044963600000e+00 1.830568000000e-05
1.654021440000e-02 2.044963600000e+00 1.833833450000e-05
1.662132140000e-02 2.045391560000e+00 1.843443350000e-05
1.678353550000e-02 2.046033620000e+00 1.855292790000e-05
1.678353550000e-02 2.046675440000e+00 1.858838000000e-05
1.686464250000e-02 2.046675440000e+00 1.867514950000e-05
1.686464250000e-02 2.047317500000e+00 1.880577110000e-05
1.702684910000e-02 2.047745470000e+00 1.884122680000e-05
1.702684910000e-02 2.047959570000e+00 1.893359510000e-05
1.694574210000e-02 2.047959570000e+00 1.896811770000e-05
1.710795610000e-02 2.048387530000e+00 1.906515170000e-05
1.718906310000e-02 2.049029350000e+00 1.918364250000e-05
1.718906310000e-02 2.049671410000e+00 1.921629880000e-05
1.727017020000e-02 2.049671410000e+00 1.931426410000e-05
1.735127720000e-02 2.050099370000e+00 1.944301950000e-05
1.743238420000e-02 2.050955300000e+00 1.947754210000e-05
1.743238420000e-02 2.050741430000e+00 1.957550740000e-05
1.743238420000e-02 2.050741430000e+00 1.961002820000e-05
1.751349120000e-02 2.051169400000e+00 1.970146330000e-05
1.751349120000e-02 2.051811460000e+00 1.982182040000e-05
1.751349120000e-02 2.052453280000e+00 1.986194180000e-05
1.767570530000e-02 2.052453280000e+00 1.995897580000e-05
1.767570530000e-02 2.052667380000e+00 2.000749190000e-05
1.775681230000e-02 2.052881240000e+00 2.009706080000e-05
1.775681230000e-02 2.053523300000e+00 2.021368710000e-05
1.783791180000e-02 2.053523300000e+00 2.025194040000e-05
1.783791180000e-02 2.053951260000e+00 2.035923540000e-05
1.791901890000e-02 2.054379220000e+00 2.048239180000e-05
1.791901890000e-02 2.055021290000e+00 2.052531270000e-05
1.808123290000e-02 2.055235150000e+00 2.062327800000e-05
1.816233990000e-02 2.055877210000e+00 2.067366040000e-05
1.816233990000e-02 2.055663110000e+00 2.075669910000e-05
1.816233990000e-02 2.056091070000e+00 2.087892430000e-05
1.824344690000e-02 2.056091070000e+00 2.092370780000e-05
1.832455400000e-02 2.056519270000e+00 2.102913820000e-05
1.832455400000e-02 2.057375190000e+00 2.106272590000e-05
1.832455400000e-02 2.057161090000e+00 2.115975990000e-05
1.840566100000e-02 2.058017020000e+00 2.128571580000e-05
1.848676800000e-02 2.058659080000e+00 2.133983070000e-05
1.856787500000e-02 2.058659080000e+00 2.143686290000e-05
1.856787500000e-02 2.059087040000e+00 2.156095430000e-05
1.864898200000e-02 2.059515000000e+00 2.160573970000e-05
1.873008160000e-02 2.059301140000e+00 2.171303460000e-05
1.873008160000e-02 2.060157060000e+00 2.174475780000e-05
1.881118860000e-02 2.059942960000e+00 2.184552250000e-05
1.881118860000e-02 2.060585020000e+00 2.197987670000e-05
1.889229570000e-02 2.061227080000e+00 2.204238810000e-05
1.889229570000e-02 2.061227080000e+00 2.214035520000e-05
1.897340270000e-02 2.061868910000e+00 2.226724250000e-05
1.905450970000e-02 2.061868910000e+00 2.231762660000e-05
1.913561670000e-02 2.062083010000e+00 2.242212390000e-05
1.913561670000e-02 2.062724830000e+00 2.245757790000e-05
1.913561670000e-02 2.062724830000e+00 2.256580770000e-05
1.929783080000e-02 2.062724830000e+00 2.270109330000e-05
1.929783080000e-02 2.063794850000e+00 2.276360650000e-05
1.929783080000e-02 2.063794850000e+00 2.286437120000e-05
1.937893780000e-02 2.064436910000e+00 2.290542400000e-05
1.937893780000e-02 2.064436910000e+00 2.300245610000e-05
1.954115180000e-02 2.064864870000e+00 2.314893940000e-05
1.954115180000e-02 2.065506700000e+00 2.319092530000e-05
1.962225880000e-02 2.065506700000e+00 2.330288590000e-05
1.962225880000e-02 2.066148760000e+00 2.343817320000e-05
1.978447290000e-02 2.066576720000e+00 2.350814790000e-05
1.978447290000e-02 2.066576720000e+00 2.360145120000e-05
1.970336590000e-02 2.067004680000e+00 2.363876960000e-05
1.986557990000e-02 2.067218780000e+00 2.374979890000e-05
1.994668690000e-02 2.067646740000e+00 2.390281220000e-05
1.994668690000e-02 2.068074700000e+00 2.394106740000e-05
1.994668690000e-02 2.068074700000e+00 2.405209310000e-05
1.994668690000e-02 2.068074700000e+00 2.409501210000e-05
2.010888610000e-02 2.068716760000e+00 2.420230890000e-05
2.010888610000e-02 2.069144730000e+00 2.434599260000e-05
2.010888610000e-02 2.069786550000e+00 2.439170930000e-05
2.018999310000e-02 2.069786550000e+00 2.450367170000e-05
2.035220710000e-02 2.070428610000e+00 2.466601470000e-05
2.035220710000e-02 2.070642710000e+00 2.471173140000e-05
2.035220710000e-02 2.070856570000e+00 2.481902990000e-05
2.043331410000e-02 2.070856570000e+00 2.486567970000e-05
2.051442120000e-02 2.071284530000e+00 2.497950660000e-05
2.051442120000e-02 2.071926590000e+00 2.513158690000e-05
2.051442120000e-02 2.072354560000e+00 2.517823850000e-05
2.067663520000e-02 2.072354560000e+00 2.529299850000e-05
2.067663520000e-02 2.072782520000e+00 2.545441020000e-05
2.083884920000e-02 2.073424580000e+00 2.549826240000e-05
2.083884920000e-02 2.073424580000e+00 2.561675320000e-05
2.083884920000e-02 2.074066400000e+00 2.565967220000e-05
2.091995630000e-02 2.074066400000e+00 2.578282870000e-05
2.091995630000e-02 2.074494360000e+00 2.593117820000e-05
2.100106330000e-02 2.074922560000e+00 2.598715760000e-05
2.100106330000e-02 2.074922560000e+00 2.609818690000e-05
2.116327730000e-02 2.075564380000e+00 2.615790070000e-05
2.116327730000e-02 2.075564380000e+00 2.627359210000e-05
2.116327730000e-02 2.076206450000e+00 2.642567420000e-05
2.124438430000e-02 2.076206450000e+00 2.647605650000e-05
2.124438430000e-02 2.076634410000e+00 2.660014620000e-05
2.124438430000e-02 2.077276470000e+00 2.674196370000e-05
2.140659840000e-02 2.077490330000e+00 2.679328100000e-05
2.140659840000e-02 2.077490330000e+00 2.692296770000e-05
2.156881240000e-02 2.078132390000e+00 2.698268140000e-05
2.148770540000e-02 2.077918290000e+00 2.710583980000e-05
2.148770540000e-02 2.078560350000e+00 2.726631830000e-05
2.164991950000e-02 2.079202180000e+00 2.731949830000e-05
2.173102650000e-02 2.078988310000e+00 2.745385250000e-05
2.173102650000e-02 2.079844240000e+00 2.749397030000e-05
2.181213350000e-02 2.079844240000e+00 2.762366060000e-05
2.181213350000e-02 2.079844240000e+00 2.778693850000e-05
2.197433260000e-02 2.080700160000e+00 2.786530970000e-05
2.197433260000e-02 2.080700160000e+00 2.798939930000e-05
2.197433260000e-02 2.081128120000e+00 2.814241450000e-05
2.205543970000e-02 2.081128120000e+00 2.819652950000e-05
2.205543970000e-02 2.081556080000e+00 2.834114640000e-05
2.205543970000e-02 2.082412240000e+00 2.839339320000e-05
2.213654670000e-02 2.082412240000e+00 2.852868060000e-05
2.221765370000e-02 2.082412240000e+00 2.869289160000e-05
2.237986770000e-02 2.083268170000e+00 2.877592670000e-05
2.237986770000e-02 2.083482030000e+00 2.890188260000e-05
2.237986770000e-02 2.083909990000e+00 2.906796000000e-05
2.246097480000e-02 2.083909990000e+00 2.912860870000e-05
2.254208180000e-02 2.084338190000e+00 2.927415700000e-05
2.254208180000e-02 2.084766150000e+00 2.932173990000e-05
2.254208180000e-02 2.084980010000e+00 2.945795860000e-05
2.262318880000e-02 2.084980010000e+00 2.962030160000e-05
2.270429580000e-02 2.085835930000e+00 2.969960950000e-05
2.270429580000e-02 2.085835930000e+00 2.984329330000e-05
2.278540280000e-02 2.086263900000e+00 2.989181120000e-05
2.278540280000e-02 2.086263900000e+00 3.003735950000e-05
2.294761690000e-02 2.086692090000e+00 3.023422690000e-05
2.294761690000e-02 2.087333920000e+00 3.028180980000e-05
2.294761690000e-02 2.087333920000e+00 3.042735810000e-05
2.294761690000e-02 2.087333920000e+00 3.061116150000e-05
2.319093790000e-02 2.088189840000e+00 3.070352610000e-05
2.319093790000e-02 2.088403940000e+00 3.084254790000e-05
2.319093790000e-02 2.088831900000e+00 3.088919770000e-05
2.319093790000e-02 2.088831900000e+00 3.103474590000e-05
2.327204500000e-02 2.089046000000e+00 3.123348140000e-05
2.335315200000e-02 2.089687820000e+00 3.128759270000e-05
2.335315200000e-02 2.089687820000e+00 3.143780850000e-05
2.343425900000e-02 2.089687820000e+00 3.150032350000e-05
2.351536600000e-02 2.090329890000e+00 3.165799720000e-05
2.351536600000e-02 2.090757850000e+00 3.185579770000e-05
2.351536600000e-02 2.091399910000e+00 3.192483930000e-05
2.359647300000e-02 2.091399910000e+00 3.207038750000e-05
2.375867220000e-02 2.091827870000e+00 3.229244610000e-05
2.375867220000e-02 2.092255830000e+00 3.235122490000e-05
2.383977920000e-02 2.092255830000e+00 3.250703960000e-05
2.375867220000e-02 2.092255830000e+00 3.256768470000e-05
2.383977920000e-02 2.092683790000e+00 3.273096080000e-05
2.383977920000e-02 2.093539710000e+00 3.293249030000e-05
2.400199320000e-02 2.093753810000e+00 3.299686800000e-05
2.400199320000e-02 2.093753810000e+00 3.316854420000e-05
2.416420730000e-02 2.094181780000e+00 3.340739570000e-05
2.424531430000e-02 2.094609740000e+00 3.346804080000e-05
2.424531430000e-02 2.095037700000e+00 3.363971340000e-05
2.416420730000e-02 2.095037700000e+00 3.370875860000e-05
2.432642130000e-02 2.095251560000e+00 3.388322880000e-05
2.432642130000e-02 2.095679520000e+00 3.410528730000e-05
2.448863540000e-02 2.096107720000e+00 3.417526390000e-05
2.448863540000e-02 2.096321580000e+00 3.435160400000e-05
2.448863540000e-02 2.096749540000e+00 3.443930470000e-05
2.448863540000e-02 2.096749540000e+00 3.461004600000e-05
2.448863540000e-02 2.097391610000e+00 3.482370450000e-05
2.465084940000e-02 2.097391610000e+00 3.489555090000e-05
2.465084940000e-02 2.097819570000e+00 3.509894300000e-05
2.465084940000e-02 2.098461630000e+00 3.533033300000e-05
2.481306340000e-02 2.098675490000e+00 3.540870600000e-05
2.489417050000e-02 2.098675490000e+00 3.559997280000e-05
2.497527750000e-02 2.099103450000e+00 3.569700490000e-05
2.497527750000e-02 2.099317550000e+00 3.586401360000e-05
2.497527750000e-02 2.099745510000e+00 3.610379640000e-05
2.505638450000e-02 2.100173470000e+00 3.618683700000e-05
2.513749150000e-02 2.100173470000e+00 3.638463390000e-05
2.513749150000e-02 2.100815530000e+00 3.645740800000e-05
2.513749150000e-02 2.101029400000e+00 3.664867470000e-05
2.521859850000e-02 2.101029400000e+00 3.688566360000e-05
2.538081260000e-02 2.101671460000e+00 3.699575610000e-05
2.538081260000e-02 2.101671460000e+00 3.719728560000e-05
2.538081260000e-02 2.102313280000e+00 3.744640340000e-05
2.546190470000e-02 2.102313280000e+00 3.753783310000e-05
2.554301170000e-02 2.102741240000e+00 3.777202440000e-05
2.562411870000e-02 2.103169440000e+00 3.784199730000e-05
2.562411870000e-02 2.102955340000e+00 3.804446170000e-05
2.562411870000e-02 2.102955340000e+00 3.831689900000e-05
2.578633280000e-02 2.104025360000e+00 3.844752060000e-05
2.578633280000e-02 2.104025360000e+00 3.865651520000e-05
2.578633280000e-02 2.104667190000e+00 3.892708990000e-05
2.586743980000e-02 2.105095150000e+00 3.901852320000e-05
2.594854680000e-02 2.105095150000e+00 3.924431080000e-05
2.594854680000e-02 2.105523350000e+00 3.931615360000e-05
2.602965380000e-02 2.105737210000e+00 3.955500510000e-05
2.602965380000e-02 2.105737210000e+00 3.984237260000e-05
2.611076090000e-02 2.106379270000e+00 3.997858950000e-05
2.611076090000e-02 2.106593130000e+00 4.020811320000e-05
2.619186790000e-02 2.107021090000e+00 4.028928740000e-05
2.627297490000e-02 2.107021090000e+00 4.051320870000e-05
2.635408190000e-02 2.107449290000e+00 4.084442840000e-05
2.643518890000e-02 2.107877250000e+00 4.093586180000e-05
2.643518890000e-02 2.107877250000e+00 4.117377830000e-05
2.643518890000e-02 2.107877250000e+00 4.117377830000e-05
2.659740300000e-02 2.108733180000e+00 4.117377830000e-05
2.651629600000e-02 2.108733180000e+00 4.117377830000e-05
2.651629600000e-02 2.109375000000e+00 4.117377830000e-05
2.659740300000e-02 2.109375000000e+00 4.358294970000e-05
2.667851000000e-02 2.109803200000e+00 4.311652810000e-05
2.667851000000e-02 2.110445020000e+00 4.309786530000e-05
2.675961700000e-02 2.110445020000e+00 4.330309820000e-05
2.684072410000e-02 2.110445020000e+00 4.338705180000e-05
2.684072410000e-02 2.110659120000e+00 4.359228480000e-05
2.684072410000e-02 2.111087080000e+00 4.393743800000e-05
2.700293810000e-02 2.111087080000e+00 4.405870640000e-05
2.700293810000e-02 2.111515050000e+00 4.431991330000e-05
2.708404510000e-02 2.112157110000e+00 4.477700710000e-05
2.708404510000e-02 2.112585070000e+00 4.484230520000e-05
2.716515210000e-02 2.112585070000e+00 4.513149180000e-05
2.724624430000e-02 2.112585070000e+00 4.521544540000e-05
2.732735130000e-02 2.113226890000e+00 4.556060590000e-05
2.732735130000e-02 2.113654850000e+00 4.595240900000e-05
2.732735130000e-02 2.113654850000e+00 4.610166070000e-05
2.748956530000e-02 2.114082810000e+00 4.642816570000e-05
2.748956530000e-02 2.114511010000e+00 4.686660400000e-05
2.765177940000e-02 2.114938970000e+00 4.696922040000e-05
2.757067230000e-02 2.114938970000e+00 4.730504220000e-05
2.757067230000e-02 2.115366940000e+00 4.745430490000e-05
2.765177940000e-02 2.115366940000e+00 4.782744510000e-05
2.765177940000e-02 2.116008760000e+00 4.827521120000e-05
2.781399340000e-02 2.116008760000e+00 4.841514600000e-05
2.781399340000e-02 2.116436720000e+00 4.876029560000e-05
2.789510040000e-02 2.116864920000e+00 4.890023050000e-05
2.789510040000e-02 2.116864920000e+00 4.928269850000e-05
2.797620740000e-02 2.117506740000e+00 4.981442540000e-05
2.797620740000e-02 2.117506740000e+00 4.997300860000e-05
2.813842150000e-02 2.117720840000e+00 5.037413580000e-05
2.813842150000e-02 2.118362670000e+00 5.091519420000e-05
2.821952850000e-02 2.118362670000e+00 5.107378090000e-05
2.830063550000e-02 2.118576770000e+00 5.152155060000e-05
2.830063550000e-02 2.119218830000e+00 5.170812070000e-05
2.830063550000e-02 2.119218830000e+00 5.211857570000e-05
2.838174250000e-02 2.119860650000e+00 5.271560440000e-05
2.846284960000e-02 2.119860650000e+00 5.290217450000e-05
2.846284960000e-02 2.120074750000e+00 5.334061280000e-05
2.854395660000e-02 2.120716570000e+00 5.351785880000e-05
2.854395660000e-02 2.120502710000e+00 5.399361540000e-05
2.854395660000e-02 2.120502710000e+00 5.469326060000e-05
2.870617060000e-02 2.121358630000e+00 5.492646600000e-05
2.870617060000e-02 2.121358630000e+00 5.544886880000e-05
2.870617060000e-02 2.122000690000e+00 5.611119560000e-05
2.886838470000e-02 2.122000690000e+00 5.633508040000e-05
2.886838470000e-02 2.122428660000e+00 5.690411850000e-05
2.886838470000e-02 2.122856620000e+00 5.712800700000e-05
2.903058380000e-02 2.122856620000e+00 5.771570800000e-05
2.903058380000e-02 2.122856620000e+00 5.847131620000e-05
2.911169080000e-02 2.123926640000e+00 5.880714890000e-05
2.911169080000e-02 2.123926640000e+00 5.936685920000e-05
2.919279780000e-02 2.124354600000e+00 6.022508390000e-05
2.927390490000e-02 2.124354600000e+00 6.049561490000e-05
2.927390490000e-02 2.124782560000e+00 6.123256750000e-05
2.927390490000e-02 2.125210520000e+00 6.148443940000e-05
2.935501190000e-02 2.124996420000e+00 6.224938260000e-05
2.935501190000e-02 2.124996420000e+00 6.324753490000e-05
2.951722590000e-02 2.126066450000e+00 6.363933790000e-05
2.959833290000e-02 2.126280550000e+00 6.446024780000e-05
2.951722590000e-02 2.126494410000e+00 6.475875850000e-05
2.951722590000e-02 2.126494410000e+00 6.557034790000e-05
2.967944000000e-02 2.126922370000e+00 6.682037200000e-05
2.984165400000e-02 2.127564430000e+00 6.717485670000e-05
2.984165400000e-02 2.127564430000e+00 6.811703500000e-05
2.976054700000e-02 2.127564430000e+00 6.946967910000e-05
2.992276100000e-02 2.128420350000e+00 7.003871720000e-05
3.000386800000e-02 2.128206250000e+00 7.113015450000e-05
3.000386800000e-02 2.128848310000e+00 7.147531870000e-05
3.000386800000e-02 2.128848310000e+00 7.270667990000e-05
3.016608210000e-02 2.129276280000e+00 7.439516050000e-05
3.016608210000e-02 2.129704240000e+00 7.483359510000e-05
3.024718910000e-02 2.129704240000e+00 7.617690430000e-05
3.016608210000e-02 2.129704240000e+00 7.673662180000e-05
3.032829610000e-02 2.130132200000e+00 7.822919000000e-05
3.032829610000e-02 2.130774260000e+00 8.033742780000e-05
3.032829610000e-02 2.131202220000e+00 8.097178220000e-05
3.049051020000e-02 2.131202220000e+00 8.263225030000e-05
3.057161720000e-02 2.131416320000e+00 8.528156470000e-05
3.057161720000e-02 2.131844280000e+00 8.600918950000e-05
3.057161720000e-02 2.132058140000e+00 8.820139920000e-05
3.065272420000e-02 2.132058140000e+00 8.901298130000e-05
3.073383120000e-02 2.132272240000e+00 9.145707740000e-05
3.073383120000e-02 2.132914070000e+00 9.482467430000e-05
3.089603040000e-02 2.133128170000e+00 9.594409490000e-05
3.089603040000e-02 2.133342270000e+00 9.905983460000e-05
3.097713740000e-02 2.133770230000e+00 1.006923270000e-04
3.089603040000e-02 2.133984090000e+00 1.039106720000e-04
3.089603040000e-02 2.134198190000e+00 1.087988420000e-04
3.097713740000e-02 2.134198190000e+00 1.106645430000e-04
3.113935140000e-02 2.134840010000e+00 1.152168840000e-04
3.113935140000e-02 2.135054110000e+00 1.221573330000e-04
3.122045840000e-02 2.135696170000e+00 1.246760220000e-04
3.122045840000e-02 2.135482070000e+00 1.313272810000e-04
3.130156550000e-02 2.136124130000e+00 1.348814690000e-04
3.130156550000e-02 2.135910030000e+00 1.424749060000e-04
3.130156550000e-02 2.136552100000e+00 1.534546170000e-04
3.146377950000e-02 2.136552100000e+00 1.581095570000e-04
3.162599350000e-02 2.136980060000e+00 1.700221040000e-04
3.154488650000e-02 2.137408020000e+00 1.874944720000e-04
3.154488650000e-02 2.137835980000e+00 1.944535760000e-04
3.170710060000e-02 2.137835980000e+00 2.108438350000e-04
3.170710060000e-02 2.138263940000e+00 2.209373050000e-04
3.178820760000e-02 2.138050080000e+00 2.366186240000e-04
3.178820760000e-02 2.138478040000e+00 2.624400660000e-04
3.186931460000e-02 2.138478040000e+00 2.746511310000e-04
3.195042160000e-02 2.139119860000e+00 2.990918870000e-04
3.195042160000e-02 2.139333960000e+00 3.097917360000e-04
3.195042160000e-02 2.139333960000e+00 3.346896560000e-04
3.195042160000e-02 2.139975790000e+00 3.683563550000e-04
3.219374270000e-02 2.140403990000e+00 3.880769070000e-04
3.211263570000e-02 2.140189890000e+00 3.880769070000e-04
3.211263570000e-02 2.140617850000e+00 3.880769070000e-04
3.219374270000e-02 2.140617850000e+00 3.880769070000e-04
3.235595670000e-02 2.141259910000e+00 3.880769070000e-04
3.235595670000e-02 2.141687870000e+00 5.226474020000e-04
3.235595670000e-02 2.141473770000e+00 5.458388480000e-04
3.243706380000e-02 2.141473770000e+00 5.841794770000e-04
3.251817080000e-02 2.142543790000e+00 5.983934390000e-04
3.251817080000e-02 2.142115830000e+00 6.273827170000e-04
3.251817080000e-02 2.142543790000e+00 6.384172590000e-04
3.268036990000e-02 2.142543790000e+00 6.685286060000e-04
3.276147690000e-02 2.142971750000e+00 7.097681520000e-04
3.284258400000e-02 2.143399720000e+00 7.202416890000e-04
3.284258400000e-02 2.143185850000e+00 7.511946610000e-04
3.276147690000e-02 2.143185850000e+00 7.911249410000e-04
3.300479800000e-02 2.144255640000e+00 8.074899670000e-04
3.300479800000e-02 2.144255640000e+00 8.375077740000e-04
3.292369100000e-02 2.144683840000e+00 8.470461470000e-04
3.300479800000e-02 2.144683840000e+00 8.755677850000e-04
3.308590500000e-02 2.145111800000e+00 9.194257440000e-04
3.308590500000e-02 2.145539760000e+00 9.315824720000e-04
3.316701200000e-02 2.145539760000e+00 9.629095440000e-04
3.324811910000e-02 2.145539760000e+00 1.004336050000e-03
3.332922610000e-02 2.146609540000e+00 1.024160880000e-03
3.332922610000e-02 2.146395680000e+00 1.052589160000e-03
3.332922610000e-02 2.147037740000e+00 1.062782130000e-03
3.341033310000e-02 2.147037740000e+00 1.094763750000e-03
3.357254710000e-02 2.147251610000e+00 1.139089120000e-03
3.365365420000e-02 2.147679570000e+00 1.151339380000e-03
3.365365420000e-02 2.147465710000e+00 1.182385840000e-03
3.357254710000e-02 2.147465710000e+00 1.195103740000e-03
3.365365420000e-02 2.147893670000e+00 1.224934590000e-03
3.365365420000e-02 2.148535490000e+00 1.265893690000e-03
3.373476120000e-02 2.148749590000e+00 1.280014170000e-03
3.381586820000e-02 2.148749590000e+00 1.310873540000e-03
3.389697520000e-02 2.149177550000e+00 1.354263860000e-03
3.389697520000e-02 2.149819610000e+00 1.365766050000e-03
3.397808220000e-02 2.149605510000e+00 1.394755440000e-03
3.405918930000e-02 2.149605510000e+00 1.406257620000e-03
3.405918930000e-02 2.150033470000e+00 1.437210480000e-03
3.414029630000e-02 2.150247570000e+00 1.475644760000e-03
3.414029630000e-02 2.150675540000e+00 1.488736480000e-03
3.422140330000e-02 2.150675540000e+00 1.519502490000e-03
3.438360240000e-02 2.151103500000e+00 1.533903760000e-03
3.430251030000e-02 2.151103500000e+00 1.562892810000e-03
3.438360240000e-02 2.151745560000e+00 1.601887980000e-03
3.438360240000e-02 2.151959420000e+00 1.617224190000e-03
3.454581650000e-02 2.151959420000e+00 1.650234570000e-03
3.454581650000e-02 2.152387380000e+00 1.691567600000e-03
3.454581650000e-02 2.153029440000e+00 1.705875040000e-03
3.470803050000e-02 2.153029440000e+00 1.737295650000e-03
3.478913750000e-02 2.153243300000e+00 1.752351410000e-03
3.470803050000e-02 2.153243300000e+00 1.783678660000e-03
3.487024460000e-02 2.153671260000e+00 1.822205960000e-03
3.487024460000e-02 2.154099460000e+00 1.836887910000e-03
3.487024460000e-02 2.153885360000e+00 1.870365580000e-03
3.487024460000e-02 2.154313330000e+00 1.908893230000e-03
3.495135160000e-02 2.154955390000e+00 1.922078660000e-03
3.503245860000e-02 2.154955390000e+00 1.954901960000e-03
3.511356560000e-02 2.155383350000e+00 1.971360300000e-03
3.511356560000e-02 2.155383350000e+00 2.000910700000e-03
3.519467260000e-02 2.155597210000e+00 2.038970820000e-03
3.519467260000e-02 2.156239270000e+00 2.052529950000e-03
3.527577970000e-02 2.156025170000e+00 2.083670120000e-03
3.535688670000e-02 2.156453370000e+00 2.093769610000e-03
3.535688670000e-02 2.156667230000e+00 2.125003140000e-03
3.543799370000e-02 2.156667230000e+00 2.164372480000e-03
3.551910070000e-02 2.157523160000e+00 2.184010340000e-03
3.551910070000e-02 2.157523160000e+00 2.214121630000e-03
3.560020770000e-02 2.157737260000e+00 2.250218070000e-03
3.560020770000e-02 2.157737260000e+00 2.264993030000e-03
3.568131480000e-02 2.158165220000e+00 2.299312500000e-03
3.568131480000e-02 2.158379080000e+00 2.311188960000e-03
3.576242180000e-02 2.158807280000e+00 2.341674180000e-03
3.584352880000e-02 2.159235240000e+00 2.381136870000e-03
3.592463580000e-02 2.159235240000e+00 2.401148900000e-03
3.592463580000e-02 2.159449100000e+00 2.429296500000e-03
3.592463580000e-02 2.159877060000e+00 2.438554310000e-03
3.600574280000e-02 2.159877060000e+00 2.469787840000e-03
3.608684990000e-02 2.160519120000e+00 2.512055910000e-03
3.624904900000e-02 2.160732980000e+00 2.523371250000e-03
3.624904900000e-02 2.160947080000e+00 2.553108610000e-03
3.616794200000e-02 2.160947080000e+00 2.590139860000e-03
3.641126300000e-02 2.161161180000e+00 2.608655490000e-03
3.641126300000e-02 2.161161180000e+00 2.638767010000e-03
3.641126300000e-02 2.161803010000e+00 2.648959870000e-03
3.649237010000e-02 2.161803010000e+00 2.678884190000e-03
3.657347710000e-02 2.162230970000e+00 2.721433060000e-03
3.657347710000e-02 2.162658930000e+00 2.733122320000e-03
3.657347710000e-02 2.162658930000e+00 2.763046650000e-03
3.657347710000e-02 2.162873030000e+00 2.804005520000e-03
3.673569110000e-02 2.163515090000e+00 2.824578430000e-03
3.673569110000e-02 2.163515090000e+00 2.854409390000e-03
3.681679820000e-02 2.163943050000e+00 2.864789220000e-03
3.681679820000e-02 2.163943050000e+00 2.894994100000e-03
3.689790520000e-02 2.164371010000e+00 2.934644000000e-03
3.697901220000e-02 2.164798970000e+00 2.944556530000e-03
3.697901220000e-02 2.164584880000e+00 2.975790060000e-03
3.697901220000e-02 2.164584880000e+00 2.988694700000e-03
3.706011920000e-02 2.165012840000e+00 3.020209030000e-03
3.706011920000e-02 2.165440800000e+00 3.060606770000e-03
3.722233330000e-02 2.166082860000e+00 3.073698840000e-03
3.730344030000e-02 2.166082860000e+00 3.104745180000e-03
3.738454730000e-02 2.166296960000e+00 3.148883810000e-03
3.738454730000e-02 2.166724920000e+00 3.159918120000e-03
3.738454730000e-02 2.166724920000e+00 3.190684130000e-03
3.738454730000e-02 2.166724920000e+00 3.203215080000e-03
3.754676130000e-02 2.167152880000e+00 3.234074450000e-03
3.754676130000e-02 2.167366740000e+00 3.273069630000e-03
3.754676130000e-02 2.168008800000e+00 3.285413610000e-03
3.762786840000e-02 2.168008800000e+00 3.318797800000e-03
3.779008240000e-02 2.168008800000e+00 3.335443330000e-03
3.779008240000e-02 2.168222900000e+00 3.365648210000e-03
3.779008240000e-02 2.168864730000e+00 3.404456420000e-03
3.779008240000e-02 2.168864730000e+00 3.418577140000e-03
3.787118940000e-02 2.169078830000e+00 3.451680530000e-03
3.787118940000e-02 2.169292690000e+00 3.492172340000e-03
3.795228150000e-02 2.169934750000e+00 3.506573150000e-03
3.811449560000e-02 2.169934750000e+00 3.537526120000e-03
3.811449560000e-02 2.170576810000e+00 3.553516930000e-03
3.811449560000e-02 2.170362710000e+00 3.582973960000e-03
3.811449560000e-02 2.171004770000e+00 3.618602640000e-03
3.819560260000e-02 2.171218630000e+00 3.631600880000e-03
3.827670960000e-02 2.171004770000e+00 3.665639790000e-03
3.827670960000e-02 2.171432730000e+00 3.705383050000e-03
3.835781660000e-02 2.171860690000e+00 3.718662080000e-03
3.843892370000e-02 2.171860690000e+00 3.749802240000e-03
3.852003070000e-02 2.172288660000e+00 3.764483840000e-03
3.860113770000e-02 2.172502520000e+00 3.792163680000e-03
3.860113770000e-02 2.172930720000e+00 3.830036850000e-03
3.860113770000e-02 2.172930720000e+00 3.844250920000e-03
3.868224470000e-02 2.173144580000e+00 3.875016700000e-03
3.884445880000e-02 2.173358680000e+00 3.884929470000e-03
3.884445880000e-02 2.173786640000e+00 3.914759960000e-03
3.884445880000e-02 2.174000500000e+00 3.951698080000e-03
3.892556580000e-02 2.174214600000e+00 3.969278650000e-03
3.892556580000e-02 2.174428460000e+00 3.998922650000e-03
3.892556580000e-02 2.174856420000e+00 4.034738060000e-03
3.908777980000e-02 2.175284620000e+00 4.048765170000e-03
3.916888680000e-02 2.175284620000e+00 4.081401510000e-03
3.916888680000e-02 2.175284620000e+00 4.092155490000e-03
3.916888680000e-02 2.175498490000e+00 4.121144300000e-03
3.924999390000e-02 2.175498490000e+00 4.121144300000e-03
