#  J [A] 	 V 	 L [w] 
-5.483627320000e-06 2.734959130000e-04 -3.060163680000e-09
-5.483627320000e-06 7.014572620000e-04 -2.782021500000e-09
-5.483627320000e-06 1.557439570000e-03 -2.596548980000e-09
-5.483627320000e-06 1.557439570000e-03 -2.782021500000e-09
-5.483627320000e-06 1.343458890000e-03 -2.967427410000e-09
-8.658319710000e-05 1.343458890000e-03 -2.596548980000e-09
-8.658319710000e-05 1.343458890000e-03 -2.967427410000e-09
-5.483627320000e-06 1.557439570000e-03 -2.874757770000e-09
-8.658319710000e-05 1.343458890000e-03 -2.689285240000e-09
-8.658319710000e-05 1.343458890000e-03 -3.060163680000e-09
-8.658319710000e-05 1.343458890000e-03 -2.874757770000e-09
-5.483627320000e-06 1.343458890000e-03 -2.689285240000e-09
-8.658319710000e-05 1.343458890000e-03 -3.245636200000e-09
-5.483627320000e-06 1.343458890000e-03 -2.967427410000e-09
-8.658319710000e-05 1.343458890000e-03 -2.967427410000e-09
-8.658319710000e-05 1.343458890000e-03 -2.782021500000e-09
-8.658319710000e-05 1.343458890000e-03 -2.967427410000e-09
-5.483627320000e-06 1.343458890000e-03 -2.596548980000e-09
-8.658319710000e-05 1.343458890000e-03 -2.689285240000e-09
-8.658319710000e-05 1.343458890000e-03 -2.967427410000e-09
-8.658319710000e-05 1.343458890000e-03 -2.689285240000e-09
-5.483627320000e-06 1.343458890000e-03 -2.689285240000e-09
-5.483627320000e-06 1.343458890000e-03 -2.967427410000e-09
-5.483627320000e-06 1.343458890000e-03 -2.503812710000e-09
-8.658319710000e-05 1.343458890000e-03 -2.782021500000e-09
-8.658319710000e-05 1.343458890000e-03 -2.782021500000e-09
4.000514750000e-04 6.028739810000e-01 -3.894723650000e-09
4.000514750000e-04 1.639877560000e+00 1.345447340000e-07
6.433725360000e-04 1.809144740000e+00 1.750658210000e-07
7.244795560000e-04 1.810642720000e+00 2.115070430000e-07
8.055865760000e-04 1.816206460000e+00 2.444246830000e-07
8.866861460000e-04 1.821342230000e+00 2.561081370000e-07
8.866861460000e-04 1.821984290000e+00 2.819785440000e-07
9.677931670000e-04 1.826050040000e+00 3.191615860000e-07
1.048900190000e-03 1.829688070000e+00 3.303813400000e-07
1.048900190000e-03 1.829901930000e+00 3.556954770000e-07
1.048900190000e-03 1.833967920000e+00 3.684916120000e-07
1.130007210000e-03 1.833967920000e+00 3.970511390000e-07
1.211114230000e-03 1.836963650000e+00 4.333068660000e-07
1.211114230000e-03 1.840815540000e+00 4.466593000000e-07
1.292221250000e-03 1.841243510000e+00 4.743843080000e-07
1.373328270000e-03 1.843811510000e+00 5.179654180000e-07
1.454435290000e-03 1.846593380000e+00 5.315961290000e-07
1.454435290000e-03 1.846807240000e+00 5.601555700000e-07
1.454435290000e-03 1.850017310000e+00 5.742498960000e-07
1.535542310000e-03 1.850017310000e+00 6.066111950000e-07
1.616649330000e-03 1.852371220000e+00 6.444431620000e-07
1.616649330000e-03 1.855153080000e+00 6.591865830000e-07
1.697756350000e-03 1.855153080000e+00 6.911769220000e-07
1.778855920000e-03 1.857506990000e+00 7.117620840000e-07
1.778855920000e-03 1.857720850000e+00 7.406924850000e-07
1.941069960000e-03 1.860074760000e+00 7.792663720000e-07
1.941069960000e-03 1.862000700000e+00 7.964206360000e-07
1.941069960000e-03 1.862000700000e+00 8.293382620000e-07
1.941069960000e-03 1.863926650000e+00 8.719919720000e-07
2.022176980000e-03 1.866494660000e+00 8.892390610000e-07
2.103284000000e-03 1.867136480000e+00 9.228983800000e-07
2.184391020000e-03 1.868634460000e+00 9.445963090000e-07
2.184391020000e-03 1.868634460000e+00 9.764012250000e-07
2.184391020000e-03 1.870988370000e+00 1.017014940000e-06
2.265498040000e-03 1.870988370000e+00 1.034447450000e-06
2.346605060000e-03 1.872700450000e+00 1.073299470000e-06
2.427712080000e-03 1.874412300000e+00 1.088877410000e-06
2.427712080000e-03 1.874412300000e+00 1.121795090000e-06
2.427712080000e-03 1.874412300000e+00 1.166303380000e-06
2.671025690000e-03 1.878050090000e+00 1.192637570000e-06
2.671025690000e-03 1.878050090000e+00 1.224442260000e-06
2.589926120000e-03 1.879548070000e+00 1.267930660000e-06
2.671025690000e-03 1.879548070000e+00 1.287310400000e-06
2.752132710000e-03 1.881259920000e+00 1.327275190000e-06
2.833239730000e-03 1.882757900000e+00 1.342111320000e-06
2.833239730000e-03 1.882972000000e+00 1.376976230000e-06
2.833239730000e-03 1.882972000000e+00 1.421484510000e-06
2.995453770000e-03 1.885967730000e+00 1.449951360000e-06
2.995453770000e-03 1.886181830000e+00 1.485001460000e-06
2.995453770000e-03 1.887679820000e+00 1.529138900000e-06
3.076560800000e-03 1.887679820000e+00 1.548796600000e-06
3.157667820000e-03 1.889177800000e+00 1.590523200000e-06
3.157667820000e-03 1.890247580000e+00 1.606286670000e-06
3.238774840000e-03 1.890889640000e+00 1.641151470000e-06
3.238774840000e-03 1.890889640000e+00 1.689276250000e-06
3.400988880000e-03 1.893457410000e+00 1.719875630000e-06
3.400988880000e-03 1.893457410000e+00 1.756502120000e-06
3.400988880000e-03 1.894741540000e+00 1.771523900000e-06
3.482095900000e-03 1.894741540000e+00 1.809077620000e-06
3.644302490000e-03 1.896453380000e+00 1.864249500000e-06
3.644302490000e-03 1.897523400000e+00 1.881589240000e-06
3.644302490000e-03 1.897737260000e+00 1.920626800000e-06
3.644302490000e-03 1.897737260000e+00 1.971254730000e-06
3.806516530000e-03 1.900305270000e+00 2.001483380000e-06
3.806516530000e-03 1.900091170000e+00 2.037553710000e-06
3.887623550000e-03 1.901589160000e+00 2.052946230000e-06
3.887623550000e-03 1.901803260000e+00 2.089480180000e-06
3.968730570000e-03 1.902659180000e+00 2.148639170000e-06
4.049837590000e-03 1.903943060000e+00 2.166813370000e-06
4.049837590000e-03 1.904157160000e+00 2.205109240000e-06
4.049837590000e-03 1.905441050000e+00 2.222912370000e-06
4.212051630000e-03 1.905655150000e+00 2.267328000000e-06
4.212051630000e-03 1.906724930000e+00 2.316750850000e-06
4.293158650000e-03 1.908009050000e+00 2.336315900000e-06
4.293158650000e-03 1.908009050000e+00 2.377393230000e-06
4.455365240000e-03 1.909078840000e+00 2.438128830000e-06
4.455365240000e-03 1.910148860000e+00 2.456303040000e-06
4.455365240000e-03 1.910362960000e+00 2.494784210000e-06
4.455365240000e-03 1.910362960000e+00 2.513607570000e-06
4.536472260000e-03 1.911432740000e+00 2.555241280000e-06
4.617579280000e-03 1.912502770000e+00 2.608094970000e-06
4.617579280000e-03 1.913572790000e+00 2.628772790000e-06
4.698686300000e-03 1.913786650000e+00 2.670220970000e-06
4.860900340000e-03 1.914856670000e+00 2.732903790000e-06
4.860900340000e-03 1.915926690000e+00 2.751912460000e-06
4.860900340000e-03 1.915926690000e+00 2.790764480000e-06
4.860900340000e-03 1.916996720000e+00 2.809309540000e-06
4.942007360000e-03 1.916782620000e+00 2.855116240000e-06
5.023114380000e-03 1.918066500000e+00 2.908989700000e-06
5.104221400000e-03 1.919136520000e+00 2.929018590000e-06
5.104221400000e-03 1.919350620000e+00 2.970744840000e-06
5.104221400000e-03 1.920206550000e+00 2.998840960000e-06
5.185328420000e-03 1.920206550000e+00 3.036858520000e-06
5.266435440000e-03 1.921276330000e+00 3.087486680000e-06
5.266435440000e-03 1.922132490000e+00 3.109369800000e-06
5.347535010000e-03 1.922346350000e+00 3.157865420000e-06
5.428642030000e-03 1.923202280000e+00 3.211831650000e-06
5.509749050000e-03 1.924058440000e+00 3.233158620000e-06
5.509749050000e-03 1.924272300000e+00 3.273957870000e-06
5.590856080000e-03 1.925342320000e+00 3.301033760000e-06
5.590856080000e-03 1.925342320000e+00 3.342575160000e-06
5.590856080000e-03 1.926198240000e+00 3.392183320000e-06
5.671963100000e-03 1.927054170000e+00 3.414901130000e-06
5.753070120000e-03 1.927268270000e+00 3.463303760000e-06
5.834177140000e-03 1.928124190000e+00 3.479994350000e-06
5.753070120000e-03 1.928338050000e+00 3.517548290000e-06
5.753070120000e-03 1.928980110000e+00 3.571143680000e-06
5.996391180000e-03 1.930264000000e+00 3.605637860000e-06
5.996391180000e-03 1.930050130000e+00 3.646715190000e-06
5.996391180000e-03 1.930906060000e+00 3.700588880000e-06
6.077498200000e-03 1.930906060000e+00 3.723770080000e-06
6.158605220000e-03 1.931976080000e+00 3.772080160000e-06
6.158605220000e-03 1.932832000000e+00 3.789419910000e-06
6.239704790000e-03 1.933259960000e+00 3.832815310000e-06
6.239704790000e-03 1.933259960000e+00 3.887801540000e-06
6.320811810000e-03 1.934757950000e+00 3.921183180000e-06
6.401918830000e-03 1.935185910000e+00 3.963373270000e-06
6.401918830000e-03 1.935613870000e+00 4.014001660000e-06
6.483025850000e-03 1.935613870000e+00 4.036719470000e-06
6.564132870000e-03 1.936683890000e+00 4.086976790000e-06
6.564132870000e-03 1.937539820000e+00 4.106356300000e-06
6.645239890000e-03 1.937753920000e+00 4.106356300000e-06
6.645239890000e-03 1.937753920000e+00 4.106356300000e-06
6.807453930000e-03 1.939465760000e+00 4.106356300000e-06
6.807453930000e-03 1.939251660000e+00 4.106356300000e-06
6.888560950000e-03 1.939251660000e+00 4.434602940000e-06
6.888560950000e-03 1.940107820000e+00 4.422473470000e-06
6.969667970000e-03 1.940963750000e+00 4.444865680000e-06
6.969667970000e-03 1.942033530000e+00 4.456062920000e-06
7.050774990000e-03 1.942033530000e+00 4.494315820000e-06
7.131874560000e-03 1.942033530000e+00 4.549363890000e-06
7.212981580000e-03 1.943745610000e+00 4.569889370000e-06
7.212981580000e-03 1.943531510000e+00 4.615607390000e-06
7.212981580000e-03 1.944387440000e+00 4.629602240000e-06
7.294088600000e-03 1.944387440000e+00 4.679052380000e-06
7.375195620000e-03 1.945457460000e+00 4.738765260000e-06
7.456302640000e-03 1.946313380000e+00 4.758358500000e-06
7.375195620000e-03 1.946313380000e+00 4.805008300000e-06
7.375195620000e-03 1.947169540000e+00 4.820870340000e-06
7.456302640000e-03 1.946955440000e+00 4.868453740000e-06
7.618516680000e-03 1.947811370000e+00 4.931897820000e-06
7.618516680000e-03 1.948453430000e+00 4.947759410000e-06
7.699623700000e-03 1.948667290000e+00 4.994409660000e-06
7.699623700000e-03 1.949523450000e+00 5.060654080000e-06
7.780730720000e-03 1.950165270000e+00 5.075581160000e-06
7.861837740000e-03 1.950379370000e+00 5.126897120000e-06
7.861837740000e-03 1.951235290000e+00 5.148357100000e-06
7.861837740000e-03 1.951235290000e+00 5.192207940000e-06
7.861837740000e-03 1.951877360000e+00 5.253786180000e-06
8.024044330000e-03 1.952947140000e+00 5.275246170000e-06
8.105151360000e-03 1.952947140000e+00 5.319097450000e-06
8.186258380000e-03 1.953375100000e+00 5.388140380000e-06
8.186258380000e-03 1.954231260000e+00 5.404934650000e-06
8.267365400000e-03 1.954445120000e+00 5.450652220000e-06
8.267365400000e-03 1.954445120000e+00 5.465580670000e-06
8.267365400000e-03 1.954873090000e+00 5.515963040000e-06
8.267365400000e-03 1.955943110000e+00 5.575675910000e-06
8.510686460000e-03 1.956585170000e+00 5.595269160000e-06
8.510686460000e-03 1.956585170000e+00 5.646585120000e-06
8.591793480000e-03 1.957441090000e+00 5.670842710000e-06
8.510686460000e-03 1.957441090000e+00 5.717493880000e-06
8.672900500000e-03 1.958082910000e+00 5.782803780000e-06
8.672900500000e-03 1.958939080000e+00 5.801464340000e-06
8.754007520000e-03 1.959152940000e+00 5.851847160000e-06
8.754007520000e-03 1.959795000000e+00 5.918091120000e-06
8.835114540000e-03 1.960222960000e+00 5.933951800000e-06
8.916214110000e-03 1.960222960000e+00 5.983401930000e-06
8.997321130000e-03 1.961292980000e+00 6.007659980000e-06
8.997321130000e-03 1.961078880000e+00 6.056176520000e-06
8.916214110000e-03 1.962362770000e+00 6.114022650000e-06
9.078428150000e-03 1.962362770000e+00 6.134549040000e-06
9.159535170000e-03 1.962790730000e+00 6.191462940000e-06
9.159535170000e-03 1.963432790000e+00 6.206391390000e-06
9.240642190000e-03 1.963432790000e+00 6.259572730000e-06
9.240642190000e-03 1.964716670000e+00 6.316486630000e-06
9.402856230000e-03 1.964930770000e+00 6.348209350000e-06
9.402856230000e-03 1.965144630000e+00 6.392060190000e-06
9.402856230000e-03 1.965786700000e+00 6.455505630000e-06
9.483963250000e-03 1.966428760000e+00 6.476964240000e-06
9.565070270000e-03 1.966428760000e+00 6.529213350000e-06
9.646177290000e-03 1.967284680000e+00 6.543208660000e-06
9.646177290000e-03 1.967498540000e+00 6.592657430000e-06
9.646177290000e-03 1.967498540000e+00 6.654236130000e-06
9.808383880000e-03 1.968568560000e+00 6.679427320000e-06
9.808383880000e-03 1.968782660000e+00 6.727943860000e-06
9.889490900000e-03 1.969210620000e+00 6.744738130000e-06
9.889490900000e-03 1.969638590000e+00 6.792321530000e-06
9.889490900000e-03 1.970066550000e+00 6.866029710000e-06
9.889490900000e-03 1.970922470000e+00 6.885622500000e-06
1.005170490000e-02 1.971136570000e+00 6.935072630000e-06
1.005170490000e-02 1.971136570000e+00 6.996651340000e-06
1.021391900000e-02 1.972206350000e+00 7.027440460000e-06
1.021391900000e-02 1.972420450000e+00 7.074091630000e-06
1.021391900000e-02 1.972848420000e+00 7.089020070000e-06
1.021391900000e-02 1.972848420000e+00 7.139402440000e-06
1.037613300000e-02 1.973704340000e+00 7.205645490000e-06
1.045724000000e-02 1.974346400000e+00 7.222439760000e-06
1.045724000000e-02 1.974346400000e+00 7.275622470000e-06
1.045724000000e-02 1.974346400000e+00 7.340933280000e-06
1.053834710000e-02 1.975630280000e+00 7.371722400000e-06
1.061945410000e-02 1.975844380000e+00 7.419305800000e-06
1.061945410000e-02 1.976486210000e+00 7.432367510000e-06
1.070055370000e-02 1.976486210000e+00 7.479950910000e-06
1.078166070000e-02 1.976914170000e+00 7.553658630000e-06
1.086276770000e-02 1.977770330000e+00 7.574185470000e-06
1.086276770000e-02 1.977770330000e+00 7.618969450000e-06
1.086276770000e-02 1.977770330000e+00 7.637630920000e-06
1.094387470000e-02 1.978626250000e+00 7.691744030000e-06
1.094387470000e-02 1.979054210000e+00 7.753324100000e-06
1.110608880000e-02 1.979910140000e+00 7.768251630000e-06
1.110608880000e-02 1.979910140000e+00 7.819567140000e-06
1.118719580000e-02 1.980552200000e+00 7.894208470000e-06
1.126830280000e-02 1.981194020000e+00 7.913801710000e-06
1.126830280000e-02 1.981194020000e+00 7.965117220000e-06
1.126830280000e-02 1.981194020000e+00 7.985643610000e-06
1.134940980000e-02 1.981836080000e+00 8.037891350000e-06
1.143051680000e-02 1.982692000000e+00 8.104136210000e-06
1.151162390000e-02 1.983334060000e+00 8.123729460000e-06
1.151162390000e-02 1.983334060000e+00 8.177843480000e-06
1.159272340000e-02 1.983975890000e+00 8.202101530000e-06
1.159272340000e-02 1.983975890000e+00 8.249685380000e-06
1.159272340000e-02 1.984617950000e+00 8.308464200000e-06
1.167383040000e-02 1.984617950000e+00 8.331790010000e-06
1.175493750000e-02 1.985045910000e+00 8.388704370000e-06
1.183604450000e-02 1.985901830000e+00 8.454015190000e-06
1.191715150000e-02 1.986757990000e+00 8.478272320000e-06
1.191715150000e-02 1.986543890000e+00 8.526789320000e-06
1.199825850000e-02 1.987185960000e+00 8.554779920000e-06
1.207936560000e-02 1.987399820000e+00 8.598632120000e-06
1.207936560000e-02 1.987827780000e+00 8.664875170000e-06
1.207936560000e-02 1.988469840000e+00 8.687266930000e-06
1.207936560000e-02 1.988469840000e+00 8.740449630000e-06
1.216047260000e-02 1.989111900000e+00 8.807625820000e-06
1.232268660000e-02 1.989967820000e+00 8.825353690000e-06
1.232268660000e-02 1.989967820000e+00 8.878534570000e-06
1.232268660000e-02 1.990395780000e+00 8.899994100000e-06
1.232268660000e-02 1.990181680000e+00 8.947577040000e-06
1.240379360000e-02 1.991037610000e+00 9.013821910000e-06
1.248489320000e-02 1.991037610000e+00 9.038079040000e-06
1.256600020000e-02 1.991679670000e+00 9.093127120000e-06
1.256600020000e-02 1.992321730000e+00 9.110854990000e-06
1.264710720000e-02 1.992321730000e+00 9.162170500000e-06
1.264710720000e-02 1.992963550000e+00 9.228414460000e-06
1.280932130000e-02 1.993605610000e+00 9.260135810000e-06
1.280932130000e-02 1.993605610000e+00 9.309585950000e-06
1.280932130000e-02 1.994247670000e+00 9.373031390000e-06
1.280932130000e-02 1.995103600000e+00 9.393556870000e-06
1.297153530000e-02 1.994675640000e+00 9.444873290000e-06
1.305264230000e-02 1.995531560000e+00 9.467265950000e-06
1.305264230000e-02 1.995531560000e+00 9.517648320000e-06
1.305264230000e-02 1.996173620000e+00 9.587623940000e-06
1.321485640000e-02 1.996815440000e+00 9.619345290000e-06
1.313374940000e-02 1.996815440000e+00 9.665996000000e-06
1.313374940000e-02 1.997243400000e+00 9.682790730000e-06
1.329596340000e-02 1.997243400000e+00 9.734105330000e-06
1.337706300000e-02 1.998099330000e+00 9.805015000000e-06
1.345817000000e-02 1.998527530000e+00 9.825540470000e-06
1.337706300000e-02 1.998527530000e+00 9.877790030000e-06
1.337706300000e-02 1.999169350000e+00 9.944033990000e-06
1.353927700000e-02 1.999811410000e+00 9.972955920000e-06
1.362038400000e-02 1.999811410000e+00 1.002053980000e-05
1.362038400000e-02 2.000453230000e+00 1.003920080000e-05
1.370149110000e-02 2.000453230000e+00 1.009144940000e-05
1.370149110000e-02 2.000881430000e+00 1.017168870000e-05
1.386370510000e-02 2.001737360000e+00 1.018661620000e-05
1.378259810000e-02 2.001737360000e+00 1.023979800000e-05
1.378259810000e-02 2.002165320000e+00 1.030697420000e-05
1.394481210000e-02 2.002593280000e+00 1.033496480000e-05
1.402591910000e-02 2.002807140000e+00 1.038814570000e-05
1.402591910000e-02 2.003449200000e+00 1.040494040000e-05
1.410702620000e-02 2.003449200000e+00 1.045625690000e-05
1.418813320000e-02 2.004091260000e+00 1.053276260000e-05
1.418813320000e-02 2.004733090000e+00 1.055329080000e-05
1.418813320000e-02 2.004733090000e+00 1.059993970000e-05
1.426923270000e-02 2.005375150000e+00 1.062139930000e-05
1.426923270000e-02 2.005161290000e+00 1.067737960000e-05
1.443144680000e-02 2.005803110000e+00 1.074642300000e-05
1.443144680000e-02 2.006445170000e+00 1.077068190000e-05
1.451255380000e-02 2.006445170000e+00 1.082386370000e-05
1.459366080000e-02 2.007086990000e+00 1.089850500000e-05
1.459366080000e-02 2.007515190000e+00 1.091529880000e-05
1.459366080000e-02 2.007515190000e+00 1.096941290000e-05
1.459366080000e-02 2.008371110000e+00 1.098714070000e-05
1.475587490000e-02 2.008157010000e+00 1.104592050000e-05
1.475587490000e-02 2.008584980000e+00 1.111216440000e-05
1.475587490000e-02 2.009012940000e+00 1.113642160000e-05
1.491808890000e-02 2.009227040000e+00 1.118120600000e-05
1.499919590000e-02 2.009869100000e+00 1.120919570000e-05
1.491808890000e-02 2.009869100000e+00 1.126424470000e-05
1.508030300000e-02 2.010510920000e+00 1.133235490000e-05
1.508030300000e-02 2.010938880000e+00 1.135474760000e-05
1.516140250000e-02 2.010938880000e+00 1.141259240000e-05
1.516140250000e-02 2.011580940000e+00 1.147977130000e-05
1.516140250000e-02 2.012223010000e+00 1.150029680000e-05
1.532361660000e-02 2.012223010000e+00 1.155720930000e-05
1.532361660000e-02 2.012864830000e+00 1.158706620000e-05
1.540472360000e-02 2.012864830000e+00 1.163371690000e-05
1.540472360000e-02 2.013506890000e+00 1.170182620000e-05
1.540472360000e-02 2.014148710000e+00 1.172795150000e-05
1.548583060000e-02 2.014148710000e+00 1.177833380000e-05
1.564804460000e-02 2.014362810000e+00 1.184924170000e-05
1.564804460000e-02 2.015218730000e+00 1.187163430000e-05
1.572915170000e-02 2.015218730000e+00 1.192668240000e-05
1.581025870000e-02 2.015860800000e+00 1.195653930000e-05
1.581025870000e-02 2.015860800000e+00 1.200785390000e-05
1.589136570000e-02 2.016502620000e+00 1.207223160000e-05
1.589136570000e-02 2.016930820000e+00 1.209369110000e-05
1.597247270000e-02 2.016716720000e+00 1.215247080000e-05
1.605357230000e-02 2.017572640000e+00 1.217206410000e-05
1.605357230000e-02 2.017572640000e+00 1.222617990000e-05
1.605357230000e-02 2.018214700000e+00 1.228962260000e-05
1.621578630000e-02 2.018642660000e+00 1.232414520000e-05
1.621578630000e-02 2.018428560000e+00 1.236706340000e-05
1.629689340000e-02 2.019284730000e+00 1.243797310000e-05
1.629689340000e-02 2.019712690000e+00 1.246036570000e-05
1.629689340000e-02 2.019712690000e+00 1.251727830000e-05
1.645910740000e-02 2.020140650000e+00 1.254153720000e-05
1.645910740000e-02 2.020354510000e+00 1.259285180000e-05
1.645910740000e-02 2.020996570000e+00 1.266189520000e-05
1.662132140000e-02 2.021424530000e+00 1.269175210000e-05
1.654021440000e-02 2.021210430000e+00 1.274959870000e-05
1.654021440000e-02 2.021852490000e+00 1.276732560000e-05
1.662132140000e-02 2.022066590000e+00 1.282330600000e-05
1.678353550000e-02 2.022494550000e+00 1.289701320000e-05
1.678353550000e-02 2.023136380000e+00 1.291847270000e-05
1.678353550000e-02 2.023136380000e+00 1.296978920000e-05
1.686464250000e-02 2.023136380000e+00 1.304349640000e-05
1.702684910000e-02 2.023992540000e+00 1.307521780000e-05
1.702684910000e-02 2.023992540000e+00 1.312466790000e-05
1.702684910000e-02 2.024848460000e+00 1.314332890000e-05
1.702684910000e-02 2.024848460000e+00 1.319930930000e-05
1.718906310000e-02 2.025490280000e+00 1.327301830000e-05
1.718906310000e-02 2.025918250000e+00 1.329541010000e-05
1.718906310000e-02 2.025918250000e+00 1.335232350000e-05
1.727017020000e-02 2.025918250000e+00 1.341949970000e-05
1.735127720000e-02 2.026988270000e+00 1.345308830000e-05
1.743238420000e-02 2.026988270000e+00 1.350813640000e-05
1.751349120000e-02 2.027416230000e+00 1.352586240000e-05
1.751349120000e-02 2.027416230000e+00 1.357531260000e-05
1.743238420000e-02 2.027844190000e+00 1.364995390000e-05
1.759459820000e-02 2.028486250000e+00 1.367981080000e-05
1.759459820000e-02 2.028700350000e+00 1.373112540000e-05
1.767570530000e-02 2.028700350000e+00 1.374885230000e-05
1.767570530000e-02 2.028914210000e+00 1.380763390000e-05
1.775681230000e-02 2.029770140000e+00 1.388040800000e-05
1.783791180000e-02 2.030412200000e+00 1.390653140000e-05
1.783791180000e-02 2.030412200000e+00 1.396064540000e-05
1.800012590000e-02 2.030840160000e+00 1.403808620000e-05
1.800012590000e-02 2.031268120000e+00 1.406141200000e-05
1.800012590000e-02 2.031482220000e+00 1.411832550000e-05
1.800012590000e-02 2.031696080000e+00 1.413325300000e-05
1.808123290000e-02 2.031696080000e+00 1.418923510000e-05
1.816233990000e-02 2.032552000000e+00 1.426201020000e-05
1.832455400000e-02 2.032766100000e+00 1.428999990000e-05
1.832455400000e-02 2.033194070000e+00 1.434224670000e-05
1.832455400000e-02 2.033408160000e+00 1.437117130000e-05
1.832455400000e-02 2.033408160000e+00 1.442435310000e-05
1.840566100000e-02 2.034049990000e+00 1.448966300000e-05
1.848676800000e-02 2.034049990000e+00 1.451205480000e-05
1.848676800000e-02 2.034264090000e+00 1.457270080000e-05
1.864898200000e-02 2.034905910000e+00 1.465014160000e-05
1.873008160000e-02 2.035762070000e+00 1.466973480000e-05
1.873008160000e-02 2.035762070000e+00 1.472571510000e-05
1.873008160000e-02 2.035762070000e+00 1.475184040000e-05
1.873008160000e-02 2.035975930000e+00 1.481062010000e-05
1.873008160000e-02 2.036831860000e+00 1.487966160000e-05
1.881118860000e-02 2.036831860000e+00 1.490578690000e-05
1.889229570000e-02 2.037259820000e+00 1.496643290000e-05
1.889229570000e-02 2.037901880000e+00 1.504200650000e-05
1.905450970000e-02 2.038329840000e+00 1.506812990000e-05
1.905450970000e-02 2.038329840000e+00 1.512504510000e-05
1.913561670000e-02 2.038757800000e+00 1.515116860000e-05
1.913561670000e-02 2.038757800000e+00 1.520714890000e-05
1.913561670000e-02 2.039399860000e+00 1.527899080000e-05
1.929783080000e-02 2.039827820000e+00 1.530418190000e-05
1.929783080000e-02 2.039827820000e+00 1.536482890000e-05
1.946004480000e-02 2.040469880000e+00 1.538815380000e-05
1.937893780000e-02 2.040255780000e+00 1.544226870000e-05
1.937893780000e-02 2.040897850000e+00 1.551504280000e-05
1.954115180000e-02 2.041539670000e+00 1.554956360000e-05
1.954115180000e-02 2.041325810000e+00 1.560554480000e-05
1.954115180000e-02 2.042181730000e+00 1.567645450000e-05
1.962225880000e-02 2.042181730000e+00 1.569977940000e-05
1.978447290000e-02 2.042609690000e+00 1.576135760000e-05
1.986557990000e-02 2.042823790000e+00 1.578281810000e-05
1.986557990000e-02 2.043037650000e+00 1.584066380000e-05
1.986557990000e-02 2.043465610000e+00 1.591437100000e-05
1.994668690000e-02 2.043893580000e+00 1.594889180000e-05
2.002779390000e-02 2.044107680000e+00 1.600207540000e-05
2.002779390000e-02 2.044321540000e+00 1.602446720000e-05
2.002779390000e-02 2.044535640000e+00 1.607764900000e-05
2.010888610000e-02 2.045177700000e+00 1.615788640000e-05
2.027110010000e-02 2.045605660000e+00 1.617841370000e-05
2.027110010000e-02 2.045605660000e+00 1.623532630000e-05
2.027110010000e-02 2.046247480000e+00 1.631556550000e-05
2.035220710000e-02 2.046675440000e+00 1.634915500000e-05
2.035220710000e-02 2.046675440000e+00 1.640326990000e-05
2.035220710000e-02 2.047103640000e+00 1.641726520000e-05
2.043331410000e-02 2.047103640000e+00 1.648164290000e-05
2.059552820000e-02 2.047745470000e+00 1.656468160000e-05
2.067663520000e-02 2.047959570000e+00 1.658520700000e-05
2.059552820000e-02 2.048173430000e+00 1.664491900000e-05
2.059552820000e-02 2.048815490000e+00 1.671396240000e-05
2.075774220000e-02 2.049243450000e+00 1.674941630000e-05
2.075774220000e-02 2.049243450000e+00 1.680352940000e-05
2.075774220000e-02 2.049457550000e+00 1.682685620000e-05
2.083884920000e-02 2.049457550000e+00 1.688377050000e-05
2.091995630000e-02 2.050313470000e+00 1.696587610000e-05
2.108217030000e-02 2.050741430000e+00 1.698733290000e-05
2.108217030000e-02 2.050741430000e+00 1.704238090000e-05
2.108217030000e-02 2.051383260000e+00 1.706664080000e-05
2.116327730000e-02 2.050955300000e+00 1.712821900000e-05
2.116327730000e-02 2.051597360000e+00 1.720565890000e-05
2.116327730000e-02 2.052239420000e+00 1.722991690000e-05
2.124438430000e-02 2.052239420000e+00 1.729149700000e-05
2.132549140000e-02 2.052667380000e+00 1.736333620000e-05
2.140659840000e-02 2.053095340000e+00 1.738572970000e-05
2.140659840000e-02 2.053309200000e+00 1.744637480000e-05
2.148770540000e-02 2.053523300000e+00 1.747063470000e-05
2.140659840000e-02 2.053737160000e+00 1.753221300000e-05
2.156881240000e-02 2.053951260000e+00 1.761151910000e-05
2.156881240000e-02 2.054807190000e+00 1.763577710000e-05
2.173102650000e-02 2.054807190000e+00 1.769642220000e-05
2.173102650000e-02 2.055449250000e+00 1.772441280000e-05
2.181213350000e-02 2.055021290000e+00 1.778505980000e-05
2.181213350000e-02 2.055663110000e+00 1.785503450000e-05
2.181213350000e-02 2.056305170000e+00 1.788302510000e-05
2.189322560000e-02 2.056305170000e+00 1.794833410000e-05
2.189322560000e-02 2.056733130000e+00 1.802017690000e-05
2.205543970000e-02 2.057161090000e+00 1.804443670000e-05
2.205543970000e-02 2.057375190000e+00 1.810601500000e-05
2.213654670000e-02 2.057589050000e+00 1.813866950000e-05
2.213654670000e-02 2.057803150000e+00 1.819931640000e-05
2.221765370000e-02 2.058231120000e+00 1.827395500000e-05
2.229876070000e-02 2.058231120000e+00 1.829728170000e-05
2.229876070000e-02 2.058659080000e+00 1.835979310000e-05
2.246097480000e-02 2.059515000000e+00 1.843816610000e-05
2.246097480000e-02 2.059729100000e+00 1.846615670000e-05
2.254208180000e-02 2.059729100000e+00 1.852587050000e-05
2.262318880000e-02 2.060157060000e+00 1.855385930000e-05
2.262318880000e-02 2.060157060000e+00 1.860984050000e-05
2.262318880000e-02 2.060585020000e+00 1.868354780000e-05
2.262318880000e-02 2.060585020000e+00 1.870874080000e-05
2.270429580000e-02 2.060798880000e+00 1.877591790000e-05
2.270429580000e-02 2.061655040000e+00 1.879457520000e-05
2.278540280000e-02 2.061868910000e+00 1.885802160000e-05
2.278540280000e-02 2.062083010000e+00 1.893732770000e-05
2.294761690000e-02 2.062724830000e+00 1.897651420000e-05
2.294761690000e-02 2.062724830000e+00 1.903529300000e-05
2.294761690000e-02 2.062938930000e+00 1.910993520000e-05
2.310983090000e-02 2.062938930000e+00 1.913699090000e-05
2.310983090000e-02 2.063580990000e+00 1.920136860000e-05
2.310983090000e-02 2.064222810000e+00 1.922096090000e-05
2.319093790000e-02 2.064222810000e+00 1.928254280000e-05
2.319093790000e-02 2.064222810000e+00 1.936278020000e-05
2.335315200000e-02 2.065078740000e+00 1.939450340000e-05
2.343425900000e-02 2.065078740000e+00 1.945608160000e-05
2.343425900000e-02 2.065506700000e+00 1.947660710000e-05
2.343425900000e-02 2.065506700000e+00 1.953912030000e-05
2.359647300000e-02 2.066148760000e+00 1.962402350000e-05
2.367756520000e-02 2.066362860000e+00 1.965014780000e-05
2.367756520000e-02 2.066576720000e+00 1.970985980000e-05
2.359647300000e-02 2.066576720000e+00 1.978543330000e-05
2.383977920000e-02 2.067646740000e+00 1.982461980000e-05
2.383977920000e-02 2.067432640000e+00 1.988340050000e-05
2.392088620000e-02 2.068074700000e+00 1.990579220000e-05
2.392088620000e-02 2.068074700000e+00 1.996457290000e-05
2.392088620000e-02 2.068502660000e+00 2.004574530000e-05
2.392088620000e-02 2.068930630000e+00 2.007093640000e-05
2.400199320000e-02 2.068930630000e+00 2.013624540000e-05
2.400199320000e-02 2.069572690000e+00 2.021648470000e-05
2.416420730000e-02 2.070000650000e+00 2.025753930000e-05
2.416420730000e-02 2.069786550000e+00 2.032004890000e-05
2.416420730000e-02 2.070214510000e+00 2.034150930000e-05
2.424531430000e-02 2.070214510000e+00 2.040308750000e-05
2.432642130000e-02 2.070856570000e+00 2.049265640000e-05
2.432642130000e-02 2.071070670000e+00 2.051784760000e-05
2.448863540000e-02 2.071284530000e+00 2.058036080000e-05
2.448863540000e-02 2.071712490000e+00 2.060461700000e-05
2.448863540000e-02 2.071926590000e+00 2.066526390000e-05
2.456974240000e-02 2.072354560000e+00 2.074643450000e-05
2.465084940000e-02 2.072782520000e+00 2.077069440000e-05
2.465084940000e-02 2.072782520000e+00 2.083786970000e-05
2.481306340000e-02 2.072996620000e+00 2.093210420000e-05
2.481306340000e-02 2.073638440000e+00 2.095356470000e-05
2.489417050000e-02 2.073852540000e+00 2.102260620000e-05
2.489417050000e-02 2.073852540000e+00 2.104499980000e-05
2.497527750000e-02 2.074280500000e+00 2.110937750000e-05
2.497527750000e-02 2.074708460000e+00 2.119241440000e-05
2.497527750000e-02 2.075350520000e+00 2.122133810000e-05
2.513749150000e-02 2.075350520000e+00 2.128105010000e-05
2.513749150000e-02 2.075564380000e+00 2.131557270000e-05
2.513749150000e-02 2.075564380000e+00 2.137621780000e-05
2.513749150000e-02 2.075992350000e+00 2.145272450000e-05
2.521859850000e-02 2.075992350000e+00 2.147791570000e-05
2.529970560000e-02 2.076420310000e+00 2.154882350000e-05
2.529970560000e-02 2.077062370000e+00 2.164026050000e-05
2.538081260000e-02 2.077490330000e+00 2.166451850000e-05
2.546190470000e-02 2.077490330000e+00 2.173076250000e-05
2.562411870000e-02 2.077918290000e+00 2.176248380000e-05
2.554301170000e-02 2.078132390000e+00 2.182313070000e-05
2.554301170000e-02 2.078560350000e+00 2.190710070000e-05
2.562411870000e-02 2.078560350000e+00 2.193229190000e-05
2.570522580000e-02 2.078988310000e+00 2.200413470000e-05
2.570522580000e-02 2.079416280000e+00 2.208717340000e-05
2.586743980000e-02 2.079630370000e+00 2.211516400000e-05
2.594854680000e-02 2.079630370000e+00 2.217674230000e-05
2.594854680000e-02 2.080058340000e+00 2.220753050000e-05
2.594854680000e-02 2.080058340000e+00 2.227284130000e-05
2.594854680000e-02 2.080700160000e+00 2.235867760000e-05
2.611076090000e-02 2.080700160000e+00 2.238480370000e-05
2.611076090000e-02 2.081128120000e+00 2.245757790000e-05
2.627297490000e-02 2.081556080000e+00 2.248183590000e-05
2.627297490000e-02 2.081770180000e+00 2.254341600000e-05
2.619186790000e-02 2.081770180000e+00 2.262831910000e-05
2.643518890000e-02 2.082626100000e+00 2.267030500000e-05
2.643518890000e-02 2.082626100000e+00 2.273095010000e-05
2.643518890000e-02 2.083268170000e+00 2.281305390000e-05
2.651629600000e-02 2.083268170000e+00 2.283918000000e-05
2.651629600000e-02 2.083482030000e+00 2.290542400000e-05
2.651629600000e-02 2.083909990000e+00 2.292408320000e-05
2.659740300000e-02 2.084124090000e+00 2.299592600000e-05
2.667851000000e-02 2.084124090000e+00 2.308456170000e-05
2.684072410000e-02 2.084980010000e+00 2.312281500000e-05
2.684072410000e-02 2.084980010000e+00 2.319092530000e-05
2.675961700000e-02 2.085194110000e+00 2.321611650000e-05
2.684072410000e-02 2.085194110000e+00 2.328049230000e-05
2.700293810000e-02 2.085835930000e+00 2.337472690000e-05
2.700293810000e-02 2.086263900000e+00 2.339991810000e-05
2.700293810000e-02 2.086050030000e+00 2.347082950000e-05
2.708404510000e-02 2.086050030000e+00 2.355479960000e-05
2.716515210000e-02 2.087333920000e+00 2.359491740000e-05
2.716515210000e-02 2.087333920000e+00 2.365836370000e-05
2.716515210000e-02 2.087548020000e+00 2.368075550000e-05
2.724624430000e-02 2.087548020000e+00 2.375073020000e-05
2.732735130000e-02 2.087975980000e+00 2.384776420000e-05
2.732735130000e-02 2.088403940000e+00 2.387482160000e-05
2.740845830000e-02 2.088617800000e+00 2.394572950000e-05
2.748956530000e-02 2.088617800000e+00 2.403436700000e-05
2.765177940000e-02 2.089687820000e+00 2.406888780000e-05
2.765177940000e-02 2.089473960000e+00 2.413606670000e-05
2.757067230000e-02 2.089687820000e+00 2.416125790000e-05
2.765177940000e-02 2.089687820000e+00 2.422843320000e-05
2.773288640000e-02 2.090329890000e+00 2.432173280000e-05
2.773288640000e-02 2.090757850000e+00 2.434785890000e-05
2.781399340000e-02 2.090971710000e+00 2.441690050000e-05
2.781399340000e-02 2.090971710000e+00 2.443929220000e-05
2.789510040000e-02 2.091399910000e+00 2.451580080000e-05
2.789510040000e-02 2.091827870000e+00 2.460630090000e-05
2.797620740000e-02 2.092041730000e+00 2.463242710000e-05
2.805731450000e-02 2.092041730000e+00 2.470800060000e-05
2.813842150000e-02 2.092469690000e+00 2.480596590000e-05
2.813842150000e-02 2.093111750000e+00 2.483022580000e-05
2.821952850000e-02 2.093111750000e+00 2.490299990000e-05
2.830063550000e-02 2.093111750000e+00 2.493099050000e-05
2.830063550000e-02 2.093325610000e+00 2.499909900000e-05
2.838174250000e-02 2.093753810000e+00 2.509240040000e-05
2.838174250000e-02 2.094181780000e+00 2.512319040000e-05
2.846284960000e-02 2.094181780000e+00 2.519036750000e-05
2.854395660000e-02 2.094609740000e+00 2.522395520000e-05
2.854395660000e-02 2.094823600000e+00 2.529486480000e-05
2.862506360000e-02 2.095465660000e+00 2.538816440000e-05
2.862506360000e-02 2.095465660000e+00 2.541802310000e-05
2.870617060000e-02 2.095893620000e+00 2.548986410000e-05
2.878727760000e-02 2.096321580000e+00 2.558503180000e-05
2.878727760000e-02 2.096749540000e+00 2.561488870000e-05
2.886838470000e-02 2.096749540000e+00 2.568486340000e-05
2.903058380000e-02 2.097177510000e+00 2.572404990000e-05
2.894949170000e-02 2.096963640000e+00 2.579122700000e-05
2.894949170000e-02 2.097605470000e+00 2.588079590000e-05
2.903058380000e-02 2.097605470000e+00 2.590878470000e-05
2.911169080000e-02 2.098033430000e+00 2.598249380000e-05
2.919279780000e-02 2.098461630000e+00 2.607766150000e-05
2.919279780000e-02 2.098675490000e+00 2.610751650000e-05
2.927390490000e-02 2.098675490000e+00 2.618215690000e-05
2.927390490000e-02 2.099317550000e+00 2.621667950000e-05
2.935501190000e-02 2.099103450000e+00 2.629598570000e-05
2.935501190000e-02 2.099745510000e+00 2.638742080000e-05
2.943611890000e-02 2.099745510000e+00 2.641447830000e-05
2.951722590000e-02 2.100173470000e+00 2.649751700000e-05
2.951722590000e-02 2.100601430000e+00 2.652270810000e-05
2.959833290000e-02 2.100601430000e+00 2.659828170000e-05
2.959833290000e-02 2.100601430000e+00 2.669624700000e-05
2.976054700000e-02 2.101457360000e+00 2.673823290000e-05
2.976054700000e-02 2.101457360000e+00 2.681007570000e-05
2.976054700000e-02 2.102099420000e+00 2.690151090000e-05
2.992276100000e-02 2.102099420000e+00 2.693882930000e-05
2.992276100000e-02 2.102313280000e+00 2.701533780000e-05
2.992276100000e-02 2.102955340000e+00 2.704425970000e-05
3.000386800000e-02 2.102955340000e+00 2.712170140000e-05
3.000386800000e-02 2.102955340000e+00 2.721780040000e-05
3.016608210000e-02 2.103811260000e+00 2.725885320000e-05
3.016608210000e-02 2.103597400000e+00 2.733629300000e-05
3.016608210000e-02 2.104025360000e+00 2.736428360000e-05
3.024718910000e-02 2.104025360000e+00 2.743519140000e-05
3.032829610000e-02 2.104239230000e+00 2.754342130000e-05
3.032829610000e-02 2.104881290000e+00 2.756861250000e-05
3.040940310000e-02 2.105095150000e+00 2.764325290000e-05
3.040940310000e-02 2.105523350000e+00 2.774401760000e-05
3.057161720000e-02 2.105951310000e+00 2.778600360000e-05
3.057161720000e-02 2.105951310000e+00 2.786064400000e-05
3.073383120000e-02 2.106379270000e+00 2.788863460000e-05
3.073383120000e-02 2.106379270000e+00 2.796887380000e-05
3.073383120000e-02 2.106807230000e+00 2.807337110000e-05
3.073383120000e-02 2.107235190000e+00 2.809762920000e-05
3.081492330000e-02 2.107449290000e+00 2.817973470000e-05
3.081492330000e-02 2.107449290000e+00 2.821332420000e-05
3.089603040000e-02 2.107663150000e+00 2.829262850000e-05
3.089603040000e-02 2.107877250000e+00 2.839432820000e-05
3.097713740000e-02 2.108519080000e+00 2.842884900000e-05
3.105824440000e-02 2.108519080000e+00 2.850348940000e-05
3.105824440000e-02 2.108947040000e+00 2.861545000000e-05
3.130156550000e-02 2.109161140000e+00 2.864530690000e-05
3.130156550000e-02 2.109375000000e+00 2.872461480000e-05
3.122045840000e-02 2.109375000000e+00 2.875167050000e-05
3.130156550000e-02 2.110017060000e+00 2.883657540000e-05
3.138267250000e-02 2.110231160000e+00 2.894293900000e-05
3.146377950000e-02 2.110659120000e+00 2.897466220000e-05
3.146377950000e-02 2.110872980000e+00 2.905676410000e-05
3.154488650000e-02 2.111087080000e+00 2.916499580000e-05
3.162599350000e-02 2.111515050000e+00 2.919764850000e-05
3.162599350000e-02 2.111515050000e+00 2.927975580000e-05
3.154488650000e-02 2.111515050000e+00 2.930588020000e-05
3.162599350000e-02 2.112157110000e+00 2.938332000000e-05
3.178820760000e-02 2.112370970000e+00 2.948781730000e-05
3.178820760000e-02 2.113013030000e+00 2.952047180000e-05
3.186931460000e-02 2.113013030000e+00 2.960537680000e-05
3.195042160000e-02 2.113440990000e+00 2.964269880000e-05
3.195042160000e-02 2.113226890000e+00 2.973133270000e-05
3.195042160000e-02 2.113868950000e+00 2.983116250000e-05
3.203152870000e-02 2.113868950000e+00 2.986102120000e-05
3.211263570000e-02 2.114082810000e+00 2.995338950000e-05
3.219374270000e-02 2.114511010000e+00 3.006255060000e-05
3.219374270000e-02 2.114938970000e+00 3.009614010000e-05
3.227484970000e-02 2.115152840000e+00 3.018104510000e-05
3.235595670000e-02 2.115366940000e+00 3.021929660000e-05
3.235595670000e-02 2.115580800000e+00 3.029766960000e-05
3.235595670000e-02 2.116008760000e+00 3.040496630000e-05
3.251817080000e-02 2.116008760000e+00 3.044135340000e-05
3.251817080000e-02 2.116222860000e+00 3.053185720000e-05
3.259926290000e-02 2.116864920000e+00 3.055891280000e-05
3.259926290000e-02 2.116650820000e+00 3.064474730000e-05
3.259926290000e-02 2.116864920000e+00 3.075111450000e-05
3.276147690000e-02 2.117506740000e+00 3.080056190000e-05
3.276147690000e-02 2.117292880000e+00 3.088453380000e-05
3.276147690000e-02 2.118148800000e+00 3.099462990000e-05
3.284258400000e-02 2.118148800000e+00 3.102728440000e-05
3.292369100000e-02 2.118362670000e+00 3.111872140000e-05
3.292369100000e-02 2.118790630000e+00 3.114857460000e-05
3.300479800000e-02 2.119004730000e+00 3.122974890000e-05
3.300479800000e-02 2.119004730000e+00 3.134264260000e-05
3.316701200000e-02 2.119432690000e+00 3.139395630000e-05
3.316701200000e-02 2.119860650000e+00 3.147885950000e-05
3.316701200000e-02 2.119860650000e+00 3.159175690000e-05
3.332922610000e-02 2.120288610000e+00 3.162814390000e-05
3.332922610000e-02 2.120716570000e+00 3.171771100000e-05
3.332922610000e-02 2.120716570000e+00 3.174663650000e-05
3.341033310000e-02 2.120716570000e+00 3.183713850000e-05
3.341033310000e-02 2.121358630000e+00 3.195656250000e-05
3.357254710000e-02 2.121786590000e+00 3.199948330000e-05
3.365365420000e-02 2.121786590000e+00 3.209091660000e-05
3.365365420000e-02 2.122214560000e+00 3.211704100000e-05
3.365365420000e-02 2.122214560000e+00 3.220101280000e-05
3.373476120000e-02 2.122642520000e+00 3.233350070000e-05
3.381586820000e-02 2.123070480000e+00 3.236709020000e-05
3.373476120000e-02 2.123070480000e+00 3.245572220000e-05
3.373476120000e-02 2.123284580000e+00 3.257701610000e-05
3.397808220000e-02 2.123712540000e+00 3.261806710000e-05
3.397808220000e-02 2.123926640000e+00 3.270483650000e-05
3.397808220000e-02 2.124354600000e+00 3.273002950000e-05
3.405918930000e-02 2.124354600000e+00 3.282892790000e-05
3.414029630000e-02 2.124782560000e+00 3.295301940000e-05
3.414029630000e-02 2.124996420000e+00 3.298474260000e-05
3.430251030000e-02 2.125210520000e+00 3.307711090000e-05
3.422140330000e-02 2.125210520000e+00 3.310696410000e-05
3.430251030000e-02 2.125638480000e+00 3.320493120000e-05
3.438360240000e-02 2.125852350000e+00 3.332248890000e-05
3.438360240000e-02 2.126494410000e+00 3.336261220000e-05
3.446470950000e-02 2.126494410000e+00 3.346244190000e-05
3.454581650000e-02 2.126708510000e+00 3.359492980000e-05
3.462692350000e-02 2.127350330000e+00 3.363225190000e-05
3.470803050000e-02 2.127136470000e+00 3.372648280000e-05
3.470803050000e-02 2.127778290000e+00 3.375914090000e-05
3.478913750000e-02 2.127564430000e+00 3.385803940000e-05
3.478913750000e-02 2.128206250000e+00 3.398306580000e-05
3.478913750000e-02 2.128420350000e+00 3.402504810000e-05
3.495135160000e-02 2.128420350000e+00 3.411928260000e-05
3.503245860000e-02 2.129062410000e+00 3.424897300000e-05
3.503245860000e-02 2.129490380000e+00 3.428722270000e-05
3.503245860000e-02 2.129062410000e+00 3.439079230000e-05
3.511356560000e-02 2.129062410000e+00 3.442344310000e-05
3.511356560000e-02 2.129490380000e+00 3.452421150000e-05
3.511356560000e-02 2.130132200000e+00 3.465949700000e-05
3.519467260000e-02 2.130560160000e+00 3.469775040000e-05
3.535688670000e-02 2.130560160000e+00 3.479198490000e-05
3.543799370000e-02 2.131202220000e+00 3.484050100000e-05
3.535688670000e-02 2.131202220000e+00 3.493473560000e-05
3.535688670000e-02 2.131416320000e+00 3.505695710000e-05
3.535688670000e-02 2.131416320000e+00 3.509987800000e-05
3.551910070000e-02 2.131844280000e+00 3.520624160000e-05
3.560020770000e-02 2.132272240000e+00 3.532846310000e-05
3.560020770000e-02 2.132700200000e+00 3.536951770000e-05
3.576242180000e-02 2.132700200000e+00 3.547588130000e-05
3.576242180000e-02 2.133128170000e+00 3.552532870000e-05
3.576242180000e-02 2.133128170000e+00 3.562609340000e-05
3.584352880000e-02 2.133556130000e+00 3.576044760000e-05
3.584352880000e-02 2.133556130000e+00 3.580150220000e-05
3.592463580000e-02 2.133770230000e+00 3.590413330000e-05
3.600574280000e-02 2.134198190000e+00 3.593865400000e-05
3.600574280000e-02 2.134412050000e+00 3.604408270000e-05
3.600574280000e-02 2.134412050000e+00 3.618216940000e-05
3.616794200000e-02 2.134840010000e+00 3.623628440000e-05
3.616794200000e-02 2.135054110000e+00 3.634078530000e-05
3.624904900000e-02 2.135267970000e+00 3.646860570000e-05
3.624904900000e-02 2.135267970000e+00 3.651058800000e-05
3.633015600000e-02 2.135910030000e+00 3.662255040000e-05
3.641126300000e-02 2.136124130000e+00 3.666360500000e-05
3.641126300000e-02 2.136338000000e+00 3.676809870000e-05
3.641126300000e-02 2.136338000000e+00 3.690618540000e-05
3.657347710000e-02 2.136765960000e+00 3.696496420000e-05
3.657347710000e-02 2.136980060000e+00 3.706572900000e-05
3.657347710000e-02 2.137621880000e+00 3.720475070000e-05
3.665458410000e-02 2.137621880000e+00 3.724207270000e-05
3.673569110000e-02 2.137835980000e+00 3.736243160000e-05
3.673569110000e-02 2.138263940000e+00 3.739788370000e-05
3.681679820000e-02 2.138478040000e+00 3.751077750000e-05
3.689790520000e-02 2.138478040000e+00 3.763953280000e-05
3.697901220000e-02 2.139333960000e+00 3.768991520000e-05
3.697901220000e-02 2.139119860000e+00 3.780561020000e-05
3.697901220000e-02 2.139761920000e+00 3.783639840000e-05
3.706011920000e-02 2.139761920000e+00 3.795675730000e-05
3.714122620000e-02 2.140189890000e+00 3.811256830000e-05
3.714122620000e-02 2.140403990000e+00 3.815455420000e-05
3.722233330000e-02 2.140617850000e+00 3.826371540000e-05
3.722233330000e-02 2.140617850000e+00 3.841393480000e-05
3.738454730000e-02 2.141259910000e+00 3.847457630000e-05
3.738454730000e-02 2.141259910000e+00 3.859306890000e-05
3.738454730000e-02 2.141473770000e+00 3.862945960000e-05
3.746565430000e-02 2.141473770000e+00 3.874048710000e-05
3.754676130000e-02 2.141901730000e+00 3.889536670000e-05
3.762786840000e-02 2.142329930000e+00 3.893548640000e-05
3.762786840000e-02 2.142329930000e+00 3.905771150000e-05
3.762786840000e-02 2.142329930000e+00 3.909689990000e-05
3.779008240000e-02 2.142757890000e+00 3.922472020000e-05
3.779008240000e-02 2.143185850000e+00 3.938332880000e-05
3.779008240000e-02 2.143613820000e+00 3.942998230000e-05
3.787118940000e-02 2.143613820000e+00 3.953914350000e-05
3.795228150000e-02 2.143827680000e+00 3.970988470000e-05
3.795228150000e-02 2.144469740000e+00 3.975187060000e-05
3.803338860000e-02 2.144683840000e+00 3.986849700000e-05
3.811449560000e-02 2.144683840000e+00 3.991234920000e-05
3.811449560000e-02 2.144683840000e+00 4.003830330000e-05
3.811449560000e-02 2.145325660000e+00 4.018758770000e-05
3.819560260000e-02 2.145539760000e+00 4.023423750000e-05
3.827670960000e-02 2.145539760000e+00 4.036672540000e-05
3.835781660000e-02 2.145967720000e+00 4.054306190000e-05
3.835781660000e-02 2.146395680000e+00 4.058971540000e-05
3.843892370000e-02 2.146395680000e+00 4.072219960000e-05
3.852003070000e-02 2.146395680000e+00 4.076138790000e-05
3.852003070000e-02 2.146823640000e+00 4.088921200000e-05
3.852003070000e-02 2.147251610000e+00 4.105435440000e-05
3.860113770000e-02 2.147679570000e+00 4.110567170000e-05
3.868224470000e-02 2.147679570000e+00 4.123349210000e-05
3.876335170000e-02 2.147893670000e+00 4.123349210000e-05
3.876335170000e-02 2.148107530000e+00 4.123349210000e-05
3.876335170000e-02 2.148107530000e+00 4.123349210000e-05
3.884445880000e-02 2.148321630000e+00 4.123349210000e-05
3.892556580000e-02 2.148749590000e+00 4.265942700000e-05
3.892556580000e-02 2.148963450000e+00 4.258480110000e-05
3.900667280000e-02 2.149605510000e+00 4.249151240000e-05
3.916888680000e-02 2.149605510000e+00 4.252882720000e-05
3.916888680000e-02 2.149819610000e+00 4.248218470000e-05
3.916888680000e-02 2.149819610000e+00 4.259412890000e-05
3.916888680000e-02 2.150247570000e+00 4.270607310000e-05
