#  J [A] 	 V 	 L [w] 
-8.658319710000e-05 1.129448410000e-03 -2.040198010000e-09
-8.658319710000e-05 1.771420240000e-03 -2.040198010000e-09
-8.658319710000e-05 1.771420240000e-03 -2.225670540000e-09
-8.658319710000e-05 1.557439570000e-03 -2.318340190000e-09
-8.658319710000e-05 1.771420240000e-03 -2.411076450000e-09
-8.658319710000e-05 1.557439570000e-03 -2.225670540000e-09
-1.676902170000e-04 1.557439570000e-03 -2.411076450000e-09
-8.658319710000e-05 1.557439570000e-03 -2.318340190000e-09
-8.658319710000e-05 1.557439570000e-03 -2.225670540000e-09
-8.658319710000e-05 1.771420240000e-03 -2.225670540000e-09
-8.658319710000e-05 1.771420240000e-03 -2.132934270000e-09
-8.658319710000e-05 1.557439570000e-03 -2.132934270000e-09
-8.658319710000e-05 1.378701030000e-01 -1.947461750000e-09
-5.483627320000e-06 8.645856980000e-01 -2.132934270000e-09
7.562339310000e-05 1.727828030000e+00 1.372316840000e-08
7.562339310000e-05 1.775762080000e+00 2.401569430000e-08
1.567304130000e-04 1.801227090000e+00 5.480067240000e-08
2.378374340000e-04 1.817490580000e+00 9.087094810000e-08
2.378374340000e-04 1.817490580000e+00 9.114909010000e-08
3.189444540000e-04 1.827975990000e+00 1.315775080000e-07
3.189444540000e-04 1.837819810000e+00 1.762712570000e-07
4.000514750000e-04 1.837605710000e+00 1.769203520000e-07
4.811584950000e-04 1.845737460000e+00 2.268995300000e-07
5.622655150000e-04 1.845737460000e+00 2.283831150000e-07
5.622655150000e-04 1.851729150000e+00 2.779913470000e-07
7.244795560000e-04 1.857506990000e+00 3.326067600000e-07
7.244795560000e-04 1.857506990000e+00 3.334413070000e-07
7.244795560000e-04 1.861572740000e+00 3.813804880000e-07
7.244795560000e-04 1.862000700000e+00 3.840695230000e-07
7.244795560000e-04 1.866708520000e+00 4.468447800000e-07
8.866861460000e-04 1.870774510000e+00 5.080437970000e-07
8.866861460000e-04 1.870774510000e+00 5.098982570000e-07
1.048900190000e-03 1.874840260000e+00 5.743426640000e-07
1.048900190000e-03 1.878264190000e+00 6.394361090000e-07
1.048900190000e-03 1.878478050000e+00 6.401778590000e-07
1.130007210000e-03 1.881687880000e+00 7.053640160000e-07
1.130007210000e-03 1.881687880000e+00 7.090731060000e-07
1.130007210000e-03 1.884683850000e+00 7.762990890000e-07
1.292221250000e-03 1.887893680000e+00 8.468634860000e-07
1.292221250000e-03 1.887679820000e+00 8.488106000000e-07
1.373328270000e-03 1.890247580000e+00 9.147385640000e-07
1.454435290000e-03 1.893243550000e+00 9.920718180000e-07
1.454435290000e-03 1.893457410000e+00 9.938336230000e-07
1.535542310000e-03 1.895597460000e+00 1.062543330000e-06
1.535542310000e-03 1.895811320000e+00 1.068106830000e-06
1.616649330000e-03 1.898379330000e+00 1.143956520000e-06
1.616649330000e-03 1.900305270000e+00 1.215447920000e-06
1.697756350000e-03 1.900519370000e+00 1.216931650000e-06
1.778855920000e-03 1.902659180000e+00 1.293801010000e-06
1.859962940000e-03 1.902659180000e+00 1.295841120000e-06
1.941069960000e-03 1.904798980000e+00 1.370763470000e-06
1.941069960000e-03 1.906724930000e+00 1.446242090000e-06
1.941069960000e-03 1.906724930000e+00 1.453474850000e-06
2.022176980000e-03 1.908864970000e+00 1.526635400000e-06
2.103284000000e-03 1.910790920000e+00 1.611108470000e-06
2.103284000000e-03 1.910576820000e+00 1.613704740000e-06
2.184391020000e-03 1.912716870000e+00 1.694839630000e-06
2.184391020000e-03 1.912716870000e+00 1.697621310000e-06
2.265498040000e-03 1.914856670000e+00 1.779868970000e-06
2.265498040000e-03 1.916354660000e+00 1.854420700000e-06
2.265498040000e-03 1.916354660000e+00 1.862580460000e-06
2.346605060000e-03 1.918280600000e+00 1.949464600000e-06
2.427712080000e-03 1.918494460000e+00 1.949093530000e-06
2.508819100000e-03 1.919778590000e+00 2.027539490000e-06
2.589926120000e-03 1.921704530000e+00 2.118781370000e-06
2.589926120000e-03 1.921704530000e+00 2.120265210000e-06
2.671025690000e-03 1.922988410000e+00 2.199731170000e-06
2.752132710000e-03 1.924700260000e+00 2.286058590000e-06
2.752132710000e-03 1.924700260000e+00 2.293662190000e-06
2.833239730000e-03 1.926412340000e+00 2.381195370000e-06
2.914346750000e-03 1.926412340000e+00 2.383142150000e-06
2.914346750000e-03 1.927910090000e+00 2.466873640000e-06
2.995453770000e-03 1.929194210000e+00 2.555055740000e-06
2.914346750000e-03 1.929194210000e+00 2.559042970000e-06
3.076560800000e-03 1.930691960000e+00 2.647966990000e-06
3.157667820000e-03 1.932189940000e+00 2.732625260000e-06
3.157667820000e-03 1.932404040000e+00 2.740507170000e-06
3.238774840000e-03 1.933687930000e+00 2.830636500000e-06
3.238774840000e-03 1.933687930000e+00 2.832120340000e-06
3.319881860000e-03 1.934971810000e+00 2.914182230000e-06
3.400988880000e-03 1.936469790000e+00 3.016922390000e-06
3.319881860000e-03 1.936469790000e+00 3.019611540000e-06
3.482095900000e-03 1.937967780000e+00 3.111317030000e-06
3.482095900000e-03 1.937539820000e+00 3.114562560000e-06
3.563195470000e-03 1.939037800000e+00 3.208864430000e-06
3.644302490000e-03 1.940321680000e+00 3.302888440000e-06
3.644302490000e-03 1.940535780000e+00 3.303630140000e-06
3.725409510000e-03 1.941391710000e+00 3.395150320000e-06
3.806516530000e-03 1.943317650000e+00 3.495108790000e-06
3.806516530000e-03 1.942889690000e+00 3.499744930000e-06
3.806516530000e-03 1.944387440000e+00 3.593861490000e-06
3.887623550000e-03 1.944387440000e+00 3.597570640000e-06
3.968730570000e-03 1.945457460000e+00 3.688256130000e-06
4.049837590000e-03 1.946955440000e+00 3.792294590000e-06
3.968730570000e-03 1.946955440000e+00 3.793777980000e-06
4.212051630000e-03 1.948025470000e+00 3.885576460000e-06
4.130944610000e-03 1.948239330000e+00 3.893272610000e-06
4.212051630000e-03 1.949095250000e+00 3.992952770000e-06
4.374265670000e-03 1.949951410000e+00 4.085585720000e-06
4.293158650000e-03 1.950165270000e+00 4.088831250000e-06
4.374265670000e-03 1.951663260000e+00 4.088831250000e-06
4.455365240000e-03 1.952733280000e+00 4.340368830000e-06
4.455365240000e-03 1.952733280000e+00 4.316110790000e-06
4.536472260000e-03 1.953803060000e+00 4.407546380000e-06
4.617579280000e-03 1.953589200000e+00 4.403813820000e-06
4.617579280000e-03 1.954659220000e+00 4.494315820000e-06
4.698686300000e-03 1.956156970000e+00 4.603477920000e-06
4.698686300000e-03 1.956156970000e+00 4.599746260000e-06
4.698686300000e-03 1.957013130000e+00 4.701444600000e-06
4.860900340000e-03 1.957869050000e+00 4.809674010000e-06
4.860900340000e-03 1.958297010000e+00 4.813405670000e-06
4.942007360000e-03 1.959152940000e+00 4.905774400000e-06
4.942007360000e-03 1.959152940000e+00 4.910438750000e-06
5.104221400000e-03 1.960436820000e+00 5.015869650000e-06
5.104221400000e-03 1.961506840000e+00 5.120366500000e-06
5.104221400000e-03 1.961506840000e+00 5.121299180000e-06
5.185328420000e-03 1.962576870000e+00 5.225796030000e-06
5.185328420000e-03 1.962362770000e+00 5.224863800000e-06
5.266435440000e-03 1.963432790000e+00 5.322829570000e-06
5.347535010000e-03 1.964502810000e+00 5.432924810000e-06
5.347535010000e-03 1.964502810000e+00 5.438522750000e-06
5.428642030000e-03 1.965572600000e+00 5.543020050000e-06
5.509749050000e-03 1.966428760000e+00 5.649384090000e-06
5.428642030000e-03 1.966428760000e+00 5.654982030000e-06
5.590856080000e-03 1.967498540000e+00 5.757612600000e-06
5.590856080000e-03 1.967498540000e+00 5.752947800000e-06
5.671963100000e-03 1.968782660000e+00 5.863043040000e-06
5.671963100000e-03 1.969424490000e+00 5.965674520000e-06
5.753070120000e-03 1.969424490000e+00 5.975004110000e-06
5.834177140000e-03 1.970494510000e+00 6.082301300000e-06
5.834177140000e-03 1.970494510000e+00 6.081367700000e-06
5.915284160000e-03 1.971564530000e+00 6.172803300000e-06
5.996391180000e-03 1.972420450000e+00 6.289428710000e-06
5.915284160000e-03 1.972206350000e+00 6.294094420000e-06
6.077498200000e-03 1.973276380000e+00 6.406988630000e-06
6.158605220000e-03 1.974132300000e+00 6.518949700000e-06
6.158605220000e-03 1.974346400000e+00 6.518949700000e-06
6.239704790000e-03 1.974988460000e+00 6.628112710000e-06
6.239704790000e-03 1.975202320000e+00 6.628112710000e-06
6.320811810000e-03 1.976058240000e+00 6.740073330000e-06
6.401918830000e-03 1.976914170000e+00 6.855766970000e-06
6.320811810000e-03 1.976914170000e+00 6.855766970000e-06
6.483025850000e-03 1.977984190000e+00 6.967727590000e-06
6.564132870000e-03 1.978840110000e+00 7.075024770000e-06
6.564132870000e-03 1.978840110000e+00 7.079689570000e-06
6.645239890000e-03 1.979910140000e+00 7.194449610000e-06
6.645239890000e-03 1.979696270000e+00 7.199115320000e-06
6.726346910000e-03 1.980766060000e+00 7.306411590000e-06
6.807453930000e-03 1.981621980000e+00 7.424903740000e-06
6.807453930000e-03 1.981621980000e+00 7.426769570000e-06
6.888560950000e-03 1.982692000000e+00 7.537797960000e-06
6.888560950000e-03 1.982478140000e+00 7.538731550000e-06
6.969667970000e-03 1.983334060000e+00 7.657223250000e-06
7.050774990000e-03 1.984189990000e+00 7.774782720000e-06
7.050774990000e-03 1.984189990000e+00 7.771983290000e-06
7.131874560000e-03 1.985045910000e+00 7.886744240000e-06
7.131874560000e-03 1.985901830000e+00 7.996839490000e-06
7.212981580000e-03 1.985901830000e+00 7.999638910000e-06
7.212981580000e-03 1.986757990000e+00 8.120930030000e-06
7.294088600000e-03 1.986757990000e+00 8.125594830000e-06
7.375195620000e-03 1.987613920000e+00 8.241288010000e-06
7.456302640000e-03 1.988683700000e+00 8.362579140000e-06
7.456302640000e-03 1.988469840000e+00 8.368177080000e-06
7.537409660000e-03 1.989325760000e+00 8.473607520000e-06
7.537409660000e-03 1.989325760000e+00 8.481071750000e-06
7.618516680000e-03 1.990181680000e+00 8.604230060000e-06
7.699623700000e-03 1.991037610000e+00 8.723655810000e-06
7.618516680000e-03 1.990823750000e+00 8.719923240000e-06
7.780730720000e-03 1.991679670000e+00 8.844012880000e-06
7.861837740000e-03 1.992749690000e+00 8.959706070000e-06
7.861837740000e-03 1.992535590000e+00 8.955042180000e-06
7.942944770000e-03 1.993391510000e+00 9.082865290000e-06
7.942944770000e-03 1.993605610000e+00 9.084729750000e-06
8.024044330000e-03 1.994247670000e+00 9.207887160000e-06
8.024044330000e-03 1.995103600000e+00 9.330111420000e-06
8.105151360000e-03 1.994889500000e+00 9.329179190000e-06
8.186258380000e-03 1.995959520000e+00 9.446737750000e-06
8.267365400000e-03 1.996815440000e+00 9.571761440000e-06
8.267365400000e-03 1.996815440000e+00 9.574560860000e-06
8.267365400000e-03 1.997457500000e+00 9.693054380000e-06
8.267365400000e-03 1.997457500000e+00 9.698652320000e-06
8.429579440000e-03 1.998313430000e+00 9.818078070000e-06
8.510686460000e-03 1.998955490000e+00 9.934702580000e-06
8.429579440000e-03 1.998741390000e+00 9.937501090000e-06
8.510686460000e-03 1.999811410000e+00 1.006812270000e-05
8.591793480000e-03 1.999811410000e+00 1.007092210000e-05
8.672900500000e-03 2.000667330000e+00 1.019781210000e-05
8.672900500000e-03 2.001523260000e+00 1.032376890000e-05
8.754007520000e-03 2.001737360000e+00 1.033123320000e-05
8.754007520000e-03 2.002165320000e+00 1.045252340000e-05
8.916214110000e-03 2.003021240000e+00 1.058967790000e-05
8.835114540000e-03 2.003021240000e+00 1.059061010000e-05
8.997321130000e-03 2.003663300000e+00 1.071563380000e-05
8.997321130000e-03 2.003877160000e+00 1.071750010000e-05
9.078428150000e-03 2.004519220000e+00 1.084812270000e-05
9.078428150000e-03 2.005375150000e+00 1.096754750000e-05
9.159535170000e-03 2.005375150000e+00 1.097034690000e-05
9.240642190000e-03 2.006017210000e+00 1.111123040000e-05
9.159535170000e-03 2.006231070000e+00 1.111216440000e-05
9.321749210000e-03 2.006873130000e+00 1.123812040000e-05
9.402856230000e-03 2.007729050000e+00 1.137713930000e-05
9.402856230000e-03 2.007729050000e+00 1.137993880000e-05
9.402856230000e-03 2.008371110000e+00 1.150496250000e-05
9.565070270000e-03 2.009227040000e+00 1.163838260000e-05
9.565070270000e-03 2.009227040000e+00 1.164398150000e-05
9.646177290000e-03 2.010082960000e+00 1.177460040000e-05
9.565070270000e-03 2.010082960000e+00 1.177926610000e-05
9.727284310000e-03 2.010938880000e+00 1.190615690000e-05
9.808383880000e-03 2.011366840000e+00 1.203397910000e-05
9.727284310000e-03 2.011152980000e+00 1.203771080000e-05
9.889490900000e-03 2.012223010000e+00 1.217579480000e-05
9.889490900000e-03 2.012008910000e+00 1.217579480000e-05
9.889490900000e-03 2.012650970000e+00 1.231388160000e-05
1.005170490000e-02 2.013720750000e+00 1.245663220000e-05
1.005170490000e-02 2.013720750000e+00 1.245849850000e-05
1.013281200000e-02 2.014576910000e+00 1.258352220000e-05
1.021391900000e-02 2.015218730000e+00 1.273093860000e-05
1.021391900000e-02 2.015218730000e+00 1.273280490000e-05
1.021391900000e-02 2.015646700000e+00 1.286715810000e-05
1.029502600000e-02 2.015646700000e+00 1.286995670000e-05
1.037613300000e-02 2.016502620000e+00 1.300804160000e-05
1.037613300000e-02 2.017144680000e+00 1.314519520000e-05
1.045724000000e-02 2.017144680000e+00 1.314332890000e-05
1.053834710000e-02 2.017786740000e+00 1.328234790000e-05
1.061945410000e-02 2.018642660000e+00 1.342696490000e-05
1.053834710000e-02 2.018856530000e+00 1.343162780000e-05
1.070055370000e-02 2.019284730000e+00 1.357717970000e-05
1.070055370000e-02 2.019498590000e+00 1.357904420000e-05
1.070055370000e-02 2.020140650000e+00 1.371246530000e-05
1.086276770000e-02 2.020996570000e+00 1.385988070000e-05
1.086276770000e-02 2.020782470000e+00 1.386268010000e-05
1.094387470000e-02 2.021638630000e+00 1.399516800000e-05
1.086276770000e-02 2.021424530000e+00 1.400356540000e-05
1.102498170000e-02 2.022494550000e+00 1.414164940000e-05
1.110608880000e-02 2.022922520000e+00 1.426947260000e-05
1.110608880000e-02 2.022708420000e+00 1.427320600000e-05
1.118719580000e-02 2.023564340000e+00 1.442528540000e-05
1.118719580000e-02 2.024206400000e+00 1.457456800000e-05
1.118719580000e-02 2.024420500000e+00 1.457829880000e-05
1.134940980000e-02 2.025062320000e+00 1.472198350000e-05
1.126830280000e-02 2.025062320000e+00 1.472944860000e-05
1.143051680000e-02 2.025704380000e+00 1.487406370000e-05
1.151162390000e-02 2.026346450000e+00 1.502801210000e-05
1.143051680000e-02 2.026560310000e+00 1.502987650000e-05
1.159272340000e-02 2.026988270000e+00 1.517822690000e-05
1.151162390000e-02 2.026988270000e+00 1.518195770000e-05
1.159272340000e-02 2.027630330000e+00 1.533124120000e-05
1.167383040000e-02 2.028486250000e+00 1.546652490000e-05
1.175493750000e-02 2.028272150000e+00 1.547492320000e-05
1.183604450000e-02 2.029128310000e+00 1.563820110000e-05
1.191715150000e-02 2.030198100000e+00 1.578654880000e-05
1.191715150000e-02 2.029556270000e+00 1.579214770000e-05
1.191715150000e-02 2.030412200000e+00 1.594422790000e-05
1.191715150000e-02 2.030626060000e+00 1.595075810000e-05
1.207936560000e-02 2.031268120000e+00 1.609817450000e-05
1.216047260000e-02 2.032124040000e+00 1.624932160000e-05
1.207936560000e-02 2.031910180000e+00 1.625958610000e-05
1.224157960000e-02 2.032552000000e+00 1.641633030000e-05
1.232268660000e-02 2.033194070000e+00 1.657121170000e-05
1.224157960000e-02 2.032979970000e+00 1.657121170000e-05
1.232268660000e-02 2.033836130000e+00 1.671769500000e-05
1.240379360000e-02 2.033836130000e+00 1.671955940000e-05
1.248489320000e-02 2.034477950000e+00 1.688936750000e-05
1.248489320000e-02 2.034905910000e+00 1.704611350000e-05
1.256600020000e-02 2.035120010000e+00 1.704984610000e-05
1.256600020000e-02 2.035975930000e+00 1.722151860000e-05
1.256600020000e-02 2.035762070000e+00 1.722058730000e-05
1.264710720000e-02 2.036403890000e+00 1.736707050000e-05
1.280932130000e-02 2.037045960000e+00 1.753967810000e-05
1.280932130000e-02 2.037259820000e+00 1.754247570000e-05
1.289042830000e-02 2.037688020000e+00 1.770575180000e-05
1.297153530000e-02 2.038543940000e+00 1.786249960000e-05
1.289042830000e-02 2.038543940000e+00 1.787276050000e-05
1.305264230000e-02 2.039185760000e+00 1.802670890000e-05
1.297153530000e-02 2.039185760000e+00 1.802764200000e-05
1.313374940000e-02 2.039827820000e+00 1.819465070000e-05
1.321485640000e-02 2.040469880000e+00 1.836632510000e-05
1.313374940000e-02 2.040469880000e+00 1.837098900000e-05
1.329596340000e-02 2.041325810000e+00 1.854546280000e-05
1.321485640000e-02 2.041111710000e+00 1.854359650000e-05
1.329596340000e-02 2.041753770000e+00 1.870500640000e-05
1.345817000000e-02 2.042395830000e+00 1.888694530000e-05
1.337706300000e-02 2.042181730000e+00 1.888134830000e-05
1.345817000000e-02 2.042823790000e+00 1.904742200000e-05
1.353927700000e-02 2.043679710000e+00 1.922282900000e-05
1.353927700000e-02 2.043465610000e+00 1.923122550000e-05
1.362038400000e-02 2.044107680000e+00 1.938797140000e-05
1.362038400000e-02 2.044107680000e+00 1.939263710000e-05
1.378259810000e-02 2.044963600000e+00 1.958297070000e-05
1.378259810000e-02 2.045391560000e+00 1.976490780000e-05
1.378259810000e-02 2.045605660000e+00 1.976584100000e-05
1.394481210000e-02 2.046247480000e+00 1.994217930000e-05
1.402591910000e-02 2.047103640000e+00 2.012878210000e-05
1.394481210000e-02 2.046675440000e+00 2.013064840000e-05
1.418813320000e-02 2.047531600000e+00 2.031631810000e-05
1.402591910000e-02 2.047317500000e+00 2.032004890000e-05
1.418813320000e-02 2.047959570000e+00 2.049638720000e-05
1.426923270000e-02 2.048601390000e+00 2.068672260000e-05
1.418813320000e-02 2.048815490000e+00 2.068765570000e-05
1.426923270000e-02 2.049029350000e+00 2.086026320000e-05
1.426923270000e-02 2.049243450000e+00 2.086586030000e-05
1.435033980000e-02 2.050099370000e+00 2.106179450000e-05
1.435033980000e-02 2.050741430000e+00 2.125492760000e-05
1.451255380000e-02 2.050527330000e+00 2.125585890000e-05
1.459366080000e-02 2.051169400000e+00 2.145552390000e-05
1.467476790000e-02 2.051811460000e+00 2.163932730000e-05
1.459366080000e-02 2.052025320000e+00 2.163839600000e-05
1.475587490000e-02 2.052239420000e+00 2.182872780000e-05
1.475587490000e-02 2.052453280000e+00 2.183619290000e-05
1.467476790000e-02 2.053095340000e+00 2.203025910000e-05
1.483698190000e-02 2.053523300000e+00 2.222619150000e-05
1.483698190000e-02 2.053523300000e+00 2.223272170000e-05
1.491808890000e-02 2.054165360000e+00 2.241465880000e-05
1.491808890000e-02 2.053951260000e+00 2.241745820000e-05
1.508030300000e-02 2.055021290000e+00 2.262458840000e-05
1.516140250000e-02 2.055663110000e+00 2.282424980000e-05
1.516140250000e-02 2.055663110000e+00 2.283731370000e-05
1.524250950000e-02 2.056091070000e+00 2.304444210000e-05
1.532361660000e-02 2.056733130000e+00 2.324597340000e-05
1.532361660000e-02 2.056519270000e+00 2.324597340000e-05
1.540472360000e-02 2.057161090000e+00 2.346056500000e-05
1.540472360000e-02 2.057375190000e+00 2.346336440000e-05
1.540472360000e-02 2.058017020000e+00 2.366769330000e-05
1.556693760000e-02 2.058444980000e+00 2.387948550000e-05
1.548583060000e-02 2.058444980000e+00 2.388695070000e-05
1.556693760000e-02 2.059087040000e+00 2.409594530000e-05
1.564804460000e-02 2.059729100000e+00 2.431520260000e-05
1.572915170000e-02 2.059729100000e+00 2.431427130000e-05
1.581025870000e-02 2.060370920000e+00 2.453632620000e-05
1.572915170000e-02 2.060370920000e+00 2.454192330000e-05
1.589136570000e-02 2.060798880000e+00 2.475838300000e-05
1.597247270000e-02 2.061655040000e+00 2.496551130000e-05
1.589136570000e-02 2.061655040000e+00 2.497670720000e-05
1.597247270000e-02 2.061868910000e+00 2.520622910000e-05
1.597247270000e-02 2.062296870000e+00 2.520436280000e-05
1.613467930000e-02 2.062938930000e+00 2.542175390000e-05
1.621578630000e-02 2.063580990000e+00 2.565687280000e-05
1.621578630000e-02 2.063366890000e+00 2.566527110000e-05
1.621578630000e-02 2.063794850000e+00 2.586400110000e-05
1.629689340000e-02 2.064436910000e+00 2.610285260000e-05
1.637800040000e-02 2.064650770000e+00 2.612151370000e-05
1.645910740000e-02 2.065078740000e+00 2.635569940000e-05
1.645910740000e-02 2.065078740000e+00 2.635663080000e-05
1.645910740000e-02 2.065720800000e+00 2.659268280000e-05
1.654021440000e-02 2.066362860000e+00 2.684273020000e-05
1.654021440000e-02 2.066148760000e+00 2.684926040000e-05
1.662132140000e-02 2.066790820000e+00 2.710210720000e-05
1.662132140000e-02 2.066790820000e+00 2.710490660000e-05
1.678353550000e-02 2.067432640000e+00 2.734935330000e-05
1.678353550000e-02 2.068074700000e+00 2.761246470000e-05
1.686464250000e-02 2.068074700000e+00 2.761153160000e-05
1.686464250000e-02 2.068288800000e+00 2.784665050000e-05
1.694574210000e-02 2.069144730000e+00 2.812935240000e-05
1.694574210000e-02 2.069144730000e+00 2.813121680000e-05
1.702684910000e-02 2.069572690000e+00 2.838779620000e-05
1.710795610000e-02 2.069786550000e+00 2.839432820000e-05
1.710795610000e-02 2.070428610000e+00 2.866396790000e-05
1.727017020000e-02 2.070856570000e+00 2.893174130000e-05
1.718906310000e-02 2.071070670000e+00 2.892614430000e-05
1.727017020000e-02 2.071498630000e+00 2.920231240000e-05
1.735127720000e-02 2.071926590000e+00 2.949061670000e-05
1.743238420000e-02 2.072140460000e+00 2.949528060000e-05
1.751349120000e-02 2.072568660000e+00 2.977238360000e-05
1.743238420000e-02 2.072568660000e+00 2.976865470000e-05
1.751349120000e-02 2.073210480000e+00 3.004202340000e-05
1.767570530000e-02 2.073852540000e+00 3.034898690000e-05
1.767570530000e-02 2.073852540000e+00 3.034431760000e-05
1.767570530000e-02 2.074280500000e+00 3.063635090000e-05
1.767570530000e-02 2.074494360000e+00 3.064568230000e-05
1.775681230000e-02 2.074922560000e+00 3.095451030000e-05
1.783791180000e-02 2.075564380000e+00 3.125120570000e-05
1.783791180000e-02 2.075350520000e+00 3.125587320000e-05
1.791901890000e-02 2.075992350000e+00 3.156843010000e-05
1.800012590000e-02 2.076634410000e+00 3.189218480000e-05
1.808123290000e-02 2.076634410000e+00 3.188472330000e-05
1.808123290000e-02 2.077062370000e+00 3.219821520000e-05
1.816233990000e-02 2.077062370000e+00 3.221500810000e-05
1.816233990000e-02 2.077704430000e+00 3.252476380000e-05
1.832455400000e-02 2.078346250000e+00 3.286438000000e-05
1.832455400000e-02 2.078346250000e+00 3.287651270000e-05
1.832455400000e-02 2.078988310000e+00 3.321612890000e-05
1.832455400000e-02 2.078774210000e+00 3.321332770000e-05
1.840566100000e-02 2.079416280000e+00 3.355667650000e-05
1.848676800000e-02 2.079844240000e+00 3.388603000000e-05
1.856787500000e-02 2.079844240000e+00 3.390749040000e-05
1.856787500000e-02 2.080486300000e+00 3.427229600000e-05
1.873008160000e-02 2.081128120000e+00 3.463710530000e-05
1.864898200000e-02 2.081128120000e+00 3.463896790000e-05
1.873008160000e-02 2.081556080000e+00 3.500657480000e-05
1.881118860000e-02 2.081556080000e+00 3.501403990000e-05
1.881118860000e-02 2.081984280000e+00 3.537978050000e-05
1.889229570000e-02 2.082626100000e+00 3.578750690000e-05
1.897340270000e-02 2.082840200000e+00 3.581829510000e-05
1.897340270000e-02 2.083268170000e+00 3.623068910000e-05
1.905450970000e-02 2.083909990000e+00 3.665241090000e-05
1.905450970000e-02 2.083909990000e+00 3.665613990000e-05
1.921672370000e-02 2.084338190000e+00 3.705453490000e-05
1.921672370000e-02 2.084338190000e+00 3.706386630000e-05
1.921672370000e-02 2.084980010000e+00 3.751451000000e-05
1.937893780000e-02 2.085407970000e+00 3.793343060000e-05
1.937893780000e-02 2.085622070000e+00 3.796422240000e-05
1.937893780000e-02 2.086263900000e+00 3.842606380000e-05
1.937893780000e-02 2.086050030000e+00 3.841673240000e-05
1.946004480000e-02 2.086692090000e+00 3.884685070000e-05
1.954115180000e-02 2.087333920000e+00 3.938519880000e-05
1.962225880000e-02 2.087333920000e+00 3.938146620000e-05
1.970336590000e-02 2.087761880000e+00 3.987969470000e-05
1.970336590000e-02 2.088189840000e+00 4.038445330000e-05
1.978447290000e-02 2.088189840000e+00 4.040404750000e-05
1.986557990000e-02 2.088831900000e+00 4.091906520000e-05
1.986557990000e-02 2.088617800000e+00 4.090600490000e-05
1.994668690000e-02 2.089473960000e+00 4.090600490000e-05
1.994668690000e-02 2.090115790000e+00 4.386280850000e-05
1.994668690000e-02 2.089901920000e+00 4.237956820000e-05
2.002779390000e-02 2.090543750000e+00 4.287398770000e-05
2.002779390000e-02 2.090115790000e+00 4.279935090000e-05
2.010888610000e-02 2.091185810000e+00 4.334040930000e-05
2.018999310000e-02 2.091613770000e+00 4.401207120000e-05
2.027110010000e-02 2.091613770000e+00 4.397475280000e-05
2.035220710000e-02 2.092255830000e+00 4.462775540000e-05
2.035220710000e-02 2.092469690000e+00 4.531806190000e-05
2.043331410000e-02 2.092683790000e+00 4.529940630000e-05
2.051442120000e-02 2.092897650000e+00 4.600837930000e-05
2.043331410000e-02 2.093325610000e+00 4.598038870000e-05
2.051442120000e-02 2.093967680000e+00 4.670801720000e-05
2.075774220000e-02 2.094395640000e+00 4.750094010000e-05
2.067663520000e-02 2.094395640000e+00 4.748228820000e-05
2.075774220000e-02 2.094609740000e+00 4.828453890000e-05
2.083884920000e-02 2.095251560000e+00 4.911478390000e-05
2.075774220000e-02 2.095465660000e+00 4.908680060000e-05
2.083884920000e-02 2.095893620000e+00 4.999167140000e-05
2.091995630000e-02 2.095893620000e+00 5.002897890000e-05
2.100106330000e-02 2.096535680000e+00 5.094317380000e-05
2.108217030000e-02 2.096963640000e+00 5.196931670000e-05
2.100106330000e-02 2.097177510000e+00 5.191335370000e-05
2.108217030000e-02 2.097391610000e+00 5.288351890000e-05
2.108217030000e-02 2.097605470000e+00 5.293015780000e-05
2.124438430000e-02 2.098033430000e+00 5.407756910000e-05
2.124438430000e-02 2.098461630000e+00 5.518766920000e-05
2.124438430000e-02 2.098461630000e+00 5.521565250000e-05
2.140659840000e-02 2.099103450000e+00 5.644702470000e-05
2.140659840000e-02 2.099317550000e+00 5.763174700000e-05
2.140659840000e-02 2.099317550000e+00 5.760376370000e-05
2.148770540000e-02 2.100173470000e+00 5.907767260000e-05
2.148770540000e-02 2.100173470000e+00 5.910566320000e-05
2.156881240000e-02 2.101029400000e+00 6.068218500000e-05
2.173102650000e-02 2.101029400000e+00 6.241729720000e-05
2.173102650000e-02 2.101457360000e+00 6.243595270000e-05
2.173102650000e-02 2.101671460000e+00 6.420837600000e-05
2.181213350000e-02 2.101671460000e+00 6.418972040000e-05
2.181213350000e-02 2.102313280000e+00 6.626065440000e-05
2.189322560000e-02 2.102741240000e+00 6.843420120000e-05
2.189322560000e-02 2.102741240000e+00 6.849017520000e-05
2.197433260000e-02 2.103383300000e+00 7.100888620000e-05
2.205543970000e-02 2.104025360000e+00 7.365819330000e-05
2.205543970000e-02 2.103811260000e+00 7.360223390000e-05
2.213654670000e-02 2.104239230000e+00 7.701647700000e-05
2.213654670000e-02 2.104453330000e+00 7.689519410000e-05
2.221765370000e-02 2.104881290000e+00 8.059864190000e-05
2.229876070000e-02 2.105309250000e+00 8.477782100000e-05
2.229876070000e-02 2.105309250000e+00 8.495506340000e-05
2.237986770000e-02 2.105951310000e+00 8.972195060000e-05
2.254208180000e-02 2.106593130000e+00 9.578550820000e-05
2.246097480000e-02 2.106379270000e+00 9.587879320000e-05
2.254208180000e-02 2.107021090000e+00 1.030711060000e-04
2.262318880000e-02 2.106807230000e+00 1.028472180000e-04
2.262318880000e-02 2.107235190000e+00 1.117373390000e-04
2.278540280000e-02 2.107877250000e+00 1.222505960000e-04
2.270429580000e-02 2.107877250000e+00 1.228289770000e-04
2.278540280000e-02 2.108519080000e+00 1.385755750000e-04
2.286650990000e-02 2.108305220000e+00 1.380438480000e-04
2.286650990000e-02 2.108733180000e+00 1.566449650000e-04
2.302872390000e-02 2.109375000000e+00 1.838376920000e-04
2.302872390000e-02 2.109589100000e+00 1.838003810000e-04
2.302872390000e-02 2.110017060000e+00 2.131946380000e-04
2.310983090000e-02 2.110659120000e+00 2.505461450000e-04
2.310983090000e-02 2.110445020000e+00 2.508726610000e-04
2.319093790000e-02 2.110872980000e+00 2.904070130000e-04
2.319093790000e-02 2.110659120000e+00 2.896327640000e-04
2.335315200000e-02 2.111515050000e+00 3.315552310000e-04
2.343425900000e-02 2.111728910000e+00 3.723583360000e-04
2.335315200000e-02 2.111728910000e+00 3.751009060000e-04
2.351536600000e-02 2.112157110000e+00 3.751009060000e-04
2.351536600000e-02 2.112157110000e+00 4.281986910000e-04
2.359647300000e-02 2.112585070000e+00 4.702798910000e-04
2.359647300000e-02 2.113226890000e+00 5.198420840000e-04
2.359647300000e-02 2.113226890000e+00 5.183457980000e-04
2.367756520000e-02 2.113440990000e+00 5.639804880000e-04
2.375867220000e-02 2.113868950000e+00 6.134492000000e-04
2.375867220000e-02 2.113868950000e+00 6.151324490000e-04
2.383977920000e-02 2.114511010000e+00 6.623568480000e-04
2.383977920000e-02 2.114296910000e+00 6.619827470000e-04
2.392088620000e-02 2.114938970000e+00 7.082719820000e-04
2.400199320000e-02 2.115580800000e+00 7.585823190000e-04
2.408310030000e-02 2.115366940000e+00 7.577406940000e-04
2.408310030000e-02 2.115794900000e+00 8.105758460000e-04
2.416420730000e-02 2.116222860000e+00 8.590158540000e-04
2.416420730000e-02 2.116436720000e+00 8.605121980000e-04
2.432642130000e-02 2.116864920000e+00 9.115705620000e-04
2.424531430000e-02 2.116864920000e+00 9.104483760000e-04
2.432642130000e-02 2.117078780000e+00 9.556154250000e-04
2.440752830000e-02 2.117720840000e+00 1.009759840000e-03
2.440752830000e-02 2.117506740000e+00 1.009011760000e-03
2.456974240000e-02 2.117934700000e+00 1.057919230000e-03
2.448863540000e-02 2.117934700000e+00 1.057451820000e-03
2.456974240000e-02 2.118576770000e+00 1.108042660000e-03
2.465084940000e-02 2.119004730000e+00 1.155454080000e-03
2.465084940000e-02 2.118790630000e+00 1.153583750000e-03
2.481306340000e-02 2.119432690000e+00 1.203894150000e-03
2.481306340000e-02 2.119646790000e+00 1.257196770000e-03
2.481306340000e-02 2.119860650000e+00 1.257196770000e-03
2.497527750000e-02 2.120288610000e+00 1.307226600000e-03
2.497527750000e-02 2.120288610000e+00 1.307413680000e-03
2.497527750000e-02 2.120716570000e+00 1.354918700000e-03
2.505638450000e-02 2.121144530000e+00 1.407753790000e-03
2.505638450000e-02 2.121358630000e+00 1.406164020000e-03
2.513749150000e-02 2.121572730000e+00 1.453014440000e-03
2.513749150000e-02 2.121572730000e+00 1.456100140000e-03
2.529970560000e-02 2.122214560000e+00 1.504633810000e-03
2.529970560000e-02 2.122642520000e+00 1.549987820000e-03
2.529970560000e-02 2.122642520000e+00 1.551110180000e-03
2.538081260000e-02 2.123070480000e+00 1.603758310000e-03
2.546190470000e-02 2.123498440000e+00 1.654816790000e-03
2.546190470000e-02 2.123284580000e+00 1.654068590000e-03
2.554301170000e-02 2.123926640000e+00 1.702882700000e-03
2.554301170000e-02 2.124140500000e+00 1.704940110000e-03
2.562411870000e-02 2.124354600000e+00 1.752258050000e-03
2.570522580000e-02 2.124782560000e+00 1.802942480000e-03
2.578633280000e-02 2.124996420000e+00 1.803596970000e-03
2.578633280000e-02 2.125424390000e+00 1.852504560000e-03
2.594854680000e-02 2.125638480000e+00 1.903095280000e-03
2.586743980000e-02 2.125638480000e+00 1.903095280000e-03
2.602965380000e-02 2.126280550000e+00 1.947140440000e-03
2.602965380000e-02 2.126280550000e+00 1.949478170000e-03
2.611076090000e-02 2.126708510000e+00 2.001191020000e-03
2.611076090000e-02 2.126922370000e+00 2.050660080000e-03
2.611076090000e-02 2.127136470000e+00 2.051501530000e-03
2.619186790000e-02 2.127564430000e+00 2.101811810000e-03
2.619186790000e-02 2.127350330000e+00 2.101998780000e-03
2.635408190000e-02 2.127992390000e+00 2.149410310000e-03
2.635408190000e-02 2.128634450000e+00 2.199907790000e-03
2.635408190000e-02 2.128420350000e+00 2.200468680000e-03
2.643518890000e-02 2.129062410000e+00 2.249282780000e-03
2.651629600000e-02 2.129490380000e+00 2.300621710000e-03
2.659740300000e-02 2.129276280000e+00 2.299967220000e-03
2.659740300000e-02 2.129704240000e+00 2.343170340000e-03
2.659740300000e-02 2.129918340000e+00 2.344479550000e-03
2.667851000000e-02 2.130132200000e+00 2.397127920000e-03
2.667851000000e-02 2.130774260000e+00 2.447812350000e-03
2.675961700000e-02 2.130560160000e+00 2.448279880000e-03
2.684072410000e-02 2.131202220000e+00 2.499525200000e-03
2.692183110000e-02 2.130988360000e+00 2.499525200000e-03
2.700293810000e-02 2.131630180000e+00 2.546375620000e-03
2.700293810000e-02 2.132058140000e+00 2.596218370000e-03
2.700293810000e-02 2.132058140000e+00 2.599771830000e-03
2.716515210000e-02 2.132486100000e+00 2.648398980000e-03
2.716515210000e-02 2.132914070000e+00 2.698335100000e-03
2.716515210000e-02 2.132914070000e+00 2.698896220000e-03
2.724624430000e-02 2.133342270000e+00 2.744624390000e-03
2.732735130000e-02 2.133342270000e+00 2.744904950000e-03
2.732735130000e-02 2.133770230000e+00 2.795308830000e-03
2.740845830000e-02 2.134412050000e+00 2.843374850000e-03
2.740845830000e-02 2.134198190000e+00 2.846460790000e-03
2.748956530000e-02 2.134626150000e+00 2.897893080000e-03
2.748956530000e-02 2.135054110000e+00 2.944556530000e-03
2.757067230000e-02 2.135054110000e+00 2.945865740000e-03
2.765177940000e-02 2.135482070000e+00 2.996269380000e-03
2.765177940000e-02 2.135696170000e+00 2.996269380000e-03
2.765177940000e-02 2.135910030000e+00 3.044054840000e-03
2.781399340000e-02 2.136552100000e+00 3.092868950000e-03
2.781399340000e-02 2.136765960000e+00 3.095674560000e-03
2.789510040000e-02 2.136980060000e+00 3.141496100000e-03
2.789510040000e-02 2.136980060000e+00 3.142057220000e-03
2.797620740000e-02 2.137408020000e+00 3.192086940000e-03
2.813842150000e-02 2.137835980000e+00 3.244641700000e-03
2.813842150000e-02 2.137835980000e+00 3.245483390000e-03
2.813842150000e-02 2.138263940000e+00 3.294765020000e-03
2.821952850000e-02 2.138906000000e+00 3.342456650000e-03
2.821952850000e-02 2.138691900000e+00 3.344794500000e-03
2.830063550000e-02 2.139333960000e+00 3.395759730000e-03
2.830063550000e-02 2.139119860000e+00 3.395572540000e-03
2.838174250000e-02 2.139761920000e+00 3.441955200000e-03
2.846284960000e-02 2.140189890000e+00 3.495071080000e-03
2.846284960000e-02 2.139975790000e+00 3.494884120000e-03
2.854395660000e-02 2.140617850000e+00 3.540518460000e-03
2.846284960000e-02 2.140831950000e+00 3.540612290000e-03
2.862506360000e-02 2.140831950000e+00 3.593540750000e-03
2.870617060000e-02 2.141687870000e+00 3.644412380000e-03
2.870617060000e-02 2.141473770000e+00 3.645253830000e-03
2.878727760000e-02 2.141901730000e+00 3.692758970000e-03
2.878727760000e-02 2.142329930000e+00 3.742882050000e-03
2.886838470000e-02 2.142329930000e+00 3.744004290000e-03
2.903058380000e-02 2.142757890000e+00 3.794875690000e-03
2.894949170000e-02 2.142757890000e+00 3.795062660000e-03
2.903058380000e-02 2.143185850000e+00 3.843596210000e-03
2.911169080000e-02 2.143827680000e+00 3.894935360000e-03
2.911169080000e-02 2.143827680000e+00 3.894654570000e-03
2.911169080000e-02 2.144041780000e+00 3.937764560000e-03
2.927390490000e-02 2.144683840000e+00 3.993872550000e-03
2.927390490000e-02 2.144683840000e+00 3.994059750000e-03
2.935501190000e-02 2.144897700000e+00 4.044837320000e-03
2.935501190000e-02 2.145111800000e+00 4.045585640000e-03
2.943611890000e-02 2.145539760000e+00 4.096737600000e-03
2.951722590000e-02 2.146181580000e+00 4.096737600000e-03
2.951722590000e-02 2.145753620000e+00 4.213628360000e-03
2.951722590000e-02 2.146395680000e+00 4.229483190000e-03
2.967944000000e-02 2.146609540000e+00 4.225751850000e-03
2.976054700000e-02 2.146823640000e+00 4.271451380000e-03
2.976054700000e-02 2.147251610000e+00 4.319015420000e-03
2.976054700000e-02 2.147251610000e+00 4.319947210000e-03
2.984165400000e-02 2.147893670000e+00 4.364714030000e-03
2.992276100000e-02 2.148321630000e+00 4.421604800000e-03
2.992276100000e-02 2.148321630000e+00 4.416008950000e-03
3.000386800000e-02 2.148749590000e+00 4.469168840000e-03
3.000386800000e-02 2.148749590000e+00 4.470101560000e-03
3.008497510000e-02 2.149177550000e+00 4.519530570000e-03
3.016608210000e-02 2.149819610000e+00 4.568027800000e-03
3.016608210000e-02 2.149605510000e+00 4.566161890000e-03
3.024718910000e-02 2.150033470000e+00 4.621187690000e-03
3.024718910000e-02 2.149819610000e+00 4.618389070000e-03
3.032829610000e-02 2.150675540000e+00 4.665953570000e-03
3.040940310000e-02 2.150889400000e+00 4.720046650000e-03
3.049051020000e-02 2.150889400000e+00 4.718180750000e-03
3.049051020000e-02 2.151531460000e+00 4.763879350000e-03
3.057161720000e-02 2.151959420000e+00 4.817972430000e-03
3.057161720000e-02 2.151959420000e+00 4.820770580000e-03
3.065272420000e-02 2.152601480000e+00 4.872998220000e-03
3.065272420000e-02 2.152387380000e+00 4.871132320000e-03
3.073383120000e-02 2.152815340000e+00 4.919629540000e-03
3.081492330000e-02 2.153029440000e+00 4.970924000000e-03
3.081492330000e-02 2.153243300000e+00 4.969991280000e-03
3.097713740000e-02 2.153885360000e+00 5.025948860000e-03
3.089603040000e-02 2.153671260000e+00 5.023151170000e-03
3.097713740000e-02 2.154099460000e+00 5.071648400000e-03
3.105824440000e-02 2.154527430000e+00 5.124807360000e-03
3.105824440000e-02 2.154741290000e+00 5.121077410000e-03
3.113935140000e-02 2.154741290000e+00 5.172371860000e-03
3.130156550000e-02 2.155383350000e+00 5.220868620000e-03
3.122045840000e-02 2.155383350000e+00 5.224599040000e-03
3.130156550000e-02 2.156025170000e+00 5.276826210000e-03
3.130156550000e-02 2.156025170000e+00 5.274961700000e-03
3.138267250000e-02 2.156239270000e+00 5.320660300000e-03
3.146377950000e-02 2.156667230000e+00 5.372887480000e-03
3.146377950000e-02 2.156881330000e+00 5.371022040000e-03
3.162599350000e-02 2.157309290000e+00 5.423249210000e-03
3.162599350000e-02 2.157737260000e+00 5.474544600000e-03
3.162599350000e-02 2.157737260000e+00 5.474544600000e-03
3.170710060000e-02 2.158165220000e+00 5.522108170000e-03
3.170710060000e-02 2.158165220000e+00 5.520243660000e-03
3.178820760000e-02 2.158379080000e+00 5.569672210000e-03
3.186931460000e-02 2.159021140000e+00 5.621899390000e-03
3.186931460000e-02 2.159021140000e+00 5.623765290000e-03
3.195042160000e-02 2.159663200000e+00 5.671329330000e-03
3.195042160000e-02 2.159663200000e+00 5.669463890000e-03
3.211263570000e-02 2.160091160000e+00 5.722623780000e-03
3.211263570000e-02 2.160305020000e+00 5.772053730000e-03
3.211263570000e-02 2.160519120000e+00 5.770188290000e-03
3.219374270000e-02 2.160947080000e+00 5.822415460000e-03
3.227484970000e-02 2.161375050000e+00 5.871845410000e-03
3.227484970000e-02 2.161375050000e+00 5.873709920000e-03
3.235595670000e-02 2.161803010000e+00 5.924072580000e-03
3.235595670000e-02 2.161803010000e+00 5.922207140000e-03
3.243706380000e-02 2.162230970000e+00 5.975367040000e-03
3.251817080000e-02 2.162445070000e+00 6.025728770000e-03
3.251817080000e-02 2.162658930000e+00 6.026661490000e-03
3.259926290000e-02 2.163086890000e+00 6.072360090000e-03
3.259926290000e-02 2.163300990000e+00 6.077023220000e-03
3.276147690000e-02 2.163728950000e+00 6.126453170000e-03
3.284258400000e-02 2.164156910000e+00 6.173084490000e-03
3.276147690000e-02 2.164156910000e+00 6.173084490000e-03
3.284258400000e-02 2.164584880000e+00 6.223446220000e-03
3.292369100000e-02 2.165012840000e+00 6.271943450000e-03
3.292369100000e-02 2.165012840000e+00 6.271010730000e-03
3.300479800000e-02 2.165440800000e+00 6.318574770000e-03
3.300479800000e-02 2.165440800000e+00 6.323237900000e-03
3.308590500000e-02 2.165654900000e+00 6.366139280000e-03
3.316701200000e-02 2.166296960000e+00 6.420231890000e-03
3.316701200000e-02 2.166296960000e+00 6.423029580000e-03
3.324811910000e-02 2.166510820000e+00 6.471526340000e-03
3.332922610000e-02 2.167152880000e+00 6.522820800000e-03
3.332922610000e-02 2.167152880000e+00 6.526551210000e-03
3.341033310000e-02 2.167794700000e+00 6.568519400000e-03
3.349144010000e-02 2.167580840000e+00 6.567587610000e-03
3.349144010000e-02 2.168222900000e+00 6.621679760000e-03
3.357254710000e-02 2.168436770000e+00 6.672974210000e-03
3.357254710000e-02 2.168650870000e+00 6.672974210000e-03
3.365365420000e-02 2.168864730000e+00 6.720538250000e-03
3.365365420000e-02 2.169078830000e+00 6.718673740000e-03
3.373476120000e-02 2.169506790000e+00 6.765305060000e-03
3.389697520000e-02 2.169720650000e+00 6.820329930000e-03
3.381586820000e-02 2.169934750000e+00 6.821262650000e-03
3.389697520000e-02 2.170362710000e+00 6.867894440000e-03
3.397808220000e-02 2.170790670000e+00 6.919188890000e-03
3.397808220000e-02 2.170790670000e+00 6.919188890000e-03
3.405918930000e-02 2.171218630000e+00 6.964888420000e-03
3.405918930000e-02 2.171218630000e+00 6.969551560000e-03
3.414029630000e-02 2.171646600000e+00 7.017115600000e-03
3.422140330000e-02 2.172074560000e+00 7.069342770000e-03
3.422140330000e-02 2.172074560000e+00 7.065611890000e-03
3.430251030000e-02 2.172502520000e+00 7.116907280000e-03
3.430251030000e-02 2.172502520000e+00 7.116907280000e-03
3.438360240000e-02 2.172930720000e+00 7.164470390000e-03
3.446470950000e-02 2.173358680000e+00 7.219496180000e-03
3.446470950000e-02 2.173786640000e+00 7.223226600000e-03
3.454581650000e-02 2.173786640000e+00 7.269857920000e-03
3.462692350000e-02 2.174428460000e+00 7.324883710000e-03
3.462692350000e-02 2.174428460000e+00 7.321152370000e-03
3.470803050000e-02 2.174856420000e+00 7.370582320000e-03
3.470803050000e-02 2.174856420000e+00 7.372447760000e-03
3.478913750000e-02 2.175070520000e+00 7.422809490000e-03
3.487024460000e-02 2.175498490000e+00 7.474103940000e-03
3.487024460000e-02 2.175926450000e+00 7.472239430000e-03
3.495135160000e-02 2.176354410000e+00 7.525398400000e-03
3.503245860000e-02 2.176568510000e+00 7.573895620000e-03
3.503245860000e-02 2.176782370000e+00 7.570165210000e-03
3.511356560000e-02 2.177210570000e+00 7.625190080000e-03
3.511356560000e-02 2.176996470000e+00 7.625190080000e-03
3.519467260000e-02 2.177424430000e+00 7.675552740000e-03
3.527577970000e-02 2.177852390000e+00 7.726847190000e-03
3.535688670000e-02 2.178066490000e+00 7.727779910000e-03
3.535688670000e-02 2.178494450000e+00 7.777208930000e-03
3.535688670000e-02 2.178494450000e+00 7.776276210000e-03
3.543799370000e-02 2.178922410000e+00 7.824772970000e-03
3.551910070000e-02 2.179350380000e+00 7.875136100000e-03
3.560020770000e-02 2.179350380000e+00 7.878866050000e-03
3.551910070000e-02 2.179778340000e+00 7.926430550000e-03
3.568131480000e-02 2.179992440000e+00 7.973061870000e-03
3.568131480000e-02 2.180206300000e+00 7.973061870000e-03
3.568131480000e-02 2.180848360000e+00 8.023423140000e-03
3.576242180000e-02 2.180634260000e+00 8.025288580000e-03
3.592463580000e-02 2.181276320000e+00 8.078449410000e-03
3.592463580000e-02 2.181276320000e+00 8.127878420000e-03
3.584352880000e-02 2.181490180000e+00 8.126945230000e-03
3.600574280000e-02 2.181918380000e+00 8.172645230000e-03
3.608684990000e-02 2.181918380000e+00 8.177307430000e-03
3.608684990000e-02 2.182560210000e+00 8.226736450000e-03
3.616794200000e-02 2.182774310000e+00 8.276166390000e-03
3.616794200000e-02 2.182988170000e+00 8.275234140000e-03
3.624904900000e-02 2.183416130000e+00 8.327460850000e-03
3.633015600000e-02 2.183630230000e+00 8.374092170000e-03
3.633015600000e-02 2.183844090000e+00 8.372226730000e-03
3.641126300000e-02 2.184272290000e+00 8.424454370000e-03
3.641126300000e-02 2.184272290000e+00 8.423522110000e-03
3.649237010000e-02 2.184700250000e+00 8.469221180000e-03
3.657347710000e-02 2.184914110000e+00 8.527044210000e-03
3.657347710000e-02 2.184914110000e+00 8.527044210000e-03
3.665458410000e-02 2.185770030000e+00 8.574608710000e-03
3.673569110000e-02 2.185984130000e+00 8.622172290000e-03
3.673569110000e-02 2.186198000000e+00 8.626835420000e-03
3.681679820000e-02 2.186412100000e+00 8.674399930000e-03
3.681679820000e-02 2.186412100000e+00 8.670669050000e-03
3.697901220000e-02 2.186840060000e+00 8.721031250000e-03
3.697901220000e-02 2.187268020000e+00 8.766730320000e-03
3.697901220000e-02 2.187054160000e+00 8.764863950000e-03
3.706011920000e-02 2.187695980000e+00 8.818957020000e-03
3.706011920000e-02 2.187695980000e+00 8.818024770000e-03
3.714122620000e-02 2.188338040000e+00 8.866521530000e-03
3.722233330000e-02 2.188766000000e+00 8.918749170000e-03
3.722233330000e-02 2.188551900000e+00 8.918749170000e-03
3.730344030000e-02 2.188980100000e+00 8.966312740000e-03
3.738454730000e-02 2.189621930000e+00 9.018540380000e-03
3.738454730000e-02 2.189408060000e+00 9.019473570000e-03
3.738454730000e-02 2.190049890000e+00 9.065171700000e-03
3.746565430000e-02 2.190049890000e+00 9.066104890000e-03
3.754676130000e-02 2.190263990000e+00 9.121129290000e-03
3.762786840000e-02 2.190905810000e+00 9.164029730000e-03
3.762786840000e-02 2.191119910000e+00 9.162165220000e-03
3.770897540000e-02 2.191334010000e+00 9.212528360000e-03
3.770897540000e-02 2.191761970000e+00 9.213461540000e-03
3.779008240000e-02 2.191975830000e+00 9.264755990000e-03
3.787118940000e-02 2.192189930000e+00 9.315117260000e-03
3.787118940000e-02 2.192189930000e+00 9.315117260000e-03
3.795228150000e-02 2.192617890000e+00 9.360814470000e-03
3.811449560000e-02 2.193259720000e+00 9.418639350000e-03
3.803338860000e-02 2.193259720000e+00 9.411178530000e-03
3.819560260000e-02 2.193473820000e+00 9.458742100000e-03
3.803338860000e-02 2.193901780000e+00 9.462472980000e-03
3.827670960000e-02 2.194115880000e+00 9.512834250000e-03
3.819560260000e-02 2.194543840000e+00 9.555735630000e-03
3.827670960000e-02 2.194329740000e+00 9.556668810000e-03
3.835781660000e-02 2.194757700000e+00 9.607030080000e-03
3.843892370000e-02 2.195399760000e+00 9.657392280000e-03
3.843892370000e-02 2.195185660000e+00 9.659257720000e-03
3.852003070000e-02 2.195613620000e+00 9.707753550000e-03
3.852003070000e-02 2.196041820000e+00 9.707753550000e-03
3.860113770000e-02 2.196041820000e+00 9.753453550000e-03
3.868224470000e-02 2.196683650000e+00 9.808478880000e-03
3.876335170000e-02 2.196683650000e+00 9.806613440000e-03
3.876335170000e-02 2.197111610000e+00 9.855109270000e-03
3.876335170000e-02 2.196897750000e+00 9.855109270000e-03
3.876335170000e-02 2.197539570000e+00 9.903607890000e-03
3.892556580000e-02 2.197967530000e+00 9.950238280000e-03
3.892556580000e-02 2.197967530000e+00 9.951170530000e-03
3.900667280000e-02 2.198395730000e+00 9.998734110000e-03
3.908777980000e-02 2.198823690000e+00 1.004909820000e-02
3.908777980000e-02 2.198823690000e+00 1.005003040000e-02
3.916888680000e-02 2.199465510000e+00 1.009666080000e-02
3.908777980000e-02 2.199251650000e+00 1.009945940000e-02
3.924999390000e-02 2.199679610000e+00 1.014608980000e-02
3.941220790000e-02 2.200321440000e+00 1.019552070000e-02
