#  J [A] 	 V 	 L [w] 
7.562339310000e-05 4.874765870000e-04 -2.782021500000e-09
-5.483627320000e-06 2.734959130000e-04 -2.596548980000e-09
-5.483627320000e-06 4.874765870000e-04 -2.689285240000e-09
-5.483627320000e-06 1.557439570000e-03 -2.689285240000e-09
-5.483627320000e-06 1.557439570000e-03 -2.596548980000e-09
-8.658319710000e-05 1.557439570000e-03 -2.689285240000e-09
-8.658319710000e-05 1.557439570000e-03 -2.503812710000e-09
-8.658319710000e-05 1.771420240000e-03 -2.782021500000e-09
-5.483627320000e-06 1.771420240000e-03 -2.689285240000e-09
-5.483627320000e-06 1.771420240000e-03 -2.318340190000e-09
-5.483627320000e-06 1.557439570000e-03 -2.689285240000e-09
-5.483627320000e-06 1.557439570000e-03 -2.503812710000e-09
-8.658319710000e-05 1.771420240000e-03 -2.503812710000e-09
-5.483627320000e-06 1.771420240000e-03 -2.689285240000e-09
-5.483627320000e-06 1.771420240000e-03 -2.411076450000e-09
-5.483627320000e-06 1.557439570000e-03 -2.596548980000e-09
-8.658319710000e-05 1.557439570000e-03 -2.411076450000e-09
-5.483627320000e-06 1.557439570000e-03 -2.503812710000e-09
-5.483627320000e-06 1.557439570000e-03 -2.874757770000e-09
-5.483627320000e-06 1.557439570000e-03 -2.596548980000e-09
-8.658319710000e-05 1.771420240000e-03 -2.782021500000e-09
-8.658319710000e-05 1.557439570000e-03 -2.596548980000e-09
7.562339310000e-05 1.771420240000e-03 -2.689285240000e-09
-5.483627320000e-06 1.771420240000e-03 -2.782021500000e-09
-5.483627320000e-06 1.557439570000e-03 -2.503812710000e-09
-5.483627320000e-06 1.771420240000e-03 -2.503812710000e-09
-5.483627320000e-06 1.129448410000e-03 -2.503812710000e-09
-5.483627320000e-06 1.129448410000e-03 -3.894723650000e-09
8.055865760000e-04 1.832469940000e+00 2.880984770000e-07
7.244795560000e-04 1.845095400000e+00 3.337195270000e-07
8.055865760000e-04 1.850445270000e+00 3.825859380000e-07
8.055865760000e-04 1.855153080000e+00 4.032637260000e-07
8.866861460000e-04 1.855366950000e+00 4.445267050000e-07
9.677931670000e-04 1.859004970000e+00 4.939494720000e-07
9.677931670000e-04 1.863070730000e+00 5.131436750000e-07
1.048900190000e-03 1.863070730000e+00 5.528302720000e-07
1.130007210000e-03 1.866494660000e+00 5.787006780000e-07
1.130007210000e-03 1.866708520000e+00 6.166254710000e-07
1.292221250000e-03 1.869704480000e+00 6.669756090000e-07
1.292221250000e-03 1.872914310000e+00 6.884878870000e-07
1.292221250000e-03 1.872914310000e+00 7.323471890000e-07
1.373328270000e-03 1.875482320000e+00 7.880753400000e-07
1.373328270000e-03 1.878692150000e+00 8.119984610000e-07
1.454435290000e-03 1.878692150000e+00 8.567851070000e-07
1.616649330000e-03 1.881046060000e+00 8.834900880000e-07
1.535542310000e-03 1.881259920000e+00 9.259583750000e-07
1.697756350000e-03 1.884041790000e+00 9.784411080000e-07
1.697756350000e-03 1.886395690000e+00 1.002178920000e-06
1.697756350000e-03 1.886181830000e+00 1.051509000000e-06
1.778855920000e-03 1.888535740000e+00 1.071630440000e-06
1.778855920000e-03 1.888535740000e+00 1.116045950000e-06
1.778855920000e-03 1.890889640000e+00 1.174741560000e-06
1.941069960000e-03 1.892601490000e+00 1.210348050000e-06
2.022176980000e-03 1.893029450000e+00 1.251518370000e-06
2.022176980000e-03 1.894955400000e+00 1.310306400000e-06
2.022176980000e-03 1.896881340000e+00 1.337845900000e-06
2.184391020000e-03 1.897095440000e+00 1.390513940000e-06
2.184391020000e-03 1.898593430000e+00 1.411841030000e-06
2.184391020000e-03 1.899235250000e+00 1.459502070000e-06
2.265498040000e-03 1.899235250000e+00 1.521349870000e-06
2.427712080000e-03 1.902445080000e+00 1.559831050000e-06
2.427712080000e-03 1.902659180000e+00 1.606842940000e-06
2.427712080000e-03 1.904157160000e+00 1.627799070000e-06
2.427712080000e-03 1.904157160000e+00 1.675923610000e-06
2.508819100000e-03 1.905869010000e+00 1.749176820000e-06
2.589926120000e-03 1.907581090000e+00 1.773285590000e-06
2.589926120000e-03 1.908009050000e+00 1.819092060000e-06
2.671025690000e-03 1.909720900000e+00 1.886225390000e-06
2.833239730000e-03 1.911004780000e+00 1.927859330000e-06
2.833239730000e-03 1.911004780000e+00 1.975984110000e-06
2.833239730000e-03 1.912716870000e+00 1.996754460000e-06
2.833239730000e-03 1.912716870000e+00 2.047846240000e-06
2.995453770000e-03 1.914214610000e+00 2.122304980000e-06
2.995453770000e-03 1.915498730000e+00 2.145579170000e-06
2.995453770000e-03 1.915712590000e+00 2.198062020000e-06
2.995453770000e-03 1.915712590000e+00 2.264361000000e-06
3.157667820000e-03 1.918708560000e+00 2.306736410000e-06
3.157667820000e-03 1.918708560000e+00 2.356808410000e-06
3.238774840000e-03 1.920206550000e+00 2.377486000000e-06
3.238774840000e-03 1.920420410000e+00 2.427836310000e-06
3.319881860000e-03 1.921276330000e+00 2.507858430000e-06
3.319881860000e-03 1.922774310000e+00 2.534656230000e-06
3.400988880000e-03 1.922988410000e+00 2.589920540000e-06
3.482095900000e-03 1.922988410000e+00 2.615976650000e-06
3.482095900000e-03 1.924272300000e+00 2.675691800000e-06
3.563195470000e-03 1.925556180000e+00 2.746349080000e-06
3.563195470000e-03 1.926840310000e+00 2.774630050000e-06
3.644302490000e-03 1.927054170000e+00 2.831471190000e-06
3.725409510000e-03 1.928338050000e+00 2.917520530000e-06
3.725409510000e-03 1.929622170000e+00 2.942927270000e-06
3.806516530000e-03 1.930050130000e+00 2.998562650000e-06
3.887623550000e-03 1.930050130000e+00 3.025545770000e-06
3.968730570000e-03 1.930906060000e+00 3.083406680000e-06
3.968730570000e-03 1.931976080000e+00 3.157772650000e-06
3.968730570000e-03 1.933474060000e+00 3.188742990000e-06
4.130944610000e-03 1.933474060000e+00 3.247901990000e-06
4.049837590000e-03 1.934543850000e+00 3.286475930000e-06
4.212051630000e-03 1.934543850000e+00 3.340349620000e-06
4.212051630000e-03 1.935827970000e+00 3.409430290000e-06
4.212051630000e-03 1.935827970000e+00 3.440956790000e-06
4.293158650000e-03 1.936897750000e+00 3.506050460000e-06
4.374265670000e-03 1.937967780000e+00 3.582178120000e-06
4.374265670000e-03 1.939251660000e+00 3.610459540000e-06
4.536472260000e-03 1.939465760000e+00 3.668969380000e-06
4.536472260000e-03 1.940535780000e+00 3.708563330000e-06
4.536472260000e-03 1.940321680000e+00 3.760582100000e-06
4.536472260000e-03 1.941605570000e+00 3.832908080000e-06
4.617579280000e-03 1.941605570000e+00 3.865825870000e-06
4.698686300000e-03 1.942675590000e+00 3.933886550000e-06
4.779793320000e-03 1.943745610000e+00 4.012425510000e-06
4.860900340000e-03 1.944815640000e+00 4.044415620000e-06
4.860900340000e-03 1.945029500000e+00 4.103110770000e-06
5.023114380000e-03 1.945885420000e+00 4.103110770000e-06
5.023114380000e-03 1.946099520000e+00 4.103110770000e-06
5.023114380000e-03 1.947169540000e+00 4.103110770000e-06
5.023114380000e-03 1.947169540000e+00 4.103110770000e-06
5.104221400000e-03 1.948025470000e+00 4.456062920000e-06
5.185328420000e-03 1.948881390000e+00 4.456062920000e-06
5.185328420000e-03 1.949095250000e+00 4.501779590000e-06
5.185328420000e-03 1.949095250000e+00 4.576420910000e-06
5.347535010000e-03 1.951021190000e+00 4.606276890000e-06
5.347535010000e-03 1.951235290000e+00 4.667856500000e-06
5.347535010000e-03 1.952305320000e+00 4.746229020000e-06
5.509749050000e-03 1.952305320000e+00 4.774219180000e-06
5.509749050000e-03 1.953375100000e+00 4.836731020000e-06
5.590856080000e-03 1.954017160000e+00 4.859123240000e-06
5.590856080000e-03 1.954231260000e+00 4.928166620000e-06
5.590856080000e-03 1.955515150000e+00 5.006539140000e-06
5.753070120000e-03 1.955943110000e+00 5.044792030000e-06
5.753070120000e-03 1.956156970000e+00 5.107303880000e-06
5.671963100000e-03 1.956156970000e+00 5.131562830000e-06
5.834177140000e-03 1.957013130000e+00 5.188476730000e-06
5.915284160000e-03 1.958082910000e+00 5.278978730000e-06
5.915284160000e-03 1.958939080000e+00 5.306035290000e-06
5.996391180000e-03 1.959152940000e+00 5.372279700000e-06
5.996391180000e-03 1.959152940000e+00 5.459982730000e-06
6.158605220000e-03 1.960864780000e+00 5.498235620000e-06
6.158605220000e-03 1.960864780000e+00 5.563546440000e-06
6.158605220000e-03 1.961720940000e+00 5.586872250000e-06
6.320811810000e-03 1.961720940000e+00 5.654982030000e-06
6.320811810000e-03 1.962576870000e+00 5.744550890000e-06
6.320811810000e-03 1.963646890000e+00 5.774406420000e-06
6.483025850000e-03 1.963646890000e+00 5.844383400000e-06
6.401918830000e-03 1.963646890000e+00 5.928353860000e-06
6.645239890000e-03 1.965786700000e+00 5.965674520000e-06
6.564132870000e-03 1.965358730000e+00 6.031917560000e-06
6.564132870000e-03 1.966428760000e+00 6.058975490000e-06
6.645239890000e-03 1.966428760000e+00 6.126152130000e-06
6.726346910000e-03 1.967284680000e+00 6.223185660000e-06
6.888560950000e-03 1.968140600000e+00 6.247443710000e-06
6.888560950000e-03 1.968354700000e+00 6.315553490000e-06
6.888560950000e-03 1.969210620000e+00 6.337012110000e-06
6.888560950000e-03 1.968782660000e+00 6.409788060000e-06
7.050774990000e-03 1.969852450000e+00 6.499356460000e-06
7.050774990000e-03 1.970922470000e+00 6.528280210000e-06
7.050774990000e-03 1.970922470000e+00 6.600121200000e-06
7.131874560000e-03 1.971778390000e+00 6.691556790000e-06
7.131874560000e-03 1.972420450000e+00 6.714882150000e-06
7.212981580000e-03 1.972634550000e+00 6.786723590000e-06
7.212981580000e-03 1.972634550000e+00 6.820313050000e-06
7.294088600000e-03 1.973490480000e+00 6.886556090000e-06
7.375195620000e-03 1.974132300000e+00 6.984522770000e-06
7.375195620000e-03 1.974988460000e+00 7.010646190000e-06
7.456302640000e-03 1.975202320000e+00 7.080623160000e-06
7.456302640000e-03 1.975844380000e+00 7.117010230000e-06
7.537409660000e-03 1.976058240000e+00 7.186985840000e-06
7.618516680000e-03 1.976914170000e+00 7.273755730000e-06
7.618516680000e-03 1.977556230000e+00 7.305477990000e-06
7.699623700000e-03 1.977556230000e+00 7.381985140000e-06
7.699623700000e-03 1.978626250000e+00 7.472487140000e-06
7.780730720000e-03 1.979268070000e+00 7.498611920000e-06
7.861837740000e-03 1.979268070000e+00 7.573251880000e-06
8.024044330000e-03 1.980124240000e+00 7.613371510000e-06
8.024044330000e-03 1.980124240000e+00 7.682414430000e-06
7.942944770000e-03 1.981194020000e+00 7.768251630000e-06
8.024044330000e-03 1.981194020000e+00 7.801840180000e-06
8.105151360000e-03 1.981836080000e+00 7.877413740000e-06
8.105151360000e-03 1.982478140000e+00 7.971647390000e-06
8.105151360000e-03 1.983334060000e+00 8.001504280000e-06
8.267365400000e-03 1.983334060000e+00 8.072413040000e-06
8.348472420000e-03 1.984189990000e+00 8.112532670000e-06
8.348472420000e-03 1.984189990000e+00 8.178776620000e-06
8.348472420000e-03 1.984832050000e+00 8.262747540000e-06
8.429579440000e-03 1.984832050000e+00 8.294469810000e-06
8.510686460000e-03 1.985473870000e+00 8.373775930000e-06
8.591793480000e-03 1.986543890000e+00 8.406431330000e-06
8.591793480000e-03 1.986329790000e+00 8.478272320000e-06
8.591793480000e-03 1.987399820000e+00 8.577171680000e-06
8.754007520000e-03 1.987827780000e+00 8.622889250000e-06
8.754007520000e-03 1.988041880000e+00 8.692864870000e-06
8.835114540000e-03 1.988897800000e+00 8.784300920000e-06
8.835114540000e-03 1.988897800000e+00 8.819755750000e-06
8.916214110000e-03 1.989539860000e+00 8.895329300000e-06
8.997321130000e-03 1.990181680000e+00 8.926118430000e-06
8.997321130000e-03 1.990395780000e+00 9.003558260000e-06
8.997321130000e-03 1.990395780000e+00 9.093127120000e-06
9.159535170000e-03 1.991679670000e+00 9.135112120000e-06
9.159535170000e-03 1.991893770000e+00 9.212552870000e-06
9.240642190000e-03 1.992749690000e+00 9.243341990000e-06
9.240642190000e-03 1.992749690000e+00 9.317051080000e-06
9.321749210000e-03 1.993391510000e+00 9.424345990000e-06
9.402856230000e-03 1.994247670000e+00 9.453270650000e-06
9.402856230000e-03 1.994247670000e+00 9.527909240000e-06
9.402856230000e-03 1.994247670000e+00 9.625877280000e-06
9.565070270000e-03 1.995745420000e+00 9.671593940000e-06
9.565070270000e-03 1.995531560000e+00 9.745301210000e-06
9.646177290000e-03 1.996387480000e+00 9.770492400000e-06
9.646177290000e-03 1.996601580000e+00 9.850731660000e-06
9.646177290000e-03 1.997029540000e+00 9.948697880000e-06
9.646177290000e-03 1.997671370000e+00 9.977621630000e-06
9.808383880000e-03 1.997671370000e+00 1.005972630000e-05
9.889490900000e-03 1.998527530000e+00 1.009051540000e-05
9.889490900000e-03 1.998527530000e+00 1.016889020000e-05
9.889490900000e-03 1.999383450000e+00 1.027151940000e-05
1.005170490000e-02 2.000025270000e+00 1.030790650000e-05
1.005170490000e-02 2.000025270000e+00 1.038068330000e-05
1.021391900000e-02 2.000881430000e+00 1.049264390000e-05
1.021391900000e-02 2.001523260000e+00 1.052436620000e-05
1.021391900000e-02 2.001523260000e+00 1.060460540000e-05
1.021391900000e-02 2.001523260000e+00 1.063166290000e-05
1.029502600000e-02 2.002165320000e+00 1.071470160000e-05
1.037613300000e-02 2.002807140000e+00 1.081453410000e-05
1.045724000000e-02 2.003663300000e+00 1.084532320000e-05
1.045724000000e-02 2.003663300000e+00 1.092649470000e-05
1.053834710000e-02 2.004305120000e+00 1.103938760000e-05
1.053834710000e-02 2.004947190000e+00 1.107017760000e-05
1.070055370000e-02 2.005161290000e+00 1.115135090000e-05
1.070055370000e-02 2.006017210000e+00 1.118214000000e-05
1.070055370000e-02 2.005803110000e+00 1.126424470000e-05
1.078166070000e-02 2.006231070000e+00 1.137247360000e-05
1.078166070000e-02 2.007086990000e+00 1.140139650000e-05
1.086276770000e-02 2.007086990000e+00 1.148443430000e-05
1.094387470000e-02 2.007943150000e+00 1.152362070000e-05
1.094387470000e-02 2.007729050000e+00 1.159919430000e-05
1.094387470000e-02 2.008584980000e+00 1.168969810000e-05
1.110608880000e-02 2.009227040000e+00 1.172515290000e-05
1.110608880000e-02 2.009227040000e+00 1.181752030000e-05
1.118719580000e-02 2.009869100000e+00 1.192481520000e-05
1.118719580000e-02 2.010510920000e+00 1.195840380000e-05
1.118719580000e-02 2.010725020000e+00 1.204610820000e-05
1.134940980000e-02 2.011366840000e+00 1.208622690000e-05
1.134940980000e-02 2.011366840000e+00 1.216366670000e-05
1.134940980000e-02 2.012008910000e+00 1.226723090000e-05
1.143051680000e-02 2.012008910000e+00 1.230361800000e-05
1.151162390000e-02 2.012650970000e+00 1.239318860000e-05
1.159272340000e-02 2.013506890000e+00 1.242117920000e-05
1.159272340000e-02 2.013292790000e+00 1.250048350000e-05
1.159272340000e-02 2.013292790000e+00 1.260124920000e-05
1.175493750000e-02 2.014576910000e+00 1.265349780000e-05
1.175493750000e-02 2.014576910000e+00 1.273560430000e-05
1.175493750000e-02 2.015432830000e+00 1.284289920000e-05
1.183604450000e-02 2.015432830000e+00 1.287928630000e-05
1.191715150000e-02 2.016074660000e+00 1.297258860000e-05
1.191715150000e-02 2.016716720000e+00 1.299964420000e-05
1.199825850000e-02 2.016716720000e+00 1.308175070000e-05
1.199825850000e-02 2.016716720000e+00 1.319091190000e-05
1.224157960000e-02 2.018000600000e+00 1.324409370000e-05
1.224157960000e-02 2.018000600000e+00 1.332526520000e-05
1.224157960000e-02 2.018642660000e+00 1.342882930000e-05
1.224157960000e-02 2.018642660000e+00 1.346521820000e-05
1.232268660000e-02 2.019498590000e+00 1.355105360000e-05
1.240379360000e-02 2.020140650000e+00 1.358184270000e-05
1.240379360000e-02 2.019712690000e+00 1.366488140000e-05
1.240379360000e-02 2.020782470000e+00 1.378150770000e-05
1.256600020000e-02 2.021424530000e+00 1.383189010000e-05
1.248489320000e-02 2.021424530000e+00 1.391772820000e-05
1.248489320000e-02 2.022066590000e+00 1.394665010000e-05
1.264710720000e-02 2.022066590000e+00 1.402782440000e-05
1.272821430000e-02 2.022708420000e+00 1.415191310000e-05
1.280932130000e-02 2.023350480000e+00 1.418177000000e-05
1.280932130000e-02 2.023350480000e+00 1.427227110000e-05
1.280932130000e-02 2.023778440000e+00 1.438330040000e-05
1.297153530000e-02 2.024848460000e+00 1.443741620000e-05
1.297153530000e-02 2.024634360000e+00 1.451672050000e-05
1.297153530000e-02 2.025276420000e+00 1.454284670000e-05
1.297153530000e-02 2.025276420000e+00 1.463521400000e-05
1.313374940000e-02 2.025918250000e+00 1.475930370000e-05
1.321485640000e-02 2.026560310000e+00 1.479289130000e-05
1.321485640000e-02 2.026346450000e+00 1.488152790000e-05
1.321485640000e-02 2.027202370000e+00 1.491605050000e-05
1.329596340000e-02 2.027202370000e+00 1.500468530000e-05
1.337706300000e-02 2.027630330000e+00 1.512224570000e-05
1.337706300000e-02 2.028486250000e+00 1.516049820000e-05
1.353927700000e-02 2.028486250000e+00 1.524633540000e-05
1.353927700000e-02 2.029128310000e+00 1.537229220000e-05
1.362038400000e-02 2.029556270000e+00 1.540961240000e-05
1.362038400000e-02 2.029984240000e+00 1.549824990000e-05
1.362038400000e-02 2.029984240000e+00 1.552810500000e-05
1.370149110000e-02 2.030198100000e+00 1.562700530000e-05
1.378259810000e-02 2.030840160000e+00 1.574922860000e-05
1.378259810000e-02 2.031482220000e+00 1.578748020000e-05
1.386370510000e-02 2.031482220000e+00 1.588451410000e-05
1.394481210000e-02 2.032124040000e+00 1.601140500000e-05
1.402591910000e-02 2.032766100000e+00 1.604406130000e-05
1.402591910000e-02 2.032766100000e+00 1.614109170000e-05
1.402591910000e-02 2.033408160000e+00 1.618401260000e-05
1.410702620000e-02 2.033194070000e+00 1.627731220000e-05
1.418813320000e-02 2.033836130000e+00 1.639580480000e-05
1.418813320000e-02 2.034692050000e+00 1.643405990000e-05
1.426923270000e-02 2.034692050000e+00 1.652642640000e-05
1.435033980000e-02 2.035333870000e+00 1.656841230000e-05
1.435033980000e-02 2.035120010000e+00 1.666637760000e-05
1.435033980000e-02 2.035975930000e+00 1.678207260000e-05
1.451255380000e-02 2.036403890000e+00 1.682592300000e-05
1.451255380000e-02 2.036617990000e+00 1.692855400000e-05
1.459366080000e-02 2.037259820000e+00 1.704891110000e-05
1.459366080000e-02 2.037688020000e+00 1.708996570000e-05
1.467476790000e-02 2.037688020000e+00 1.718979730000e-05
1.475587490000e-02 2.038543940000e+00 1.724017970000e-05
1.475587490000e-02 2.038329840000e+00 1.732694910000e-05
1.475587490000e-02 2.038971900000e+00 1.744730980000e-05
1.491808890000e-02 2.038971900000e+00 1.749022700000e-05
1.491808890000e-02 2.039399860000e+00 1.758819230000e-05
1.499919590000e-02 2.040041920000e+00 1.761804920000e-05
1.499919590000e-02 2.040041920000e+00 1.772068210000e-05
1.499919590000e-02 2.040897850000e+00 1.784477170000e-05
1.516140250000e-02 2.041325810000e+00 1.790728310000e-05
1.516140250000e-02 2.041539670000e+00 1.800058450000e-05
1.524250950000e-02 2.042181730000e+00 1.812094160000e-05
1.524250950000e-02 2.042609690000e+00 1.816386070000e-05
1.540472360000e-02 2.042609690000e+00 1.827955380000e-05
1.540472360000e-02 2.043251750000e+00 1.831034210000e-05
1.540472360000e-02 2.043037650000e+00 1.841017550000e-05
1.540472360000e-02 2.043893580000e+00 1.853519830000e-05
1.556693760000e-02 2.044535640000e+00 1.858931500000e-05
1.556693760000e-02 2.044321540000e+00 1.868728030000e-05
1.564804460000e-02 2.044963600000e+00 1.881230490000e-05
1.564804460000e-02 2.045819520000e+00 1.886082100000e-05
1.572915170000e-02 2.045605660000e+00 1.896625140000e-05
1.581025870000e-02 2.046033620000e+00 1.900543610000e-05
1.581025870000e-02 2.046247480000e+00 1.911086840000e-05
1.581025870000e-02 2.046247480000e+00 1.923309170000e-05
1.605357230000e-02 2.047531600000e+00 1.929560310000e-05
1.597247270000e-02 2.047317500000e+00 1.940010040000e-05
1.597247270000e-02 2.047959570000e+00 1.943182360000e-05
1.605357230000e-02 2.048173430000e+00 1.953165520000e-05
1.613467930000e-02 2.048601390000e+00 1.967347270000e-05
1.613467930000e-02 2.049243450000e+00 1.971172790000e-05
1.613467930000e-02 2.049029350000e+00 1.980409430000e-05
1.621578630000e-02 2.049029350000e+00 1.994031480000e-05
1.637800040000e-02 2.050099370000e+00 2.000562380000e-05
1.637800040000e-02 2.050099370000e+00 2.011198740000e-05
1.637800040000e-02 2.051169400000e+00 2.014371060000e-05
1.645910740000e-02 2.050741430000e+00 2.024914100000e-05
1.654021440000e-02 2.051383260000e+00 2.040122130000e-05
1.662132140000e-02 2.052025320000e+00 2.044134090000e-05
1.662132140000e-02 2.051811460000e+00 2.054677320000e-05
1.662132140000e-02 2.051811460000e+00 2.058595780000e-05
1.678353550000e-02 2.052453280000e+00 2.070351730000e-05
1.670242850000e-02 2.053095340000e+00 2.084346850000e-05
1.670242850000e-02 2.053737160000e+00 2.088825390000e-05
1.678353550000e-02 2.053737160000e+00 2.099275120000e-05
1.694574210000e-02 2.054379220000e+00 2.115136340000e-05
1.702684910000e-02 2.054807190000e+00 2.119614690000e-05
1.702684910000e-02 2.054807190000e+00 2.130624130000e-05
1.702684910000e-02 2.054807190000e+00 2.135102660000e-05
1.710795610000e-02 2.055235150000e+00 2.146671980000e-05
1.710795610000e-02 2.055877210000e+00 2.160573970000e-05
1.710795610000e-02 2.056519270000e+00 2.164959190000e-05
1.727017020000e-02 2.056733130000e+00 2.176621640000e-05
1.735127720000e-02 2.057161090000e+00 2.192296230000e-05
1.735127720000e-02 2.057589050000e+00 2.196867900000e-05
1.735127720000e-02 2.057803150000e+00 2.208064140000e-05
1.743238420000e-02 2.057803150000e+00 2.212449180000e-05
1.751349120000e-02 2.058231120000e+00 2.223179040000e-05
1.751349120000e-02 2.058444980000e+00 2.238573690000e-05
1.751349120000e-02 2.059087040000e+00 2.243331980000e-05
1.767570530000e-02 2.059087040000e+00 2.255087930000e-05
1.767570530000e-02 2.059729100000e+00 2.261245750000e-05
1.767570530000e-02 2.059942960000e+00 2.272535310000e-05
1.775681230000e-02 2.060585020000e+00 2.286343810000e-05
1.791901890000e-02 2.060585020000e+00 2.291568490000e-05
1.783791180000e-02 2.060798880000e+00 2.304537520000e-05
1.783791180000e-02 2.061655040000e+00 2.319932170000e-05
1.800012590000e-02 2.062083010000e+00 2.325063910000e-05
1.808123290000e-02 2.062083010000e+00 2.337192930000e-05
1.816233990000e-02 2.062724830000e+00 2.343350750000e-05
1.816233990000e-02 2.062510970000e+00 2.354173740000e-05
1.816233990000e-02 2.063366890000e+00 2.369195140000e-05
1.816233990000e-02 2.063366890000e+00 2.374886390000e-05
1.832455400000e-02 2.063794850000e+00 2.388042050000e-05
1.832455400000e-02 2.064222810000e+00 2.392147140000e-05
1.840566100000e-02 2.064436910000e+00 2.404556290000e-05
1.832455400000e-02 2.064436910000e+00 2.419671000000e-05
1.856787500000e-02 2.065506700000e+00 2.426855280000e-05
1.856787500000e-02 2.065292840000e+00 2.438797860000e-05
1.856787500000e-02 2.065934900000e+00 2.454379140000e-05
1.856787500000e-02 2.065934900000e+00 2.459977080000e-05
1.864898200000e-02 2.066576720000e+00 2.473226050000e-05
1.881118860000e-02 2.067218780000e+00 2.478357420000e-05
1.881118860000e-02 2.067218780000e+00 2.490299990000e-05
1.881118860000e-02 2.067860600000e+00 2.507000860000e-05
1.889229570000e-02 2.068288800000e+00 2.515491180000e-05
1.889229570000e-02 2.068074700000e+00 2.528460210000e-05
1.897340270000e-02 2.068716760000e+00 2.544414560000e-05
1.897340270000e-02 2.069144730000e+00 2.550199320000e-05
1.913561670000e-02 2.069358590000e+00 2.564287930000e-05
1.913561670000e-02 2.069786550000e+00 2.568672790000e-05
1.913561670000e-02 2.070214510000e+00 2.582388330000e-05
1.913561670000e-02 2.070214510000e+00 2.599369150000e-05
1.937893780000e-02 2.070856570000e+00 2.607672650000e-05
1.937893780000e-02 2.071070670000e+00 2.620734810000e-05
1.937893780000e-02 2.071712490000e+00 2.625306660000e-05
1.946004480000e-02 2.071498630000e+00 2.638182200000e-05
1.946004480000e-02 2.072140460000e+00 2.657309050000e-05
1.954115180000e-02 2.072568660000e+00 2.662906990000e-05
1.954115180000e-02 2.072782520000e+00 2.676622350000e-05
1.962225880000e-02 2.073210480000e+00 2.694629440000e-05
1.978447290000e-02 2.073638440000e+00 2.703679640000e-05
1.978447290000e-02 2.073852540000e+00 2.716554990000e-05
1.970336590000e-02 2.074280500000e+00 2.720940210000e-05
1.986557990000e-02 2.074280500000e+00 2.734935330000e-05
1.994668690000e-02 2.074922560000e+00 2.755461720000e-05
1.994668690000e-02 2.075136420000e+00 2.760779900000e-05
1.994668690000e-02 2.075564380000e+00 2.774961650000e-05
2.002779390000e-02 2.075564380000e+00 2.780186510000e-05
2.002779390000e-02 2.075564380000e+00 2.794648210000e-05
2.002779390000e-02 2.076206450000e+00 2.813308490000e-05
2.018999310000e-02 2.076848270000e+00 2.819559450000e-05
2.027110010000e-02 2.076848270000e+00 2.835234230000e-05
2.035220710000e-02 2.077276470000e+00 2.856973330000e-05
2.035220710000e-02 2.078132390000e+00 2.862477960000e-05
2.043331410000e-02 2.077918290000e+00 2.877126280000e-05
2.043331410000e-02 2.077918290000e+00 2.882910850000e-05
2.051442120000e-02 2.078560350000e+00 2.898772250000e-05
2.059552820000e-02 2.078988310000e+00 2.918551950000e-05
2.059552820000e-02 2.079630370000e+00 2.925269470000e-05
2.067663520000e-02 2.079630370000e+00 2.941597270000e-05
2.075774220000e-02 2.080058340000e+00 2.962869800000e-05
2.075774220000e-02 2.080486300000e+00 2.968748230000e-05
2.075774220000e-02 2.080914260000e+00 2.984702590000e-05
2.083884920000e-02 2.080914260000e+00 2.990860590000e-05
2.091995630000e-02 2.081128120000e+00 3.008494420000e-05
2.091995630000e-02 2.081770180000e+00 3.029300570000e-05
2.100106330000e-02 2.082198140000e+00 3.035831290000e-05
2.108217030000e-02 2.082198140000e+00 3.052065950000e-05
2.108217030000e-02 2.082626100000e+00 3.060649760000e-05
2.108217030000e-02 2.082626100000e+00 3.076604120000e-05
2.116327730000e-02 2.083482030000e+00 3.097036820000e-05
2.124438430000e-02 2.083482030000e+00 3.104314240000e-05
2.132549140000e-02 2.083909990000e+00 3.121948610000e-05
2.132549140000e-02 2.084338190000e+00 3.141821800000e-05
2.132549140000e-02 2.084766150000e+00 3.148912580000e-05
2.148770540000e-02 2.084766150000e+00 3.167386240000e-05
2.156881240000e-02 2.085407970000e+00 3.176623070000e-05
2.156881240000e-02 2.085407970000e+00 3.193976950000e-05
2.156881240000e-02 2.085835930000e+00 3.216369080000e-05
2.164991950000e-02 2.085835930000e+00 3.224206380000e-05
2.164991950000e-02 2.086477990000e+00 3.243333050000e-05
2.181213350000e-02 2.086905960000e+00 3.249491060000e-05
2.181213350000e-02 2.086905960000e+00 3.268524230000e-05
2.181213350000e-02 2.087548020000e+00 3.291663230000e-05
2.197433260000e-02 2.087975980000e+00 3.303325870000e-05
2.197433260000e-02 2.088189840000e+00 3.321892650000e-05
2.197433260000e-02 2.088617800000e+00 3.343818390000e-05
2.197433260000e-02 2.088617800000e+00 3.351749180000e-05
2.205543970000e-02 2.088617800000e+00 3.373208160000e-05
2.221765370000e-02 2.089473960000e+00 3.380579070000e-05
2.221765370000e-02 2.089473960000e+00 3.399892380000e-05
2.221765370000e-02 2.089473960000e+00 3.425830440000e-05
2.229876070000e-02 2.090543750000e+00 3.437865960000e-05
2.237986770000e-02 2.090543750000e+00 3.456712880000e-05
2.237986770000e-02 2.091185810000e+00 3.481624300000e-05
2.246097480000e-02 2.091185810000e+00 3.490301240000e-05
2.254208180000e-02 2.091613770000e+00 3.512973130000e-05
2.262318880000e-02 2.092041730000e+00 3.520437530000e-05
2.262318880000e-02 2.092255830000e+00 3.540310720000e-05
2.262318880000e-02 2.092683790000e+00 3.565688530000e-05
2.278540280000e-02 2.092897650000e+00 3.578283940000e-05
2.278540280000e-02 2.092897650000e+00 3.600956550000e-05
2.278540280000e-02 2.093539710000e+00 3.607767210000e-05
2.286650990000e-02 2.093539710000e+00 3.629972710000e-05
2.294761690000e-02 2.094181780000e+00 3.661975280000e-05
2.302872390000e-02 2.094395640000e+00 3.670279330000e-05
2.302872390000e-02 2.094823600000e+00 3.692298200000e-05
2.294761690000e-02 2.094823600000e+00 3.721874600000e-05
2.319093790000e-02 2.095679520000e+00 3.735776410000e-05
2.310983090000e-02 2.095679520000e+00 3.758728420000e-05
2.310983090000e-02 2.096107720000e+00 3.766006190000e-05
2.327204500000e-02 2.096107720000e+00 3.790357730000e-05
2.335315200000e-02 2.096749540000e+00 3.822826330000e-05
2.343425900000e-02 2.097177510000e+00 3.831876530000e-05
2.343425900000e-02 2.097177510000e+00 3.856974220000e-05
2.335315200000e-02 2.097177510000e+00 3.866677800000e-05
2.351536600000e-02 2.097605470000e+00 3.893362010000e-05
2.351536600000e-02 2.098247530000e+00 3.926110730000e-05
2.359647300000e-02 2.098675490000e+00 3.937213480000e-05
2.367756520000e-02 2.098675490000e+00 3.962871410000e-05
2.375867220000e-02 2.099103450000e+00 4.000471740000e-05
2.375867220000e-02 2.099531410000e+00 4.010921480000e-05
2.383977920000e-02 2.099745510000e+00 4.037512190000e-05
2.375867220000e-02 2.100173470000e+00 4.048055050000e-05
2.392088620000e-02 2.100173470000e+00 4.077724950000e-05
2.392088620000e-02 2.100601430000e+00 4.112246460000e-05
2.400199320000e-02 2.101243500000e+00 4.123442700000e-05
2.408310030000e-02 2.101243500000e+00 4.123442700000e-05
2.416420730000e-02 2.101457360000e+00 4.123442700000e-05
2.416420730000e-02 2.102099420000e+00 4.123442700000e-05
2.424531430000e-02 2.102099420000e+00 4.123442700000e-05
2.424531430000e-02 2.102099420000e+00 4.390012690000e-05
2.432642130000e-02 2.103169440000e+00 4.352697940000e-05
2.432642130000e-02 2.103169440000e+00 4.372288460000e-05
2.440752830000e-02 2.103597400000e+00 4.376951980000e-05
2.448863540000e-02 2.103597400000e+00 4.408669700000e-05
2.448863540000e-02 2.104239230000e+00 4.418930620000e-05
2.456974240000e-02 2.104025360000e+00 4.451581120000e-05
2.456974240000e-02 2.104881290000e+00 4.491694200000e-05
2.465084940000e-02 2.104881290000e+00 4.502887530000e-05
2.465084940000e-02 2.105095150000e+00 4.538336000000e-05
2.481306340000e-02 2.105523350000e+00 4.589643500000e-05
2.481306340000e-02 2.105951310000e+00 4.604569040000e-05
2.481306340000e-02 2.106165170000e+00 4.645614540000e-05
2.497527750000e-02 2.106379270000e+00 4.658674520000e-05
2.497527750000e-02 2.106593130000e+00 4.694122980000e-05
2.497527750000e-02 2.107235190000e+00 4.747296040000e-05
2.505638450000e-02 2.107235190000e+00 4.764087500000e-05
2.505638450000e-02 2.107663150000e+00 4.803267070000e-05
2.505638450000e-02 2.108091120000e+00 4.820991310000e-05
2.513749150000e-02 2.108305220000e+00 4.862969940000e-05
2.521859850000e-02 2.108305220000e+00 4.918940980000e-05
2.538081260000e-02 2.109161140000e+00 4.939464270000e-05
2.538081260000e-02 2.109161140000e+00 4.986106430000e-05
2.529970560000e-02 2.109803200000e+00 5.048608000000e-05
2.546190470000e-02 2.109803200000e+00 5.068197790000e-05
2.554301170000e-02 2.110017060000e+00 5.120438070000e-05
2.554301170000e-02 2.110445020000e+00 5.140027860000e-05
2.562411870000e-02 2.110445020000e+00 5.192267780000e-05
2.562411870000e-02 2.111087080000e+00 5.258500820000e-05
2.570522580000e-02 2.111515050000e+00 5.291150230000e-05
2.570522580000e-02 2.111515050000e+00 5.342457730000e-05
2.578633280000e-02 2.112157110000e+00 5.414286720000e-05
2.578633280000e-02 2.112157110000e+00 5.445071660000e-05
2.586743980000e-02 2.112370970000e+00 5.501042690000e-05
2.586743980000e-02 2.112798930000e+00 5.519699700000e-05
2.602965380000e-02 2.112798930000e+00 5.587797930000e-05
2.602965380000e-02 2.112798930000e+00 5.675486680000e-05
2.619186790000e-02 2.113868950000e+00 5.709068860000e-05
2.619186790000e-02 2.113868950000e+00 5.780898940000e-05
2.619186790000e-02 2.114511010000e+00 5.802355010000e-05
2.627297490000e-02 2.114511010000e+00 5.876050270000e-05
2.635408190000e-02 2.114938970000e+00 5.980529750000e-05
2.635408190000e-02 2.115580800000e+00 6.008515630000e-05
2.643518890000e-02 2.115580800000e+00 6.088741070000e-05
2.635408190000e-02 2.115580800000e+00 6.200683860000e-05
2.651629600000e-02 2.116222860000e+00 6.245460830000e-05
2.659740300000e-02 2.116222860000e+00 6.322887930000e-05
2.659740300000e-02 2.116650820000e+00 6.350873450000e-05
2.659740300000e-02 2.116650820000e+00 6.452554950000e-05
2.675961700000e-02 2.117292880000e+00 6.594348820000e-05
2.675961700000e-02 2.117292880000e+00 6.639125790000e-05
2.675961700000e-02 2.117506740000e+00 6.753866910000e-05
2.684072410000e-02 2.118362670000e+00 6.798643880000e-05
2.692183110000e-02 2.118148800000e+00 6.914317780000e-05
2.692183110000e-02 2.118790630000e+00 7.086896220000e-05
2.692183110000e-02 2.119218830000e+00 7.145666310000e-05
2.708404510000e-02 2.119218830000e+00 7.290257780000e-05
2.708404510000e-02 2.119646790000e+00 7.502015800000e-05
2.724624430000e-02 2.120074750000e+00 7.560786620000e-05
2.724624430000e-02 2.120074750000e+00 7.724036550000e-05
2.724624430000e-02 2.120502710000e+00 7.783739420000e-05
2.724624430000e-02 2.120716570000e+00 7.979638030000e-05
2.724624430000e-02 2.120930670000e+00 8.251098920000e-05
2.732735130000e-02 2.121572730000e+00 8.339720810000e-05
2.740845830000e-02 2.121572730000e+00 8.575732500000e-05
2.757067230000e-02 2.122000690000e+00 8.936746600000e-05
2.765177940000e-02 2.122214560000e+00 9.031897930000e-05
2.765177940000e-02 2.122428660000e+00 9.341606350000e-05
2.765177940000e-02 2.122642520000e+00 9.462877640000e-05
2.765177940000e-02 2.122856620000e+00 9.805235460000e-05
2.773288640000e-02 2.123284580000e+00 1.030711060000e-04
2.773288640000e-02 2.123926640000e+00 1.048621930000e-04
2.781399340000e-02 2.123712540000e+00 1.093119210000e-04
2.797620740000e-02 2.124354600000e+00 1.116067430000e-04
2.797620740000e-02 2.124354600000e+00 1.173344640000e-04
2.797620740000e-02 2.124782560000e+00 1.257301630000e-04
2.797620740000e-02 2.125210520000e+00 1.291537480000e-04
2.813842150000e-02 2.125424390000e+00 1.382863850000e-04
2.813842150000e-02 2.125638480000e+00 1.510291770000e-04
2.813842150000e-02 2.126066450000e+00 1.562718240000e-04
2.821952850000e-02 2.126280550000e+00 1.697329280000e-04
2.838174250000e-02 2.126708510000e+00 1.777368160000e-04
2.838174250000e-02 2.126708510000e+00 1.922986850000e-04
2.838174250000e-02 2.127136470000e+00 2.153681850000e-04
2.846284960000e-02 2.127136470000e+00 2.258441380000e-04
2.854395660000e-02 2.127564430000e+00 2.470945760000e-04
2.862506360000e-02 2.127778290000e+00 2.564324530000e-04
2.862506360000e-02 2.127992390000e+00 2.806680280000e-04
2.854395660000e-02 2.127992390000e+00 3.154821460000e-04
2.870617060000e-02 2.128634450000e+00 3.361075940000e-04
2.870617060000e-02 2.128848310000e+00 3.620689390000e-04
2.870617060000e-02 2.129276280000e+00 3.969577370000e-04
2.886838470000e-02 2.129276280000e+00 4.126203710000e-04
2.894949170000e-02 2.129918340000e+00 4.126203710000e-04
2.894949170000e-02 2.130132200000e+00 4.126203710000e-04
2.894949170000e-02 2.130132200000e+00 4.126203710000e-04
2.903058380000e-02 2.130132200000e+00 5.473350760000e-04
2.911169080000e-02 2.130774260000e+00 5.530393100000e-04
2.911169080000e-02 2.130988360000e+00 5.809064020000e-04
2.911169080000e-02 2.131416320000e+00 6.231746520000e-04
2.919279780000e-02 2.131416320000e+00 6.368275500000e-04
2.927390490000e-02 2.131630180000e+00 6.705859560000e-04
2.927390490000e-02 2.132272240000e+00 6.833972880000e-04
2.943611890000e-02 2.132058140000e+00 7.156595240000e-04
2.935501190000e-02 2.132058140000e+00 7.575536150000e-04
2.959833290000e-02 2.133128170000e+00 7.759758150000e-04
2.959833290000e-02 2.132914070000e+00 8.087055760000e-04
2.959833290000e-02 2.133342270000e+00 8.202077590000e-04
2.967944000000e-02 2.133556130000e+00 8.523764550000e-04
2.967944000000e-02 2.133770230000e+00 8.981045680000e-04
2.984165400000e-02 2.134198190000e+00 9.105419160000e-04
2.984165400000e-02 2.134198190000e+00 9.424299930000e-04
2.984165400000e-02 2.134840010000e+00 9.859137940000e-04
3.000386800000e-02 2.135054110000e+00 1.005458300000e-03
3.000386800000e-02 2.135054110000e+00 1.037533390000e-03
3.000386800000e-02 2.135696170000e+00 1.048661540000e-03
3.000386800000e-02 2.135696170000e+00 1.081017200000e-03
3.016608210000e-02 2.135910030000e+00 1.127680530000e-03
3.016608210000e-02 2.136338000000e+00 1.139276200000e-03
3.024718910000e-02 2.136338000000e+00 1.172941060000e-03
3.024718910000e-02 2.136338000000e+00 1.187061770000e-03
3.032829610000e-02 2.136980060000e+00 1.219978560000e-03
3.032829610000e-02 2.137408020000e+00 1.262620560000e-03
3.032829610000e-02 2.137835980000e+00 1.276460590000e-03
3.049051020000e-02 2.137835980000e+00 1.307600760000e-03
3.049051020000e-02 2.138050080000e+00 1.355199140000e-03
3.057161720000e-02 2.138263940000e+00 1.369039180000e-03
3.057161720000e-02 2.138263940000e+00 1.402517080000e-03
3.057161720000e-02 2.138263940000e+00 1.415328360000e-03
3.065272420000e-02 2.138906000000e+00 1.449180180000e-03
3.081492330000e-02 2.139333960000e+00 1.490606810000e-03
3.081492330000e-02 2.139761920000e+00 1.504914370000e-03
3.081492330000e-02 2.139761920000e+00 1.539327320000e-03
3.089603040000e-02 2.140189890000e+00 1.556066210000e-03
3.089603040000e-02 2.140403990000e+00 1.587300100000e-03
3.097713740000e-02 2.140403990000e+00 1.627791440000e-03
3.097713740000e-02 2.140403990000e+00 1.643127530000e-03
3.113935140000e-02 2.141259910000e+00 1.675670270000e-03
3.113935140000e-02 2.141473770000e+00 1.720089230000e-03
3.113935140000e-02 2.141687870000e+00 1.734677470000e-03
3.122045840000e-02 2.141687870000e+00 1.768248740000e-03
3.138267250000e-02 2.142329930000e+00 1.785081110000e-03
3.130156550000e-02 2.142115830000e+00 1.816501720000e-03
3.130156550000e-02 2.142757890000e+00 1.855590500000e-03
3.138267250000e-02 2.142757890000e+00 1.870272220000e-03
3.146377950000e-02 2.142971750000e+00 1.905994260000e-03
3.162599350000e-02 2.143613820000e+00 1.949010770000e-03
3.162599350000e-02 2.143827680000e+00 1.962850800000e-03
3.162599350000e-02 2.143827680000e+00 1.995954430000e-03
3.178820760000e-02 2.144469740000e+00 2.013254450000e-03
3.170710060000e-02 2.144469740000e+00 2.041682600000e-03
3.170710060000e-02 2.144683840000e+00 2.081612820000e-03
3.178820760000e-02 2.144683840000e+00 2.098351720000e-03
3.186931460000e-02 2.145325660000e+00 2.134354550000e-03
3.195042160000e-02 2.145539760000e+00 2.145950220000e-03
3.195042160000e-02 2.145753620000e+00 2.179241040000e-03
3.203152870000e-02 2.146181580000e+00 2.219919350000e-03
3.219374270000e-02 2.146609540000e+00 2.240305300000e-03
3.219374270000e-02 2.146395680000e+00 2.272380520000e-03
3.219374270000e-02 2.147251610000e+00 2.312778500000e-03
3.227484970000e-02 2.147251610000e+00 2.328488740000e-03
3.227484970000e-02 2.147465710000e+00 2.362714610000e-03
3.227484970000e-02 2.147679570000e+00 2.375058360000e-03
3.243706380000e-02 2.147679570000e+00 2.405357080000e-03
3.235595670000e-02 2.147679570000e+00 2.446689880000e-03
3.259926290000e-02 2.148749590000e+00 2.469507280000e-03
3.251817080000e-02 2.148749590000e+00 2.500273290000e-03
3.251817080000e-02 2.148963450000e+00 2.511681990000e-03
3.268036990000e-02 2.148963450000e+00 2.544318090000e-03
3.276147690000e-02 2.149605510000e+00 2.588830660000e-03
3.284258400000e-02 2.149819610000e+00 2.600706880000e-03
3.284258400000e-02 2.150033470000e+00 2.633997700000e-03
3.276147690000e-02 2.150247570000e+00 2.674582880000e-03
3.300479800000e-02 2.150675540000e+00 2.695623320000e-03
3.300479800000e-02 2.150675540000e+00 2.725921800000e-03
3.300479800000e-02 2.151317360000e+00 2.738358920000e-03
3.308590500000e-02 2.151317360000e+00 2.768002680000e-03
3.316701200000e-02 2.151531460000e+00 2.814853100000e-03
3.316701200000e-02 2.151959420000e+00 2.827944930000e-03
3.316701200000e-02 2.151959420000e+00 2.860861600000e-03
3.324811910000e-02 2.151959420000e+00 2.902288220000e-03
3.341033310000e-02 2.152601480000e+00 2.923515860000e-03
3.341033310000e-02 2.152815340000e+00 2.953814340000e-03
3.332922610000e-02 2.153029440000e+00 2.964568320000e-03
3.341033310000e-02 2.153243300000e+00 2.997298030000e-03
3.349144010000e-02 2.153457400000e+00 3.042932830000e-03
3.365365420000e-02 2.153885360000e+00 3.055556910000e-03
3.365365420000e-02 2.154099460000e+00 3.088006280000e-03
3.365365420000e-02 2.154527430000e+00 3.100443860000e-03
3.365365420000e-02 2.154527430000e+00 3.132144690000e-03
3.365365420000e-02 2.154955390000e+00 3.173664910000e-03
3.381586820000e-02 2.155169250000e+00 3.188720440000e-03
3.389697520000e-02 2.155169250000e+00 3.221543740000e-03
3.389697520000e-02 2.155597210000e+00 3.268019990000e-03
3.389697520000e-02 2.156239270000e+00 3.281392390000e-03
3.405918930000e-02 2.156239270000e+00 3.312438960000e-03
3.397808220000e-02 2.156239270000e+00 3.324876070000e-03
3.405918930000e-02 2.156453370000e+00 3.358354090000e-03
3.422140330000e-02 2.157095190000e+00 3.399406560000e-03
3.422140330000e-02 2.157523160000e+00 3.413527040000e-03
3.430251030000e-02 2.157523160000e+00 3.446537540000e-03
3.430251030000e-02 2.157737260000e+00 3.463276430000e-03
3.430251030000e-02 2.157737260000e+00 3.494042440000e-03
3.430251030000e-02 2.158379080000e+00 3.533972660000e-03
3.454581650000e-02 2.158593180000e+00 3.549308980000e-03
3.454581650000e-02 2.158593180000e+00 3.585218220000e-03
3.454581650000e-02 2.159235240000e+00 3.627486290000e-03
3.454581650000e-02 2.159663200000e+00 3.642261490000e-03
3.470803050000e-02 2.159663200000e+00 3.674617040000e-03
3.478913750000e-02 2.160091160000e+00 3.691449760000e-03
3.470803050000e-02 2.159877060000e+00 3.723057220000e-03
3.478913750000e-02 2.160305020000e+00 3.763642160000e-03
3.478913750000e-02 2.160732980000e+00 3.777856240000e-03
3.495135160000e-02 2.160732980000e+00 3.812643230000e-03
3.495135160000e-02 2.161161180000e+00 3.852573460000e-03
3.495135160000e-02 2.161589150000e+00 3.866133050000e-03
3.511356560000e-02 2.161803010000e+00 3.900826680000e-03
3.511356560000e-02 2.162017110000e+00 3.918313420000e-03
3.519467260000e-02 2.162017110000e+00 3.949733920000e-03
3.519467260000e-02 2.162230970000e+00 3.989570770000e-03
3.519467260000e-02 2.162873030000e+00 4.004065410000e-03
3.527577970000e-02 2.162873030000e+00 4.037917590000e-03
3.527577970000e-02 2.163300990000e+00 4.048484380000e-03
3.543799370000e-02 2.163300990000e+00 4.081681840000e-03
3.535688670000e-02 2.163300990000e+00 4.122454210000e-03
3.560020770000e-02 2.164156910000e+00 4.122454210000e-03
3.560020770000e-02 2.164156910000e+00 4.122454210000e-03
3.551910070000e-02 2.164156910000e+00 4.122454210000e-03
3.568131480000e-02 2.164584880000e+00 4.122454210000e-03
3.576242180000e-02 2.165012840000e+00 4.331138920000e-03
3.576242180000e-02 2.165440800000e+00 4.326476250000e-03
3.576242180000e-02 2.165440800000e+00 4.350724160000e-03
3.576242180000e-02 2.165869000000e+00 4.388962410000e-03
3.600574280000e-02 2.166296960000e+00 4.398288210000e-03
3.600574280000e-02 2.166082860000e+00 4.428133370000e-03
3.600574280000e-02 2.166724920000e+00 4.432796500000e-03
3.600574280000e-02 2.166724920000e+00 4.468236120000e-03
3.608684990000e-02 2.166938780000e+00 4.510204310000e-03
3.608684990000e-02 2.167366740000e+00 4.518597850000e-03
3.624904900000e-02 2.167580840000e+00 4.555902910000e-03
3.616794200000e-02 2.167580840000e+00 4.594141150000e-03
3.641126300000e-02 2.168436770000e+00 4.608130550000e-03
3.641126300000e-02 2.168436770000e+00 4.639839750000e-03
3.633015600000e-02 2.168864730000e+00 4.649166020000e-03
3.641126300000e-02 2.168864730000e+00 4.683673850000e-03
3.649237010000e-02 2.169078830000e+00 4.726575220000e-03
3.649237010000e-02 2.169292690000e+00 4.738698710000e-03
3.657347710000e-02 2.169720650000e+00 4.769475200000e-03
3.665458410000e-02 2.169720650000e+00 4.814242010000e-03
3.673569110000e-02 2.170362710000e+00 4.830096850000e-03
3.673569110000e-02 2.170362710000e+00 4.859940610000e-03
3.681679820000e-02 2.170790670000e+00 4.870199600000e-03
3.681679820000e-02 2.170790670000e+00 4.900976080000e-03
3.689790520000e-02 2.171218630000e+00 4.942944740000e-03
3.689790520000e-02 2.171646600000e+00 4.953203720000e-03
3.706011920000e-02 2.171646600000e+00 4.989576060000e-03
3.706011920000e-02 2.171646600000e+00 5.000767760000e-03
3.714122620000e-02 2.171860690000e+00 5.033410150000e-03
3.714122620000e-02 2.172502520000e+00 5.079108760000e-03
3.722233330000e-02 2.172716620000e+00 5.089367740000e-03
3.722233330000e-02 2.172716620000e+00 5.126673260000e-03
3.738454730000e-02 2.173358680000e+00 5.174237300000e-03
3.738454730000e-02 2.173572540000e+00 5.185429010000e-03
3.746565430000e-02 2.173786640000e+00 5.215272770000e-03
3.746565430000e-02 2.173786640000e+00 5.226464480000e-03
3.754676130000e-02 2.174000500000e+00 5.260039590000e-03
3.754676130000e-02 2.174642560000e+00 5.303872750000e-03
3.770897540000e-02 2.175070520000e+00 5.312267230000e-03
3.770897540000e-02 2.175070520000e+00 5.349571350000e-03
3.770897540000e-02 2.175498490000e+00 5.362628490000e-03
3.770897540000e-02 2.175284620000e+00 5.392472730000e-03
3.770897540000e-02 2.175926450000e+00 5.435373630000e-03
3.787118940000e-02 2.175926450000e+00 5.455891600000e-03
3.787118940000e-02 2.176140550000e+00 5.483870860000e-03
3.787118940000e-02 2.176782370000e+00 5.525839520000e-03
3.803338860000e-02 2.176996470000e+00 5.539828450000e-03
3.811449560000e-02 2.177210570000e+00 5.568740420000e-03
3.811449560000e-02 2.177638530000e+00 5.586459770000e-03
3.811449560000e-02 2.177638530000e+00 5.617236720000e-03
3.811449560000e-02 2.178066490000e+00 5.654541780000e-03
3.819560260000e-02 2.178494450000e+00 5.669463890000e-03
3.835781660000e-02 2.178280350000e+00 5.705836230000e-03
3.835781660000e-02 2.178494450000e+00 5.748737600000e-03
3.835781660000e-02 2.179136280000e+00 5.762726530000e-03
3.852003070000e-02 2.179136280000e+00 5.795368920000e-03
3.852003070000e-02 2.179564480000e+00 5.810291040000e-03
3.860113770000e-02 2.179778340000e+00 5.837337580000e-03
3.860113770000e-02 2.180206300000e+00 5.883036180000e-03
3.860113770000e-02 2.180420400000e+00 5.896093320000e-03
3.868224470000e-02 2.180634260000e+00 5.929668430000e-03
3.868224470000e-02 2.180634260000e+00 5.939927420000e-03
3.876335170000e-02 2.180848360000e+00 5.970703900000e-03
3.884445880000e-02 2.180848360000e+00 6.012672560000e-03
3.900667280000e-02 2.181704280000e+00 6.029459180000e-03
3.900667280000e-02 2.181704280000e+00 6.060236600000e-03
3.892556580000e-02 2.182132240000e+00 6.101272530000e-03
3.908777980000e-02 2.182132240000e+00 6.117126900000e-03
3.908777980000e-02 2.182560210000e+00 6.150701080000e-03
3.908777980000e-02 2.182988170000e+00 6.159095560000e-03
3.924999390000e-02 2.182988170000e+00 6.187073890000e-03
3.924999390000e-02 2.182988170000e+00 6.229974800000e-03
