#  J [A] 	 V 	 L [w] 
-8.658319710000e-05 1.129448410000e-03 -1.947461750000e-09
-8.658319710000e-05 1.343458890000e-03 -1.854725480000e-09
-5.483627320000e-06 1.343458890000e-03 -2.225670540000e-09
-8.658319710000e-05 1.343458890000e-03 -1.761989220000e-09
-5.483627320000e-06 1.343458890000e-03 -1.947461750000e-09
-8.658319710000e-05 1.129448410000e-03 -2.040198010000e-09
-8.658319710000e-05 1.343458890000e-03 -1.669319570000e-09
-5.483627320000e-06 1.343458890000e-03 -1.947461750000e-09
-8.658319710000e-05 1.343458890000e-03 -1.854725480000e-09
-8.658319710000e-05 1.129448410000e-03 -1.761989220000e-09
-8.658319710000e-05 1.343458890000e-03 -1.669319570000e-09
-5.483627320000e-06 1.343458890000e-03 -2.225670540000e-09
-8.658319710000e-05 3.938041330000e-01 -1.854725480000e-09
-5.483627320000e-06 8.127997520000e-01 -1.669319570000e-09
7.562339310000e-05 1.362544300000e+00 2.874291250000e-09
7.562339310000e-05 1.712420700000e+00 1.029232610000e-08
1.567304130000e-04 1.743449450000e+00 2.587021970000e-08
2.378374340000e-04 1.759926800000e+00 4.367358390000e-08
2.378374340000e-04 1.762066600000e+00 4.487902320000e-08
3.189444540000e-04 1.775334120000e+00 6.676225440000e-08
4.000514750000e-04 1.785391810000e+00 8.929463040000e-08
4.811584950000e-04 1.785819770000e+00 9.003638720000e-08
5.622655150000e-04 1.794593330000e+00 1.170195820000e-07
5.622655150000e-04 1.794379470000e+00 1.166487000000e-07
5.622655150000e-04 1.801655050000e+00 1.442809040000e-07
7.244795560000e-04 1.807860850000e+00 1.731186220000e-07
6.433725360000e-04 1.808502910000e+00 1.746022060000e-07
7.244795560000e-04 1.813424590000e+00 2.022344750000e-07
7.244795560000e-04 1.813210730000e+00 2.024199550000e-07
8.055865760000e-04 1.818560360000e+00 2.357084700000e-07
8.866861460000e-04 1.823696140000e+00 2.722423740000e-07
8.866861460000e-04 1.823696140000e+00 2.728914690000e-07
9.677931670000e-04 1.827975990000e+00 3.095180720000e-07
1.048900190000e-03 1.831614020000e+00 3.445684060000e-07
1.048900190000e-03 1.831827880000e+00 3.468865370000e-07
1.130007210000e-03 1.835679770000e+00 3.865731340000e-07
1.130007210000e-03 1.835893870000e+00 3.873149410000e-07
1.292221250000e-03 1.839103700000e+00 4.241269950000e-07
1.292221250000e-03 1.842527630000e+00 4.662244630000e-07
1.292221250000e-03 1.842527630000e+00 4.671516930000e-07
1.373328270000e-03 1.845737460000e+00 5.054474170000e-07
1.454435290000e-03 1.848091360000e+00 5.487502790000e-07
1.454435290000e-03 1.848519330000e+00 5.512539470000e-07
1.535542310000e-03 1.851301190000e+00 5.946495780000e-07
1.535542310000e-03 1.851301190000e+00 5.955768070000e-07
1.616649330000e-03 1.853868960000e+00 6.380450940000e-07
1.616649330000e-03 1.856436970000e+00 6.820898190000e-07
1.616649330000e-03 1.856436970000e+00 6.829243940000e-07
1.778855920000e-03 1.859004970000e+00 7.298436340000e-07
1.778855920000e-03 1.858790870000e+00 7.310489990000e-07
1.778855920000e-03 1.861144780000e+00 7.755573390000e-07
1.941069960000e-03 1.863284590000e+00 8.237747120000e-07
1.941069960000e-03 1.863498690000e+00 8.240528470000e-07
2.022176980000e-03 1.865210530000e+00 8.652231140000e-07
2.103284000000e-03 1.867778540000e+00 9.174277120000e-07
2.103284000000e-03 1.867564440000e+00 9.183549420000e-07
2.184391020000e-03 1.869704480000e+00 9.665722020000e-07
2.184391020000e-03 1.869704480000e+00 9.679631600000e-07
2.265498040000e-03 1.871630430000e+00 1.017849510000e-06
2.346605060000e-03 1.873556380000e+00 1.065881520000e-06
2.346605060000e-03 1.873556380000e+00 1.065881520000e-06
2.427712080000e-03 1.875268220000e+00 1.114840640000e-06
2.427712080000e-03 1.875268220000e+00 1.117437020000e-06
2.508819100000e-03 1.877408270000e+00 1.167972530000e-06
2.589926120000e-03 1.878906010000e+00 1.219342380000e-06
2.508819100000e-03 1.878906010000e+00 1.220733340000e-06
2.671025690000e-03 1.880618100000e+00 1.268301620000e-06
2.752132710000e-03 1.882329940000e+00 1.323473500000e-06
2.752132710000e-03 1.882329940000e+00 1.324122540000e-06
2.833239730000e-03 1.883827920000e+00 1.373916120000e-06
2.752132710000e-03 1.883827920000e+00 1.377161540000e-06
2.914346750000e-03 1.885539770000e+00 1.430015230000e-06
2.995453770000e-03 1.887251850000e+00 1.480365310000e-06
2.995453770000e-03 1.887037750000e+00 1.481477970000e-06
3.076560800000e-03 1.888535740000e+00 1.535073240000e-06
3.157667820000e-03 1.890247580000e+00 1.589132240000e-06
3.076560800000e-03 1.890247580000e+00 1.589874160000e-06
3.238774840000e-03 1.891531710000e+00 1.640595200000e-06
3.238774840000e-03 1.891531710000e+00 1.643933160000e-06
3.319881860000e-03 1.893029450000e+00 1.695488660000e-06
3.400988880000e-03 1.894527440000e+00 1.753442230000e-06
3.400988880000e-03 1.894313570000e+00 1.754555110000e-06
3.482095900000e-03 1.896025420000e+00 1.810004850000e-06
3.482095900000e-03 1.896025420000e+00 1.810839540000e-06
3.563195470000e-03 1.897309300000e+00 1.867031190000e-06
3.644302490000e-03 1.898593430000e+00 1.919328720000e-06
3.644302490000e-03 1.898807290000e+00 1.923037640000e-06
3.725409510000e-03 1.899877310000e+00 1.981733020000e-06
3.806516530000e-03 1.901375290000e+00 2.037831790000e-06
3.806516530000e-03 1.901375290000e+00 2.039130090000e-06
3.968730570000e-03 1.902445080000e+00 2.096063550000e-06
3.887623550000e-03 1.902445080000e+00 2.097361630000e-06
3.968730570000e-03 1.903729200000e+00 2.150401090000e-06
4.049837590000e-03 1.904798980000e+00 2.206870700000e-06
4.049837590000e-03 1.904798980000e+00 2.212434540000e-06
4.130944610000e-03 1.906296970000e+00 2.270202460000e-06
4.130944610000e-03 1.906296970000e+00 2.271037150000e-06
4.212051630000e-03 1.907581090000e+00 2.326116150000e-06
4.212051630000e-03 1.908650880000e+00 2.384440450000e-06
4.293158650000e-03 1.908650880000e+00 2.386480450000e-06
4.374265670000e-03 1.909935000000e+00 2.444990290000e-06
4.455365240000e-03 1.911004780000e+00 2.499884200000e-06
4.455365240000e-03 1.911004780000e+00 2.504798430000e-06
4.617579280000e-03 1.912288900000e+00 2.563122960000e-06
4.536472260000e-03 1.912074800000e+00 2.564421040000e-06
4.617579280000e-03 1.913358690000e+00 2.616347500000e-06
4.698686300000e-03 1.914428710000e+00 2.680606260000e-06
4.698686300000e-03 1.914428710000e+00 2.681997330000e-06
4.698686300000e-03 1.915712590000e+00 2.741341630000e-06
4.860900340000e-03 1.916568520000e+00 2.800037010000e-06
4.860900340000e-03 1.916782620000e+00 2.804117000000e-06
4.942007360000e-03 1.917852640000e+00 2.862626840000e-06
4.942007360000e-03 1.917852640000e+00 2.863461530000e-06
5.104221400000e-03 1.918708560000e+00 2.921322220000e-06
5.104221400000e-03 1.919778590000e+00 2.984653970000e-06
5.104221400000e-03 1.919778590000e+00 2.985859280000e-06
5.185328420000e-03 1.921062470000e+00 3.045667200000e-06
5.185328420000e-03 1.920848370000e+00 3.046594430000e-06
5.266435440000e-03 1.922132490000e+00 3.104362800000e-06
5.347535010000e-03 1.922988410000e+00 3.168158170000e-06
5.347535010000e-03 1.922988410000e+00 3.168899640000e-06
5.428642030000e-03 1.924058440000e+00 3.225369710000e-06
5.509749050000e-03 1.925128220000e+00 3.291019540000e-06
5.509749050000e-03 1.925128220000e+00 3.292966770000e-06
5.590856080000e-03 1.925770280000e+00 3.349900450000e-06
5.590856080000e-03 1.925984140000e+00 3.351940220000e-06
5.671963100000e-03 1.927054170000e+00 3.413695370000e-06
5.753070120000e-03 1.927910090000e+00 3.476007350000e-06
5.753070120000e-03 1.927910090000e+00 3.475821810000e-06
5.834177140000e-03 1.928766250000e+00 3.534517190000e-06
5.834177140000e-03 1.928766250000e+00 3.538318880000e-06
5.915284160000e-03 1.929622170000e+00 3.593027030000e-06
5.996391180000e-03 1.930906060000e+00 3.658306010000e-06
5.915284160000e-03 1.930691960000e+00 3.660253240000e-06
6.077498200000e-03 1.931548120000e+00 3.722008390000e-06
6.158605220000e-03 1.932832000000e+00 3.787750980000e-06
6.077498200000e-03 1.932832000000e+00 3.788492900000e-06
6.239704790000e-03 1.933474060000e+00 3.845148060000e-06
6.239704790000e-03 1.933687930000e+00 3.849135280000e-06
6.320811810000e-03 1.934543850000e+00 3.914507030000e-06
6.401918830000e-03 1.935400010000e+00 3.976540480000e-06
6.401918830000e-03 1.935613870000e+00 3.978394940000e-06
6.483025850000e-03 1.936255930000e+00 4.040984550000e-06
6.564132870000e-03 1.937325720000e+00 4.101905690000e-06
6.564132870000e-03 1.937111850000e+00 4.102832920000e-06
6.645239890000e-03 1.938181880000e+00 4.102832920000e-06
6.645239890000e-03 1.938181880000e+00 4.320775590000e-06
6.726346910000e-03 1.939037800000e+00 4.263861680000e-06
6.807453930000e-03 1.939893720000e+00 4.317043930000e-06
6.807453930000e-03 1.939893720000e+00 4.314244960000e-06
6.888560950000e-03 1.940963750000e+00 4.369292130000e-06
6.888560950000e-03 1.940963750000e+00 4.370225720000e-06
6.888560950000e-03 1.941819670000e+00 4.432737570000e-06
7.050774990000e-03 1.942461730000e+00 4.494315820000e-06
7.050774990000e-03 1.942675590000e+00 4.496181650000e-06
7.050774990000e-03 1.943531510000e+00 4.560560230000e-06
7.212981580000e-03 1.944387440000e+00 4.619339510000e-06
7.212981580000e-03 1.944173570000e+00 4.619339510000e-06
7.294088600000e-03 1.945029500000e+00 4.685582550000e-06
7.212981580000e-03 1.945029500000e+00 4.684650320000e-06
7.294088600000e-03 1.945885420000e+00 4.749961140000e-06
7.375195620000e-03 1.946741340000e+00 4.816204640000e-06
7.456302640000e-03 1.946741340000e+00 4.817137780000e-06
7.537409660000e-03 1.947597500000e+00 4.881515450000e-06
7.537409660000e-03 1.947597500000e+00 4.880581860000e-06
7.618516680000e-03 1.948667290000e+00 4.944960440000e-06
7.699623700000e-03 1.949309350000e+00 5.012137080000e-06
7.618516680000e-03 1.949095250000e+00 5.014002910000e-06
7.699623700000e-03 1.950165270000e+00 5.078380130000e-06
7.861837740000e-03 1.950807330000e+00 5.138093000000e-06
7.780730720000e-03 1.950807330000e+00 5.141825570000e-06
7.942944770000e-03 1.951663260000e+00 5.204337410000e-06
7.942944770000e-03 1.951449160000e+00 5.205270550000e-06
8.024044330000e-03 1.952519180000e+00 5.271514060000e-06
8.105151360000e-03 1.953161240000e+00 5.340556980000e-06
8.024044330000e-03 1.953161240000e+00 5.341489210000e-06
8.105151360000e-03 1.954017160000e+00 5.402135680000e-06
8.186258380000e-03 1.954659220000e+00 5.469312330000e-06
8.267365400000e-03 1.954659220000e+00 5.469312330000e-06
8.348472420000e-03 1.955515150000e+00 5.534623140000e-06
8.348472420000e-03 1.955729010000e+00 5.534623140000e-06
8.429579440000e-03 1.956371070000e+00 5.601799330000e-06
8.510686460000e-03 1.957013130000e+00 5.662445800000e-06
8.510686460000e-03 1.957226990000e+00 5.661512200000e-06
8.510686460000e-03 1.957654950000e+00 5.731489180000e-06
8.591793480000e-03 1.958082910000e+00 5.732421410000e-06
8.591793480000e-03 1.958510880000e+00 5.800531200000e-06
8.672900500000e-03 1.959580900000e+00 5.869574580000e-06
8.672900500000e-03 1.959367040000e+00 5.871439950000e-06
8.754007520000e-03 1.960222960000e+00 5.930219690000e-06
8.835114540000e-03 1.961078880000e+00 6.006726380000e-06
8.916214110000e-03 1.961078880000e+00 6.006726380000e-06
8.997321130000e-03 1.961720940000e+00 6.070171820000e-06
8.916214110000e-03 1.961720940000e+00 6.070171820000e-06
8.997321130000e-03 1.962362770000e+00 6.137348460000e-06
9.078428150000e-03 1.963218690000e+00 6.205458250000e-06
9.159535170000e-03 1.963218690000e+00 6.206391390000e-06
9.159535170000e-03 1.963860750000e+00 6.276367000000e-06
9.240642190000e-03 1.963860750000e+00 6.273568030000e-06
9.321749210000e-03 1.964502810000e+00 6.342610050000e-06
9.402856230000e-03 1.965572600000e+00 6.412587030000e-06
9.402856230000e-03 1.965572600000e+00 6.414452400000e-06
9.483963250000e-03 1.966000800000e+00 6.476964240000e-06
9.483963250000e-03 1.967070580000e+00 6.546939860000e-06
9.565070270000e-03 1.967070580000e+00 6.547873450000e-06
9.646177290000e-03 1.967712640000e+00 6.611317530000e-06
9.646177290000e-03 1.967498540000e+00 6.613184270000e-06
9.727284310000e-03 1.968140600000e+00 6.678495080000e-06
9.808383880000e-03 1.968782660000e+00 6.745671730000e-06
9.808383880000e-03 1.968782660000e+00 6.744738130000e-06
9.889490900000e-03 1.969638590000e+00 6.815647340000e-06
9.808383880000e-03 1.969852450000e+00 6.815647340000e-06
9.970597920000e-03 1.970494510000e+00 6.885622500000e-06
9.970597920000e-03 1.970922470000e+00 6.953732740000e-06
1.005170490000e-02 1.970922470000e+00 6.959330680000e-06
1.013281200000e-02 1.971564530000e+00 7.020910290000e-06
1.021391900000e-02 1.972634550000e+00 7.091819040000e-06
1.021391900000e-02 1.972420450000e+00 7.091819040000e-06
1.021391900000e-02 1.973062520000e+00 7.165527220000e-06
1.029502600000e-02 1.973276380000e+00 7.160861060000e-06
1.037613300000e-02 1.973704340000e+00 7.229904440000e-06
1.045724000000e-02 1.974560260000e+00 7.295215250000e-06
1.045724000000e-02 1.974560260000e+00 7.294282110000e-06
1.053834710000e-02 1.975416420000e+00 7.368923430000e-06
1.053834710000e-02 1.976058240000e+00 7.437033220000e-06
1.061945410000e-02 1.976058240000e+00 7.442631160000e-06
1.070055370000e-02 1.976914170000e+00 7.507008830000e-06
1.070055370000e-02 1.976272340000e+00 7.506075240000e-06
1.078166070000e-02 1.977556230000e+00 7.574185470000e-06
1.086276770000e-02 1.977984190000e+00 7.641361660000e-06
1.094387470000e-02 1.977984190000e+00 7.644161090000e-06
1.094387470000e-02 1.978626250000e+00 7.711338180000e-06
1.086276770000e-02 1.978626250000e+00 7.712270420000e-06
1.094387470000e-02 1.979268070000e+00 7.780380660000e-06
1.110608880000e-02 1.980124240000e+00 7.842892960000e-06
1.110608880000e-02 1.979910140000e+00 7.841026670000e-06
1.118719580000e-02 1.980552200000e+00 7.916600230000e-06
1.118719580000e-02 1.981408120000e+00 7.984710460000e-06
1.126830280000e-02 1.981408120000e+00 7.985643610000e-06
1.134940980000e-02 1.982050180000e+00 8.058418640000e-06
1.134940980000e-02 1.981836080000e+00 8.058418640000e-06
1.143051680000e-02 1.982692000000e+00 8.123729460000e-06
1.151162390000e-02 1.983334060000e+00 8.196503590000e-06
1.143051680000e-02 1.983334060000e+00 8.200236150000e-06
1.159272340000e-02 1.983975890000e+00 8.264613830000e-06
1.159272340000e-02 1.983975890000e+00 8.265546970000e-06
1.159272340000e-02 1.984832050000e+00 8.336455720000e-06
1.175493750000e-02 1.985260010000e+00 8.401765630000e-06
1.175493750000e-02 1.985260010000e+00 8.402698770000e-06
1.183604450000e-02 1.985901830000e+00 8.475473810000e-06
1.183604450000e-02 1.986543890000e+00 8.550115130000e-06
1.191715150000e-02 1.986757990000e+00 8.548248840000e-06
1.199825850000e-02 1.987185960000e+00 8.619158510000e-06
1.199825850000e-02 1.987185960000e+00 8.621023880000e-06
1.207936560000e-02 1.987827780000e+00 8.690999490000e-06
1.207936560000e-02 1.988683700000e+00 8.760042870000e-06
1.216047260000e-02 1.988469840000e+00 8.758175680000e-06
1.216047260000e-02 1.989325760000e+00 8.828152200000e-06
1.224157960000e-02 1.989967820000e+00 8.901860380000e-06
1.232268660000e-02 1.989967820000e+00 8.896262440000e-06
1.232268660000e-02 1.990395780000e+00 8.966238970000e-06
1.240379360000e-02 1.990395780000e+00 8.968103430000e-06
1.240379360000e-02 1.991251710000e+00 9.039945330000e-06
1.256600020000e-02 1.991679670000e+00 9.112720360000e-06
1.256600020000e-02 1.991679670000e+00 9.110854990000e-06
1.256600020000e-02 1.992321730000e+00 9.181762830000e-06
1.264710720000e-02 1.992321730000e+00 9.181762830000e-06
1.264710720000e-02 1.993177650000e+00 9.255471920000e-06
1.272821430000e-02 1.993819710000e+00 9.323581250000e-06
1.280932130000e-02 1.993819710000e+00 9.327312000000e-06
1.280932130000e-02 1.994461540000e+00 9.395423150000e-06
1.289042830000e-02 1.994889500000e+00 9.466330990000e-06
1.289042830000e-02 1.994889500000e+00 9.467265950000e-06
1.305264230000e-02 1.995531560000e+00 9.531642720000e-06
1.305264230000e-02 1.995531560000e+00 9.534442140000e-06
1.313374940000e-02 1.995959520000e+00 9.607217180000e-06
1.321485640000e-02 1.996815440000e+00 9.679991310000e-06
1.313374940000e-02 1.996601580000e+00 9.682790730000e-06
1.321485640000e-02 1.997457500000e+00 9.750899150000e-06
1.329596340000e-02 1.997243400000e+00 9.750899150000e-06
1.337706300000e-02 1.997885470000e+00 9.819010300000e-06
1.345817000000e-02 1.998527530000e+00 9.891784430000e-06
1.345817000000e-02 1.998527530000e+00 9.893651620000e-06
1.353927700000e-02 1.999169350000e+00 9.959893760000e-06
1.362038400000e-02 2.000025270000e+00 1.003267060000e-05
1.353927700000e-02 1.999811410000e+00 1.003360280000e-05
1.362038400000e-02 2.000453230000e+00 1.010357850000e-05
1.362038400000e-02 2.000453230000e+00 1.010264620000e-05
1.370149110000e-02 2.000881430000e+00 1.017821980000e-05
1.378259810000e-02 2.001523260000e+00 1.025192610000e-05
1.378259810000e-02 2.001523260000e+00 1.025192610000e-05
1.394481210000e-02 2.002165320000e+00 1.032750240000e-05
1.394481210000e-02 2.002807140000e+00 1.039281140000e-05
1.394481210000e-02 2.002593280000e+00 1.039654310000e-05
1.410702620000e-02 2.003449200000e+00 1.046931810000e-05
1.410702620000e-02 2.003235340000e+00 1.047025220000e-05
1.418813320000e-02 2.003877160000e+00 1.054209410000e-05
1.426923270000e-02 2.004519220000e+00 1.061486910000e-05
1.426923270000e-02 2.004519220000e+00 1.061766760000e-05
1.435033980000e-02 2.005161290000e+00 1.068577690000e-05
1.435033980000e-02 2.005161290000e+00 1.068390970000e-05
1.443144680000e-02 2.005803110000e+00 1.075668660000e-05
1.451255380000e-02 2.006231070000e+00 1.083412740000e-05
1.451255380000e-02 2.006231070000e+00 1.083319240000e-05
1.451255380000e-02 2.007086990000e+00 1.090596740000e-05
1.467476790000e-02 2.007515190000e+00 1.097221140000e-05
1.459366080000e-02 2.007515190000e+00 1.097687710000e-05
1.475587490000e-02 2.008157010000e+00 1.105245060000e-05
1.467476790000e-02 2.008157010000e+00 1.105245060000e-05
1.483698190000e-02 2.008799080000e+00 1.112056180000e-05
1.483698190000e-02 2.009227040000e+00 1.119799980000e-05
1.491808890000e-02 2.009227040000e+00 1.119520130000e-05
1.491808890000e-02 2.009655000000e+00 1.126144530000e-05
1.491808890000e-02 2.009655000000e+00 1.126237750000e-05
1.508030300000e-02 2.010510920000e+00 1.134261670000e-05
1.516140250000e-02 2.010938880000e+00 1.141445950000e-05
1.516140250000e-02 2.010938880000e+00 1.141352640000e-05
1.516140250000e-02 2.011580940000e+00 1.148723370000e-05
1.524250950000e-02 2.012008910000e+00 1.155534480000e-05
1.532361660000e-02 2.012223010000e+00 1.156094280000e-05
1.532361660000e-02 2.012650970000e+00 1.163185060000e-05
1.540472360000e-02 2.012650970000e+00 1.163651630000e-05
1.548583060000e-02 2.013078930000e+00 1.170835820000e-05
1.548583060000e-02 2.013934850000e+00 1.178393180000e-05
1.556693760000e-02 2.013934850000e+00 1.178299770000e-05
1.564804460000e-02 2.014148710000e+00 1.185204110000e-05
1.564804460000e-02 2.015004870000e+00 1.192948090000e-05
1.572915170000e-02 2.015004870000e+00 1.193041410000e-05
1.572915170000e-02 2.015646700000e+00 1.200319000000e-05
1.581025870000e-02 2.015646700000e+00 1.200132370000e-05
1.589136570000e-02 2.016288760000e+00 1.207689730000e-05
1.597247270000e-02 2.016502620000e+00 1.214873920000e-05
1.589136570000e-02 2.016716720000e+00 1.214873920000e-05
1.597247270000e-02 2.017144680000e+00 1.222151420000e-05
1.605357230000e-02 2.017358780000e+00 1.222338050000e-05
1.605357230000e-02 2.017786740000e+00 1.229335610000e-05
1.621578630000e-02 2.018214700000e+00 1.237079690000e-05
1.613467930000e-02 2.018428560000e+00 1.236892970000e-05
1.621578630000e-02 2.018642660000e+00 1.242864160000e-05
1.629689340000e-02 2.019498590000e+00 1.251074810000e-05
1.629689340000e-02 2.019284730000e+00 1.251261260000e-05
1.645910740000e-02 2.020140650000e+00 1.258725390000e-05
1.645910740000e-02 2.020140650000e+00 1.258632160000e-05
1.645910740000e-02 2.020568610000e+00 1.266469370000e-05
1.654021440000e-02 2.020996570000e+00 1.273746880000e-05
1.654021440000e-02 2.021210430000e+00 1.273560430000e-05
1.662132140000e-02 2.021852490000e+00 1.281211010000e-05
1.662132140000e-02 2.021638630000e+00 1.281304230000e-05
1.670242850000e-02 2.022280450000e+00 1.288768360000e-05
1.678353550000e-02 2.022922520000e+00 1.296139270000e-05
1.678353550000e-02 2.022708420000e+00 1.296139270000e-05
1.686464250000e-02 2.023136380000e+00 1.302856890000e-05
1.702684910000e-02 2.023992540000e+00 1.311253980000e-05
1.694574210000e-02 2.023992540000e+00 1.311627060000e-05
1.710795610000e-02 2.024634360000e+00 1.318811340000e-05
1.710795610000e-02 2.024420500000e+00 1.318811340000e-05
1.710795610000e-02 2.025062320000e+00 1.326088750000e-05
1.718906310000e-02 2.025704380000e+00 1.333086310000e-05
1.727017020000e-02 2.025490280000e+00 1.333552880000e-05
1.735127720000e-02 2.026132350000e+00 1.341390180000e-05
1.743238420000e-02 2.026560310000e+00 1.349040940000e-05
1.735127720000e-02 2.026774410000e+00 1.348574370000e-05
1.751349120000e-02 2.027416230000e+00 1.356411670000e-05
1.751349120000e-02 2.027202370000e+00 1.356131720000e-05
1.751349120000e-02 2.027844190000e+00 1.363222780000e-05
1.759459820000e-02 2.028058290000e+00 1.371246530000e-05
1.759459820000e-02 2.028486250000e+00 1.371153210000e-05
1.767570530000e-02 2.028914210000e+00 1.378897290000e-05
1.767570530000e-02 2.028914210000e+00 1.378617340000e-05
1.775681230000e-02 2.029342170000e+00 1.385801620000e-05
1.791901890000e-02 2.029770140000e+00 1.393638830000e-05
1.783791180000e-02 2.029770140000e+00 1.393638830000e-05
1.791901890000e-02 2.030412200000e+00 1.401196190000e-05
1.800012590000e-02 2.030840160000e+00 1.408753630000e-05
1.800012590000e-02 2.031054260000e+00 1.408846860000e-05
1.808123290000e-02 2.031482220000e+00 1.416590840000e-05
1.808123290000e-02 2.031696080000e+00 1.416310990000e-05
1.816233990000e-02 2.031910180000e+00 1.423495180000e-05
1.832455400000e-02 2.032552000000e+00 1.431799050000e-05
1.824344690000e-02 2.032766100000e+00 1.431145760000e-05
1.832455400000e-02 2.033194070000e+00 1.439169680000e-05
1.832455400000e-02 2.033194070000e+00 1.439169680000e-05
1.840566100000e-02 2.033622030000e+00 1.447286830000e-05
1.848676800000e-02 2.034264090000e+00 1.454284670000e-05
1.856787500000e-02 2.034049990000e+00 1.454097950000e-05
1.856787500000e-02 2.034692050000e+00 1.461935240000e-05
1.864898200000e-02 2.035120010000e+00 1.469772450000e-05
1.873008160000e-02 2.035120010000e+00 1.469492600000e-05
1.873008160000e-02 2.035762070000e+00 1.477329810000e-05
1.873008160000e-02 2.035547970000e+00 1.477049950000e-05
1.881118860000e-02 2.036190030000e+00 1.484793940000e-05
1.889229570000e-02 2.036831860000e+00 1.493004580000e-05
1.889229570000e-02 2.036617990000e+00 1.493004580000e-05
1.905450970000e-02 2.037045960000e+00 1.500655160000e-05
1.905450970000e-02 2.037901880000e+00 1.509145660000e-05
1.905450970000e-02 2.037688020000e+00 1.508772310000e-05
1.913561670000e-02 2.038329840000e+00 1.516609610000e-05
1.913561670000e-02 2.038543940000e+00 1.516143220000e-05
1.921672370000e-02 2.038971900000e+00 1.524726760000e-05
1.929783080000e-02 2.039185760000e+00 1.532377610000e-05
1.929783080000e-02 2.039399860000e+00 1.532284300000e-05
1.946004480000e-02 2.040041920000e+00 1.539655020000e-05
1.946004480000e-02 2.040041920000e+00 1.540121590000e-05
1.946004480000e-02 2.040469880000e+00 1.547585820000e-05
1.954115180000e-02 2.040897850000e+00 1.555702870000e-05
1.954115180000e-02 2.040897850000e+00 1.555609380000e-05
1.962225880000e-02 2.041325810000e+00 1.563353540000e-05
1.978447290000e-02 2.041967630000e+00 1.571284160000e-05
1.970336590000e-02 2.041967630000e+00 1.571564100000e-05
1.986557990000e-02 2.042609690000e+00 1.578281810000e-05
1.978447290000e-02 2.042609690000e+00 1.578841510000e-05
1.986557990000e-02 2.043037650000e+00 1.586585490000e-05
2.002779390000e-02 2.043679710000e+00 1.594609240000e-05
2.002779390000e-02 2.043465610000e+00 1.594516110000e-05
2.002779390000e-02 2.044107680000e+00 1.602446720000e-05
2.010888610000e-02 2.044107680000e+00 1.602540030000e-05
2.010888610000e-02 2.044535640000e+00 1.609537500000e-05
2.018999310000e-02 2.044963600000e+00 1.617934690000e-05
2.018999310000e-02 2.044963600000e+00 1.618028000000e-05
2.027110010000e-02 2.045605660000e+00 1.625958610000e-05
2.035220710000e-02 2.046033620000e+00 1.634169170000e-05
2.043331410000e-02 2.046033620000e+00 1.633982540000e-05
2.043331410000e-02 2.046461580000e+00 1.641726520000e-05
2.051442120000e-02 2.046675440000e+00 1.641819840000e-05
2.059552820000e-02 2.047103640000e+00 1.650123520000e-05
2.067663520000e-02 2.047531600000e+00 1.657587750000e-05
2.067663520000e-02 2.047531600000e+00 1.657960820000e-05
2.067663520000e-02 2.047745470000e+00 1.665425040000e-05
2.075774220000e-02 2.048815490000e+00 1.673262160000e-05
2.075774220000e-02 2.048601390000e+00 1.673075530000e-05
2.083884920000e-02 2.049243450000e+00 1.681659340000e-05
2.083884920000e-02 2.049243450000e+00 1.681472710000e-05
2.091995630000e-02 2.049671410000e+00 1.689496640000e-05
2.108217030000e-02 2.050099370000e+00 1.697520570000e-05
2.100106330000e-02 2.049885510000e+00 1.697427250000e-05
2.116327730000e-02 2.050741430000e+00 1.704891110000e-05
2.116327730000e-02 2.050527330000e+00 1.705077920000e-05
2.116327730000e-02 2.050955300000e+00 1.713194980000e-05
2.124438430000e-02 2.051383260000e+00 1.721218910000e-05
2.124438430000e-02 2.051383260000e+00 1.721032280000e-05
2.132549140000e-02 2.052239420000e+00 1.729056200000e-05
2.140659840000e-02 2.052453280000e+00 1.736240480000e-05
2.140659840000e-02 2.052667380000e+00 1.736520430000e-05
2.148770540000e-02 2.052881240000e+00 1.745104050000e-05
2.148770540000e-02 2.053095340000e+00 1.744637480000e-05
2.156881240000e-02 2.053523300000e+00 1.752568280000e-05
2.173102650000e-02 2.054165360000e+00 1.761338350000e-05
2.164991950000e-02 2.053951260000e+00 1.761058590000e-05
2.173102650000e-02 2.054593320000e+00 1.768989200000e-05
2.173102650000e-02 2.054593320000e+00 1.769175650000e-05
2.181213350000e-02 2.055021290000e+00 1.777292890000e-05
2.189322560000e-02 2.055663110000e+00 1.785690070000e-05
2.189322560000e-02 2.055663110000e+00 1.785690070000e-05
2.197433260000e-02 2.056091070000e+00 1.793900450000e-05
2.205543970000e-02 2.056519270000e+00 1.801178040000e-05
2.205543970000e-02 2.056305170000e+00 1.801271360000e-05
2.213654670000e-02 2.056947230000e+00 1.810134930000e-05
2.221765370000e-02 2.056947230000e+00 1.810134930000e-05
2.229876070000e-02 2.057589050000e+00 1.818065540000e-05
2.229876070000e-02 2.058017020000e+00 1.826462540000e-05
2.229876070000e-02 2.058017020000e+00 1.826462540000e-05
2.237986770000e-02 2.058444980000e+00 1.833926760000e-05
2.246097480000e-02 2.058873180000e+00 1.842790330000e-05
2.246097480000e-02 2.059087040000e+00 1.842323760000e-05
2.262318880000e-02 2.059301140000e+00 1.850814080000e-05
2.262318880000e-02 2.059729100000e+00 1.850907570000e-05
2.262318880000e-02 2.059942960000e+00 1.858838000000e-05
2.278540280000e-02 2.060585020000e+00 1.866488860000e-05
2.270429580000e-02 2.060370920000e+00 1.866395360000e-05
2.278540280000e-02 2.060585020000e+00 1.874979170000e-05
2.286650990000e-02 2.061012980000e+00 1.875352430000e-05
2.286650990000e-02 2.061440940000e+00 1.883936060000e-05
2.294761690000e-02 2.061868910000e+00 1.892426550000e-05
2.302872390000e-02 2.061868910000e+00 1.892239920000e-05
2.302872390000e-02 2.062510970000e+00 1.900263850000e-05
2.310983090000e-02 2.062938930000e+00 1.908660850000e-05
2.310983090000e-02 2.062724830000e+00 1.908474410000e-05
2.319093790000e-02 2.063152790000e+00 1.916964720000e-05
2.327204500000e-02 2.063366890000e+00 1.916964720000e-05
2.327204500000e-02 2.063794850000e+00 1.925081780000e-05
2.335315200000e-02 2.064222810000e+00 1.933292510000e-05
2.335315200000e-02 2.064222810000e+00 1.932825940000e-05
2.343425900000e-02 2.064650770000e+00 1.941502890000e-05
2.343425900000e-02 2.064650770000e+00 1.941689520000e-05
2.359647300000e-02 2.065292840000e+00 1.949993380000e-05
2.359647300000e-02 2.065720800000e+00 1.958297070000e-05
2.359647300000e-02 2.065506700000e+00 1.958297070000e-05
2.367756520000e-02 2.066362860000e+00 1.966041050000e-05
2.375867220000e-02 2.066576720000e+00 1.975184570000e-05
2.375867220000e-02 2.066362860000e+00 1.975091250000e-05
2.383977920000e-02 2.067004680000e+00 1.983115360000e-05
2.383977920000e-02 2.067004680000e+00 1.983301810000e-05
2.400199320000e-02 2.067646740000e+00 1.991512360000e-05
2.392088620000e-02 2.068074700000e+00 1.999256350000e-05
2.400199320000e-02 2.067860600000e+00 1.999442790000e-05
2.408310030000e-02 2.068502660000e+00 2.008773120000e-05
2.416420730000e-02 2.069144730000e+00 2.017356750000e-05
2.416420730000e-02 2.068930630000e+00 2.017450060000e-05
2.424531430000e-02 2.069572690000e+00 2.026220140000e-05
2.432642130000e-02 2.069572690000e+00 2.025940380000e-05
2.432642130000e-02 2.070000650000e+00 2.033964300000e-05
2.440752830000e-02 2.070214510000e+00 2.042734740000e-05
2.440752830000e-02 2.070642710000e+00 2.042921190000e-05
2.448863540000e-02 2.070856570000e+00 2.051691440000e-05
2.448863540000e-02 2.071070670000e+00 2.051131740000e-05
2.456974240000e-02 2.071498630000e+00 2.059902000000e-05
2.465084940000e-02 2.071712490000e+00 2.068765570000e-05
2.473195640000e-02 2.071926590000e+00 2.068299180000e-05
2.473195640000e-02 2.072354560000e+00 2.077349380000e-05
2.489417050000e-02 2.072782520000e+00 2.085933010000e-05
2.489417050000e-02 2.072996620000e+00 2.086119460000e-05
2.489417050000e-02 2.073210480000e+00 2.095169840000e-05
2.497527750000e-02 2.073424580000e+00 2.095169840000e-05
2.497527750000e-02 2.073638440000e+00 2.103286900000e-05
2.513749150000e-02 2.074280500000e+00 2.112243780000e-05
2.505638450000e-02 2.074280500000e+00 2.111964020000e-05
2.513749150000e-02 2.074708460000e+00 2.120920910000e-05
2.513749150000e-02 2.074494360000e+00 2.120454520000e-05
2.521859850000e-02 2.075136420000e+00 2.129038150000e-05
2.521859850000e-02 2.075564380000e+00 2.136875450000e-05
2.529970560000e-02 2.075564380000e+00 2.136968760000e-05
2.538081260000e-02 2.076206450000e+00 2.146298900000e-05
2.546190470000e-02 2.076634410000e+00 2.155535730000e-05
2.546190470000e-02 2.076634410000e+00 2.155348920000e-05
2.554301170000e-02 2.076848270000e+00 2.164119360000e-05
2.562411870000e-02 2.077062370000e+00 2.164492620000e-05
2.562411870000e-02 2.077276470000e+00 2.172982930000e-05
2.570522580000e-02 2.077918290000e+00 2.182313070000e-05
2.578633280000e-02 2.077918290000e+00 2.182219760000e-05
2.578633280000e-02 2.078346250000e+00 2.190616940000e-05
2.586743980000e-02 2.078774210000e+00 2.199387020000e-05
2.594854680000e-02 2.078988310000e+00 2.199573830000e-05
2.602965380000e-02 2.079416280000e+00 2.207877510000e-05
2.594854680000e-02 2.079202180000e+00 2.207690890000e-05
2.602965380000e-02 2.079630370000e+00 2.216741270000e-05
2.619186790000e-02 2.080058340000e+00 2.225884600000e-05
2.619186790000e-02 2.080272200000e+00 2.226071230000e-05
2.627297490000e-02 2.080700160000e+00 2.234934800000e-05
2.627297490000e-02 2.080700160000e+00 2.234934800000e-05
2.627297490000e-02 2.081342220000e+00 2.243331980000e-05
2.635408190000e-02 2.081770180000e+00 2.253035380000e-05
2.635408190000e-02 2.081556080000e+00 2.252662130000e-05
2.651629600000e-02 2.082198140000e+00 2.261339070000e-05
2.659740300000e-02 2.082626100000e+00 2.270389270000e-05
2.651629600000e-02 2.082626100000e+00 2.270109330000e-05
2.659740300000e-02 2.083054070000e+00 2.278319880000e-05
2.659740300000e-02 2.083054070000e+00 2.278693140000e-05
2.675961700000e-02 2.083482030000e+00 2.288396350000e-05
2.675961700000e-02 2.083909990000e+00 2.297540050000e-05
2.675961700000e-02 2.083909990000e+00 2.297446550000e-05
2.692183110000e-02 2.084338190000e+00 2.307149950000e-05
2.684072410000e-02 2.084338190000e+00 2.306403620000e-05
2.692183110000e-02 2.084766150000e+00 2.315546950000e-05
2.700293810000e-02 2.085407970000e+00 2.325063910000e-05
2.700293810000e-02 2.085407970000e+00 2.325436980000e-05
2.716515210000e-02 2.085835930000e+00 2.334113920000e-05
2.716515210000e-02 2.086263900000e+00 2.343444070000e-05
2.724624430000e-02 2.086050030000e+00 2.343630690000e-05
2.724624430000e-02 2.086263900000e+00 2.352307640000e-05
2.724624430000e-02 2.086477990000e+00 2.351747750000e-05
2.732735130000e-02 2.087120060000e+00 2.361544650000e-05
2.740845830000e-02 2.087548020000e+00 2.370687980000e-05
2.740845830000e-02 2.087548020000e+00 2.370874610000e-05
2.748956530000e-02 2.088189840000e+00 2.380298060000e-05
2.748956530000e-02 2.088189840000e+00 2.389628030000e-05
2.757067230000e-02 2.088189840000e+00 2.389161640000e-05
2.765177940000e-02 2.089046000000e+00 2.399144980000e-05
2.765177940000e-02 2.088617800000e+00 2.398678410000e-05
2.773288640000e-02 2.089259860000e+00 2.407915050000e-05
2.789510040000e-02 2.089473960000e+00 2.417245380000e-05
2.781399340000e-02 2.089687820000e+00 2.417431820000e-05
2.789510040000e-02 2.090115790000e+00 2.426388710000e-05
2.797620740000e-02 2.089901920000e+00 2.425642380000e-05
2.805731450000e-02 2.090543750000e+00 2.435905480000e-05
2.805731450000e-02 2.091185810000e+00 2.445048810000e-05
2.805731450000e-02 2.090971710000e+00 2.445235620000e-05
2.813842150000e-02 2.091613770000e+00 2.455125470000e-05
2.821952850000e-02 2.091827870000e+00 2.464082350000e-05
2.830063550000e-02 2.091827870000e+00 2.464175670000e-05
2.830063550000e-02 2.092469690000e+00 2.474158830000e-05
2.838174250000e-02 2.092255830000e+00 2.473972200000e-05
2.838174250000e-02 2.092897650000e+00 2.483022580000e-05
2.846284960000e-02 2.093325610000e+00 2.492819110000e-05
2.846284960000e-02 2.093325610000e+00 2.493005740000e-05
2.854395660000e-02 2.093753810000e+00 2.502615640000e-05
2.854395660000e-02 2.093753810000e+00 2.501869310000e-05
2.862506360000e-02 2.094395640000e+00 2.511852470000e-05
2.870617060000e-02 2.094609740000e+00 2.521835810000e-05
2.870617060000e-02 2.094609740000e+00 2.521555870000e-05
2.878727760000e-02 2.095037700000e+00 2.531352400000e-05
2.886838470000e-02 2.095465660000e+00 2.540682540000e-05
2.878727760000e-02 2.095465660000e+00 2.540495920000e-05
2.886838470000e-02 2.095893620000e+00 2.550759020000e-05
2.903058380000e-02 2.095893620000e+00 2.550385940000e-05
2.903058380000e-02 2.096321580000e+00 2.559995850000e-05
2.911169080000e-02 2.096749540000e+00 2.569419300000e-05
2.911169080000e-02 2.096749540000e+00 2.569699250000e-05
2.919279780000e-02 2.097177510000e+00 2.578469680000e-05
2.927390490000e-02 2.097605470000e+00 2.589012550000e-05
2.927390490000e-02 2.097819570000e+00 2.588452660000e-05
2.935501190000e-02 2.098247530000e+00 2.598902570000e-05
2.927390490000e-02 2.098033430000e+00 2.598529320000e-05
2.943611890000e-02 2.098461630000e+00 2.608699110000e-05
2.951722590000e-02 2.098889590000e+00 2.618682270000e-05
2.951722590000e-02 2.099103450000e+00 2.618495640000e-05
2.951722590000e-02 2.099317550000e+00 2.629132180000e-05
2.959833290000e-02 2.099531410000e+00 2.628758740000e-05
2.967944000000e-02 2.099959370000e+00 2.639115160000e-05
2.976054700000e-02 2.100173470000e+00 2.648632110000e-05
2.976054700000e-02 2.100387330000e+00 2.649191810000e-05
2.984165400000e-02 2.100601430000e+00 2.658335140000e-05
2.992276100000e-02 2.101243500000e+00 2.669158130000e-05
2.992276100000e-02 2.101243500000e+00 2.668598430000e-05
3.000386800000e-02 2.101671460000e+00 2.679514550000e-05
3.000386800000e-02 2.101671460000e+00 2.678768210000e-05
3.008497510000e-02 2.102099420000e+00 2.689497710000e-05
3.016608210000e-02 2.102527380000e+00 2.699107970000e-05
3.016608210000e-02 2.102527380000e+00 2.699107970000e-05
3.024718910000e-02 2.102955340000e+00 2.709837460000e-05
3.024718910000e-02 2.103169440000e+00 2.709371070000e-05
3.032829610000e-02 2.103383300000e+00 2.719260920000e-05
3.040940310000e-02 2.103811260000e+00 2.730270530000e-05
3.040940310000e-02 2.103811260000e+00 2.730083910000e-05
3.049051020000e-02 2.104239230000e+00 2.739787120000e-05
3.057161720000e-02 2.104453330000e+00 2.750890050000e-05
3.057161720000e-02 2.104667190000e+00 2.750516610000e-05
3.065272420000e-02 2.105095150000e+00 2.760779900000e-05
3.065272420000e-02 2.105095150000e+00 2.760686580000e-05
3.073383120000e-02 2.105523350000e+00 2.771322940000e-05
3.081492330000e-02 2.105951310000e+00 2.781772670000e-05
3.081492330000e-02 2.105951310000e+00 2.781586040000e-05
3.097713740000e-02 2.106379270000e+00 2.792502160000e-05
3.089603040000e-02 2.106379270000e+00 2.792315720000e-05
3.097713740000e-02 2.107021090000e+00 2.802858580000e-05
3.113935140000e-02 2.107449290000e+00 2.813588250000e-05
3.105824440000e-02 2.107235190000e+00 2.813588250000e-05
3.113935140000e-02 2.107663150000e+00 2.823478100000e-05
3.122045840000e-02 2.108091120000e+00 2.834767660000e-05
3.122045840000e-02 2.108091120000e+00 2.834954280000e-05
3.130156550000e-02 2.108733180000e+00 2.846057030000e-05
3.130156550000e-02 2.108519080000e+00 2.845404010000e-05
3.138267250000e-02 2.109161140000e+00 2.856227000000e-05
3.146377950000e-02 2.109375000000e+00 2.866956670000e-05
3.154488650000e-02 2.109375000000e+00 2.866396790000e-05
3.154488650000e-02 2.109803200000e+00 2.876846520000e-05
3.162599350000e-02 2.110231160000e+00 2.888415840000e-05
3.162599350000e-02 2.110231160000e+00 2.887669140000e-05
3.178820760000e-02 2.110872980000e+00 2.898958700000e-05
3.178820760000e-02 2.110872980000e+00 2.898958700000e-05
3.178820760000e-02 2.111087080000e+00 2.908662280000e-05
3.186931460000e-02 2.111515050000e+00 2.920418230000e-05
3.186931460000e-02 2.111515050000e+00 2.920324730000e-05
3.195042160000e-02 2.111943010000e+00 2.930774640000e-05
3.195042160000e-02 2.111943010000e+00 2.930961090000e-05
3.203152870000e-02 2.112370970000e+00 2.942437100000e-05
3.211263570000e-02 2.112798930000e+00 2.953073270000e-05
3.211263570000e-02 2.112798930000e+00 2.952793330000e-05
3.227484970000e-02 2.113226890000e+00 2.964362830000e-05
3.227484970000e-02 2.113868950000e+00 2.975465940000e-05
3.227484970000e-02 2.113654850000e+00 2.975278950000e-05
3.243706380000e-02 2.114296910000e+00 2.986475190000e-05
3.235595670000e-02 2.114296910000e+00 2.986568510000e-05
3.243706380000e-02 2.114511010000e+00 2.996831430000e-05
3.259926290000e-02 2.114938970000e+00 3.008960810000e-05
3.251817080000e-02 2.114938970000e+00 3.008680870000e-05
3.259926290000e-02 2.115366940000e+00 3.020063740000e-05
3.259926290000e-02 2.115366940000e+00 3.020063740000e-05
3.268036990000e-02 2.116008760000e+00 3.031352940000e-05
3.276147690000e-02 2.116222860000e+00 3.041896160000e-05
3.276147690000e-02 2.116436720000e+00 3.042269600000e-05
3.284258400000e-02 2.116650820000e+00 3.053931870000e-05
3.292369100000e-02 2.116864920000e+00 3.065594500000e-05
3.292369100000e-02 2.117078780000e+00 3.065407870000e-05
3.300479800000e-02 2.117506740000e+00 3.077164000000e-05
3.300479800000e-02 2.117506740000e+00 3.076323990000e-05
3.308590500000e-02 2.117934700000e+00 3.087053850000e-05
3.316701200000e-02 2.118362670000e+00 3.099369500000e-05
3.316701200000e-02 2.118576770000e+00 3.099556120000e-05
3.324811910000e-02 2.118576770000e+00 3.110845500000e-05
3.332922610000e-02 2.119218830000e+00 3.123254650000e-05
3.332922610000e-02 2.119218830000e+00 3.122974890000e-05
3.349144010000e-02 2.119646790000e+00 3.134730650000e-05
3.341033310000e-02 2.119646790000e+00 3.134077270000e-05
3.349144010000e-02 2.120074750000e+00 3.146393650000e-05
3.357254710000e-02 2.120502710000e+00 3.158429540000e-05
3.357254710000e-02 2.120502710000e+00 3.158615800000e-05
3.365365420000e-02 2.120930670000e+00 3.170558190000e-05
3.365365420000e-02 2.120930670000e+00 3.169905180000e-05
3.381586820000e-02 2.121358630000e+00 3.181381180000e-05
3.381586820000e-02 2.121572730000e+00 3.193883460000e-05
3.381586820000e-02 2.121786590000e+00 3.193417070000e-05
3.389697520000e-02 2.122000690000e+00 3.205266330000e-05
3.397808220000e-02 2.122642520000e+00 3.217768610000e-05
3.397808220000e-02 2.122428660000e+00 3.217955600000e-05
3.405918930000e-02 2.123070480000e+00 3.229711360000e-05
3.405918930000e-02 2.122856620000e+00 3.229524370000e-05
3.414029630000e-02 2.123498440000e+00 3.241653760000e-05
3.422140330000e-02 2.123926640000e+00 3.254249530000e-05
3.422140330000e-02 2.123712540000e+00 3.253503020000e-05
3.430251030000e-02 2.124140500000e+00 3.266472050000e-05
3.430251030000e-02 2.124354600000e+00 3.265632400000e-05
3.438360240000e-02 2.124568460000e+00 3.277854560000e-05
3.446470950000e-02 2.124996420000e+00 3.291383470000e-05
3.446470950000e-02 2.124996420000e+00 3.290917080000e-05
3.454581650000e-02 2.125424390000e+00 3.303232730000e-05
3.462692350000e-02 2.125852350000e+00 3.316947910000e-05
3.462692350000e-02 2.125638480000e+00 3.316294530000e-05
3.470803050000e-02 2.126066450000e+00 3.328983800000e-05
3.470803050000e-02 2.126280550000e+00 3.328610180000e-05
3.470803050000e-02 2.126922370000e+00 3.342139100000e-05
3.487024460000e-02 2.126922370000e+00 3.354454750000e-05
3.495135160000e-02 2.126922370000e+00 3.354081490000e-05
3.503245860000e-02 2.127564430000e+00 3.366677630000e-05
3.511356560000e-02 2.127778290000e+00 3.379366170000e-05
3.503245860000e-02 2.127992390000e+00 3.378993280000e-05
3.511356560000e-02 2.128420350000e+00 3.392521470000e-05
3.511356560000e-02 2.128206250000e+00 3.392614960000e-05
3.519467260000e-02 2.129062410000e+00 3.405677130000e-05
3.543799370000e-02 2.129276280000e+00 3.418832780000e-05
3.527577970000e-02 2.129276280000e+00 3.418552660000e-05
3.535688670000e-02 2.129704240000e+00 3.431334700000e-05
3.535688670000e-02 2.129704240000e+00 3.431148430000e-05
3.543799370000e-02 2.130132200000e+00 3.444490360000e-05
3.551910070000e-02 2.130560160000e+00 3.457645650000e-05
3.551910070000e-02 2.130346300000e+00 3.457552520000e-05
3.560020770000e-02 2.130774260000e+00 3.471454330000e-05
3.568131480000e-02 2.131202220000e+00 3.483397090000e-05
3.568131480000e-02 2.131202220000e+00 3.483583710000e-05
3.584352880000e-02 2.131630180000e+00 3.497578650000e-05
3.584352880000e-02 2.131630180000e+00 3.497205400000e-05
3.584352880000e-02 2.132058140000e+00 3.510827450000e-05
3.592463580000e-02 2.132914070000e+00 3.524449130000e-05
3.592463580000e-02 2.132272240000e+00 3.524449130000e-05
3.600574280000e-02 2.133128170000e+00 3.537884550000e-05
3.600574280000e-02 2.132914070000e+00 3.537324660000e-05
3.608684990000e-02 2.133342270000e+00 3.551972990000e-05
3.616794200000e-02 2.133770230000e+00 3.564755750000e-05
3.608684990000e-02 2.133770230000e+00 3.564942020000e-05
3.624904900000e-02 2.133984090000e+00 3.578750690000e-05
3.641126300000e-02 2.134412050000e+00 3.592465870000e-05
3.633015600000e-02 2.134412050000e+00 3.591905990000e-05
3.641126300000e-02 2.134840010000e+00 3.606461180000e-05
3.641126300000e-02 2.134840010000e+00 3.605994790000e-05
3.649237010000e-02 2.135482070000e+00 3.620362990000e-05
3.657347710000e-02 2.135910030000e+00 3.634358290000e-05
3.657347710000e-02 2.135696170000e+00 3.634358290000e-05
3.665458410000e-02 2.136124130000e+00 3.647700210000e-05
3.673569110000e-02 2.136552100000e+00 3.663094690000e-05
3.665458410000e-02 2.136338000000e+00 3.662814920000e-05
3.681679820000e-02 2.136980060000e+00 3.676717100000e-05
3.681679820000e-02 2.136980060000e+00 3.676063720000e-05
3.697901220000e-02 2.137193920000e+00 3.690618540000e-05
3.697901220000e-02 2.137835980000e+00 3.703027690000e-05
3.697901220000e-02 2.137621880000e+00 3.702841420000e-05
3.706011920000e-02 2.138263940000e+00 3.718235890000e-05
3.706011920000e-02 2.138263940000e+00 3.717956130000e-05
3.714122620000e-02 2.138478040000e+00 3.732790720000e-05
3.722233330000e-02 2.139119860000e+00 3.748745080000e-05
3.730344030000e-02 2.138906000000e+00 3.747625670000e-05
3.730344030000e-02 2.139333960000e+00 3.762367490000e-05
3.738454730000e-02 2.139547820000e+00 3.777668460000e-05
3.738454730000e-02 2.139761920000e+00 3.778042080000e-05
3.746565430000e-02 2.140189890000e+00 3.792876670000e-05
3.746565430000e-02 2.139975790000e+00 3.792690040000e-05
3.754676130000e-02 2.140403990000e+00 3.807618120000e-05
3.762786840000e-02 2.141045810000e+00 3.822826330000e-05
3.762786840000e-02 2.140831950000e+00 3.822732830000e-05
3.770897540000e-02 2.141473770000e+00 3.837941040000e-05
3.770897540000e-02 2.141259910000e+00 3.837941040000e-05
3.770897540000e-02 2.141473770000e+00 3.853522500000e-05
3.787118940000e-02 2.142115830000e+00 3.869756980000e-05
3.787118940000e-02 2.142115830000e+00 3.869570360000e-05
3.787118940000e-02 2.142543790000e+00 3.884498070000e-05
3.803338860000e-02 2.142971750000e+00 3.901012310000e-05
3.803338860000e-02 2.142971750000e+00 3.899799780000e-05
3.811449560000e-02 2.143399720000e+00 3.916314020000e-05
3.811449560000e-02 2.143399720000e+00 3.915380880000e-05
3.819560260000e-02 2.143613820000e+00 3.931428730000e-05
3.827670960000e-02 2.144041780000e+00 3.946263680000e-05
3.827670960000e-02 2.143827680000e+00 3.945983550000e-05
3.835781660000e-02 2.144469740000e+00 3.962871410000e-05
3.843892370000e-02 2.144897700000e+00 3.980132170000e-05
3.843892370000e-02 2.144897700000e+00 3.979665420000e-05
3.852003070000e-02 2.145111800000e+00 3.996179660000e-05
3.852003070000e-02 2.145539760000e+00 3.995806760000e-05
3.860113770000e-02 2.145753620000e+00 4.011947750000e-05
3.868224470000e-02 2.146181580000e+00 4.028835250000e-05
3.868224470000e-02 2.146181580000e+00 4.029115010000e-05
3.876335170000e-02 2.146181580000e+00 4.044696110000e-05
3.876335170000e-02 2.146609540000e+00 4.044883100000e-05
3.884445880000e-02 2.147037740000e+00 4.061490840000e-05
3.892556580000e-02 2.147465710000e+00 4.077724950000e-05
3.892556580000e-02 2.147251610000e+00 4.077165430000e-05
3.900667280000e-02 2.147679570000e+00 4.095172330000e-05
3.908777980000e-02 2.148107530000e+00 4.111873200000e-05
3.908777980000e-02 2.148107530000e+00 4.111499950000e-05
3.916888680000e-02 2.148535490000e+00 4.111499950000e-05
3.916888680000e-02 2.148535490000e+00 4.111499950000e-05
3.916888680000e-02 2.148749590000e+00 4.183850980000e-05
3.933110090000e-02 2.149177550000e+00 4.189448370000e-05
