# Measurment 	 635.0 nm	 2017-01-09 15:10
-0.0000054836273200 0.0002734959130000 -0.0000000014838471
-0.0000054836273200 0.0002734959130000 -0.0000000015765833
-0.0000865831971000 0.0004874765870000 -0.0000000014838471
-0.0000054836273200 0.0002734959130000 -0.0000000012983745
-0.0000054836273200 0.0002734959130000 -0.0000000011129686
-0.0000054836273200 0.0002734959130000 -0.0000000014838471
-0.0000865831971000 0.0002734959130000 -0.0000000014838471
-0.0000865831971000 0.0002734959130000 -0.0000000014838471
-0.0000054836273200 0.0002734959130000 -0.0000000013911108
-0.0000054836273200 0.0002734959130000 -0.0000000015765833
-0.0000865831971000 0.0004874765870000 -0.0000000017619892
-0.0000054836273200 0.0002734959130000 -0.0000000013911108
-0.0000054836273200 0.0002734959130000 -0.0000000015765833
-0.0000865831971000 0.0004874765870000 -0.0000000015765833
-0.0000054836273200 0.0004874765870000 -0.0000000012983745
-0.0000054836273200 0.0002734959130000 -0.0000000014838471
-0.0000054836273200 0.0015574395700000 -0.0000000013911108
-0.0000865831971000 0.0015574395700000 -0.0000000013911108
-0.0000865831971000 0.0015574395700000 -0.0000000014838471
-0.0000054836273200 0.0013434588900000 -0.0000000015765833
-0.0000054836273200 0.0015574395700000 -0.0000000017619892
-0.0000054836273200 1.0203716800000000 0.0000001215631190
0.0004811584950000 1.8438115100000001 0.0000002205014620
0.0004811584950000 1.8442394700000000 0.0000002220777730
0.0005622655150000 1.8506591299999999 0.0000002733550840
0.0007244795560000 1.8562228700000001 0.0000003259305290
0.0006433725360000 1.8562228700000001 0.0000003259305290
0.0008055865760000 1.8607168199999999 0.0000003749824200
0.0008055865760000 1.8609306800000001 0.0000003746114880
0.0008866861460000 1.8656384900000000 0.0000004357177660
0.0008866861460000 1.8699183500000001 0.0000004967312750
0.0008866861460000 1.8699183500000001 0.0000004955257960
0.0009677931670000 1.8737702400000000 0.0000005591356850
0.0011300072100000 1.8771941700000001 0.0000006201490810
0.0010489001900000 1.8769800699999999 0.0000006205200410
0.0012111142300000 1.8804040000000000 0.0000006868189080
0.0012111142300000 1.8804040000000000 0.0000006883024070
0.0012111142300000 1.8836138200000001 0.0000007531176610
0.0012922212500000 1.8866097900000001 0.0000008211783890
0.0012922212500000 1.8866097900000001 0.0000008228474830
0.0013733282700000 1.8891777999999999 0.0000008858081630
0.0014544352900000 1.8919596700000001 0.0000009601741340
0.0014544352900000 1.8919596700000001 0.0000009608231720
0.0015355423100000 1.8945274400000001 0.0000010325001100
0.0015355423100000 1.8943135700000000 0.0000010323148000
0.0016166493300000 1.8968813400000000 0.0000011059388500
0.0017788559200000 1.8992352500000000 0.0000011771522800
0.0016977563500000 1.8994493500000000 0.0000011788214400
0.0017788559200000 1.9015891599999999 0.0000012539291000
0.0017788559200000 1.9013752900000001 0.0000012552272900
0.0019410699600000 1.9037291999999999 0.0000013288514500
0.0019410699600000 1.9056551500000001 0.0000014043301900
0.0019410699600000 1.9058690100000000 0.0000014049792300
0.0020221769800000 1.9075810900000001 0.0000014771198900
0.0021843910200000 1.9097208999999999 0.0000015595529700
0.0021032840000000 1.9097208999999999 0.0000015594600900
0.0022654980400000 1.9116468400000000 0.0000016396679700
0.0021843910200000 1.9116468400000000 0.0000016401314700
0.0022654980400000 1.9135727899999999 0.0000017212665900
0.0023466050600000 1.9150707700000000 0.0000017995269000
0.0024277120800000 1.9152846299999999 0.0000017996197800
0.0024277120800000 1.9169967200000000 0.0000018837218900
0.0024277120800000 1.9167826200000000 0.0000018832581600
0.0025088191000000 1.9184944600000000 0.0000019650424300
0.0025899261200000 1.9204204100000000 0.0000020468262400
0.0025899261200000 1.9204204100000000 0.0000020493298500
0.0026710256900000 1.9219183900000001 0.0000021271266600
0.0028332397300000 1.9234163799999999 0.0000022147526100
0.0027521327100000 1.9236302400000000 0.0000022154017600
0.0028332397300000 1.9249143600000000 0.0000023008944900
0.0029143467500000 1.9249143600000000 0.0000023010802600
0.0029143467500000 1.9261982400000000 0.0000023864804500
0.0029954537700000 1.9281241899999999 0.0000024697481000
0.0029954537700000 1.9279100899999999 0.0000024713244800
0.0029954537700000 1.9294080700000000 0.0000025586721200
0.0031576678200000 1.9309060600000001 0.0000026455559200
0.0031576678200000 1.9306919600000001 0.0000026457414600
0.0033198818600000 1.9324040400000000 0.0000027328110300
0.0032387748400000 1.9321899400000000 0.0000027342018700
0.0033198818600000 1.9334740600000000 0.0000028163567500
0.0034009888800000 1.9351859100000000 0.0000029144605400
0.0034009888800000 1.9351859100000000 0.0000029147386200
0.0034820959000000 1.9364697900000001 0.0000030051462500
0.0034820959000000 1.9364697900000001 0.0000030069079500
0.0035631954700000 1.9377539200000000 0.0000030995408900
0.0036443024900000 1.9390377999999999 0.0000031885576800
0.0036443024900000 1.9392516600000000 0.0000031905049100
0.0037254095100000 1.9403216800000000 0.0000032849920900
0.0038876235500000 1.9418196700000001 0.0000033778105700
0.0038065165300000 1.9418196700000001 0.0000033783671800
0.0038876235500000 1.9426755899999999 0.0000034722056600
0.0038876235500000 1.9431035500000000 0.0000034715565100
0.0039687305700000 1.9441735700000000 0.0000035602022300
0.0040498375900000 1.9452436000000000 0.0000036596040900
0.0040498375900000 1.9454574600000001 0.0000036604385500
0.0041309446100000 1.9465274800000001 0.0000037552970300
0.0041309446100000 1.9465274800000001 0.0000037552970300
0.0042931586500000 1.9475975000000001 0.0000038526586600
0.0042931586500000 1.9488813899999999 0.0000039442716100
0.0042931586500000 1.9490952500000001 0.0000039443643800
0.0043742656700000 1.9499514099999999 0.0000040439522300
0.0044553652400000 1.9512352900000001 0.0000042899860100
0.0044553652400000 1.9512352900000001 0.0000041630969500
0.0045364722600000 1.9523053200000000 0.0000042517331200
0.0045364722600000 1.9523053200000000 0.0000042461351800
0.0046986863000000 1.9533750999999999 0.0000043310392400
0.0046986863000000 1.9544451199999999 0.0000044374019100
0.0046986863000000 1.9544451199999999 0.0000044383355100
0.0047797933200000 1.9555151500000001 0.0000045363012800
0.0048609003400000 1.9565851700000001 0.0000046324012100
0.0048609003400000 1.9567990300000000 0.0000046352001800
0.0050231143800000 1.9576549500000000 0.0000047340995500
0.0050231143800000 1.9576549500000000 0.0000047294347500
0.0051042214000000 1.9587249799999999 0.0000048320662200
0.0051042214000000 1.9600088600000001 0.0000049337645600
0.0051042214000000 1.9600088600000001 0.0000049328309600
0.0051853284200000 1.9608647800000001 0.0000050326634700
0.0052664354400000 1.9606509200000000 0.0000050363951200
0.0052664354400000 1.9617209400000000 0.0000051343618000
0.0054286420300000 1.9630048300000000 0.0000052332607100
0.0053475350100000 1.9630048300000000 0.0000052379255100
0.0054286420300000 1.9640748500000000 0.0000053396238400
0.0055097490500000 1.9651446299999999 0.0000054422553100
0.0055097490500000 1.9649307700000000 0.0000054413217200
0.0055908560800000 1.9657867000000000 0.0000055439536500
0.0055908560800000 1.9657867000000000 0.0000055430200500
0.0056719631000000 1.9670705799999999 0.0000056484505000
0.0058341771400000 1.9681405999999999 0.0000057501488300
0.0057530701200000 1.9679264999999999 0.0000057510819700
0.0058341771400000 1.9689965199999999 0.0000058565115100
0.0057530701200000 1.9685685600000000 0.0000058574451000
0.0059963911800000 1.9696385900000000 0.0000059470135100
0.0059963911800000 1.9709224700000001 0.0000060599081700
0.0059963911800000 1.9707086100000000 0.0000060589754900
0.0060774982000000 1.9715645300000000 0.0000061672053600
0.0061586052200000 1.9726345500000000 0.0000062754338600
0.0061586052200000 1.9726345500000000 0.0000062773006000
0.0062397047900000 1.9734904799999999 0.0000063808643100
0.0062397047900000 1.9734904799999999 0.0000063761995100
0.0063208118100000 1.9743463999999999 0.0000064900259500
0.0064019188300000 1.9754164200000000 0.0000065973222300
0.0064830258500000 1.9752023200000000 0.0000065935910200
0.0064830258500000 1.9762723400000000 0.0000067036862700
0.0065641328700000 1.9773423699999999 0.0000068072499700
0.0064830258500000 1.9771282699999999 0.0000068044510000
0.0066452398900000 1.9779841899999999 0.0000069229431600
0.0066452398900000 1.9781982899999999 0.0000069210777800
0.0068074539300000 1.9788401099999999 0.0000070321061700
0.0068074539300000 1.9796962700000000 0.0000071431336400
0.0068074539300000 1.9799101400000001 0.0000071412682700
0.0068885609500000 1.9805522000000000 0.0000072457651200
0.0068885609500000 1.9809801600000001 0.0000072448319800
0.0069696679700000 1.9814081200000000 0.0000073577271000
0.0070507749900000 1.9822640400000000 0.0000074659556000
0.0070507749900000 1.9824781400000000 0.0000074687545700
0.0071318745600000 1.9833340600000000 0.0000075779175900
0.0072129815800000 1.9841899900000000 0.0000076824144300
0.0072129815800000 1.9841899900000000 0.0000076796159200
0.0072940886000000 1.9850459100000000 0.0000077981085300
0.0072940886000000 1.9850459100000000 0.0000077981085300
0.0073751956200000 1.9859018300000000 0.0000079128676600
0.0074563026400000 1.9865438900000001 0.0000080294948900
0.0074563026400000 1.9865438900000001 0.0000080276286100
0.0075374096600000 1.9873998200000000 0.0000081349253400
0.0075374096600000 1.9873998200000000 0.0000081358575700
0.0076185166800000 1.9882557400000000 0.0000082524838900
0.0076996237000000 1.9891118999999999 0.0000083663117000
0.0076996237000000 1.9893257600000001 0.0000083663117000
0.0077807307200000 1.9899678199999999 0.0000084838702600
0.0078618377400000 1.9908237499999999 0.0000085874353300
0.0077807307200000 1.9906096499999999 0.0000085911669900
0.0079429447700000 1.9916796699999999 0.0000087115258800
0.0079429447700000 1.9914658100000000 0.0000087096605100
0.0080240443300000 1.9927496899999999 0.0000088262859200
0.0081051513600000 1.9931776500000000 0.0000089401137300
0.0081051513600000 1.9931776500000000 0.0000089410468700
0.0081051513600000 1.9940335800000000 0.0000090520734400
0.0082673654000000 1.9948895000000000 0.0000091733663800
0.0082673654000000 1.9948895000000000 0.0000091696347200
0.0083484724200000 1.9955315600000001 0.0000092909249400
0.0083484724200000 1.9955315600000001 0.0000092862610500
0.0085106864600000 1.9963874800000001 0.0000094038205100
0.0085106864600000 1.9970295400000000 0.0000095129826100
0.0085106864600000 1.9970295400000000 0.0000095111154200
0.0085106864600000 1.9978854699999999 0.0000096352068800
0.0085917934800000 1.9978854699999999 0.0000096370740700
0.0086729005000000 1.9987413900000000 0.0000097574320500
0.0087540075200000 1.9993834500000001 0.0000098861864900
0.0087540075200000 1.9993834500000001 0.0000098815207800
0.0088351145400000 2.0000252700000001 0.0000099972148700
0.0089162141100000 2.0008814300000002 0.0000101241039000
0.0089162141100000 2.0008814300000002 0.0000101241039000
0.0089973211300000 2.0017373599999999 0.0000102444637000
0.0089162141100000 2.0017373599999999 0.0000102397980000
0.0089973211300000 2.0023791800000001 0.0000103676202000
0.0090784281500000 2.0032353399999998 0.0000104814480000
0.0090784281500000 2.0032353399999998 0.0000104777146000
0.0092406421900000 2.0040912600000000 0.0000106111356000
0.0092406421900000 2.0038771600000000 0.0000106102034000
0.0093217492100000 2.0049471900000002 0.0000107333599000
0.0094028562300000 2.0055892499999999 0.0000108621171000
0.0094028562300000 2.0055892499999999 0.0000108583836000
0.0094839632500000 2.0062310700000001 0.0000109778093000
0.0095650702700000 2.0070869899999999 0.0000111056324000
0.0095650702700000 2.0070869899999999 0.0000111065665000
0.0096461772900000 2.0077290500000000 0.0000112315884000
0.0096461772900000 2.0077290500000000 0.0000112278567000
0.0097272843100000 2.0083711100000001 0.0000113538126000
0.0097272843100000 2.0090129399999999 0.0000114732384000
0.0098083838800000 2.0090129399999999 0.0000114685754000
0.0098894909000000 2.0098691000000000 0.0000116029278000
0.0098894909000000 2.0100829600000001 0.0000116029278000
0.0100517049000000 2.0107250200000002 0.0000117316831000
0.0100517049000000 2.0113668400000000 0.0000118623047000
0.0100517049000000 2.0113668400000000 0.0000118604385000
0.0101328120000000 2.0120089100000000 0.0000119845299000
0.0102950260000000 2.0128648299999998 0.0000121170160000
0.0102139190000000 2.0128648299999998 0.0000121151515000
0.0102139190000000 2.0135068899999999 0.0000122420397000
0.0102950260000000 2.0135068899999999 0.0000122411075000
0.0103761330000000 2.0141487100000002 0.0000123698619000
0.0104572400000000 2.0150048699999998 0.0000124939534000
0.0105383471000000 2.0147907699999998 0.0000124939534000
0.0105383471000000 2.0156467000000000 0.0000126292389000
0.0106194541000000 2.0162887600000001 0.0000127607955000
0.0106194541000000 2.0165026199999998 0.0000127607955000
0.0107005537000000 2.0171446799999999 0.0000128932816000
0.0107005537000000 2.0171446799999999 0.0000128904821000
0.0107005537000000 2.0175726400000000 0.0000130155058000
0.0108627677000000 2.0184285599999998 0.0000131461284000
0.0108627677000000 2.0184285599999998 0.0000131489269000
0.0109438747000000 2.0190706299999999 0.0000132814157000
0.0109438747000000 2.0190706299999999 0.0000132795485000
0.0110249817000000 2.0199265500000001 0.0000134129696000
0.0111060888000000 2.0203545100000002 0.0000135323953000
0.0111060888000000 2.0203545100000002 0.0000135305281000
0.0111871958000000 2.0212104300000000 0.0000136695471000
0.0112683028000000 2.0218524900000001 0.0000138076339000
0.0112683028000000 2.0220665900000001 0.0000138066989000
0.0113494098000000 2.0224945499999998 0.0000139466501000
0.0113494098000000 2.0227084199999998 0.0000139466501000
0.0114305168000000 2.0231363800000000 0.0000140772718000
0.0115116239000000 2.0237784400000001 0.0000142172257000
0.0114305168000000 2.0237784400000001 0.0000142144263000
0.0115927234000000 2.0246343599999999 0.0000143515781000
0.0115927234000000 2.0244205000000002 0.0000143478446000
0.0115927234000000 2.0250623200000000 0.0000144905971000
0.0117549375000000 2.0257043800000001 0.0000146146867000
0.0116738304000000 2.0257043800000001 0.0000146184202000
0.0118360445000000 2.0265603099999998 0.0000147649016000
0.0119171515000000 2.0272023699999999 0.0000149067191000
0.0119171515000000 2.0272023699999999 0.0000149048547000
0.0119982585000000 2.0280582900000002 0.0000150420065000
0.0119982585000000 2.0278441900000002 0.0000150429387000
0.0120793656000000 2.0282721499999998 0.0000151791592000
0.0121604726000000 2.0291283099999999 0.0000153228430000
0.0121604726000000 2.0291283099999999 0.0000153228430000
0.0121604726000000 2.0295562700000001 0.0000154627942000
0.0122415796000000 2.0304121999999998 0.0000156055448000
0.0123226866000000 2.0304121999999998 0.0000156008791000
0.0124037936000000 2.0310542599999999 0.0000157352333000
0.0124037936000000 2.0312681200000000 0.0000157333670000
0.0124848932000000 2.0316960800000001 0.0000158845141000
0.0125660002000000 2.0325519999999999 0.0000160309974000
0.0125660002000000 2.0325519999999999 0.0000160272666000
0.0126471072000000 2.0331940700000000 0.0000161765474000
0.0126471072000000 2.0331940700000000 0.0000161756143000
0.0127282143000000 2.0334081600000000 0.0000163136992000
0.0128093213000000 2.0344779499999999 0.0000164695120000
0.0128093213000000 2.0340499900000002 0.0000164620487000
0.0128093213000000 2.0349059100000000 0.0000166113296000
0.0129715353000000 2.0355479700000001 0.0000167615453000
0.0129715353000000 2.0355479700000001 0.0000167568815000
0.0130526423000000 2.0359759300000002 0.0000168931019000
0.0130526423000000 2.0359759300000002 0.0000168977640000
0.0131337494000000 2.0368318599999999 0.0000170526455000
0.0132148564000000 2.0372598200000001 0.0000172009932000
0.0132148564000000 2.0374739200000000 0.0000172009932000
0.0132959634000000 2.0381159800000002 0.0000173530752000
0.0132959634000000 2.0383298399999998 0.0000173493427000
0.0132959634000000 2.0383298399999998 0.0000174939578000
0.0133770630000000 2.0391857600000001 0.0000176469730000
0.0134581700000000 2.0391857600000001 0.0000176488393000
0.0135392770000000 2.0398278200000002 0.0000177971870000
0.0136203840000000 2.0404698799999998 0.0000179492690000
0.0136203840000000 2.0402557799999999 0.0000179474027000
0.0137014911000000 2.0411117100000000 0.0000180938860000
0.0137014911000000 2.0411117100000000 0.0000180873540000
0.0137825981000000 2.0415396700000001 0.0000182543627000
0.0137825981000000 2.0423958299999998 0.0000184176406000
0.0137825981000000 2.0426096899999999 0.0000184101755000
0.0139448121000000 2.0430376500000000 0.0000185743847000
0.0139448121000000 2.0436797100000001 0.0000187311325000
0.0140259191000000 2.0434656100000002 0.0000187227361000
0.0141070262000000 2.0443215399999999 0.0000188888098000
0.0141070262000000 2.0441076800000002 0.0000188888098000
0.0141881332000000 2.0445356399999999 0.0000190492883000
0.0142692327000000 2.0453915600000001 0.0000192116331000
0.0142692327000000 2.0451777000000000 0.0000192060343000
0.0142692327000000 2.0460336200000002 0.0000193618471000
0.0143503398000000 2.0460336200000002 0.0000193590477000
0.0144314468000000 2.0466754400000000 0.0000195297889000
0.0145936608000000 2.0473175000000001 0.0000196949331000
0.0145125538000000 2.0473175000000001 0.0000196902674000
0.0145936608000000 2.0479595700000002 0.0000198628750000
0.0146747679000000 2.0483875299999998 0.0000200158884000
0.0145936608000000 2.0483875299999998 0.0000200112227000
0.0147558749000000 2.0490293500000001 0.0000201866278000
0.0147558749000000 2.0488154900000000 0.0000201773000000
0.0148369819000000 2.0496714100000002 0.0000203480395000
0.0148369819000000 2.0500993699999999 0.0000205150482000
0.0149180889000000 2.0500993699999999 0.0000205085180000
0.0149180889000000 2.0507414300000000 0.0000206689947000
0.0149180889000000 2.0507414300000000 0.0000206661953000
0.0150803030000000 2.0513832600000002 0.0000208416022000
0.0150803030000000 2.0520253199999998 0.0000210123435000
0.0151614025000000 2.0520253199999998 0.0000210142098000
0.0152425095000000 2.0526673799999999 0.0000211933493000
0.0152425095000000 2.0530953400000000 0.0000213612893000
0.0153236166000000 2.0530953400000000 0.0000213547592000
0.0154047236000000 2.0537371599999998 0.0000215385626000
0.0154047236000000 2.0537371599999998 0.0000215366963000
0.0154047236000000 2.0541653599999998 0.0000217102352000
0.0155669376000000 2.0548071900000000 0.0000218837777000
0.0155669376000000 2.0548071900000000 0.0000218875084000
0.0156480446000000 2.0552351500000001 0.0000220498514000
0.0157291517000000 2.0560910699999999 0.0000222429862000
0.0157291517000000 2.0560910699999999 0.0000222373874000
0.0158102587000000 2.0567331300000000 0.0000224239902000
0.0158102587000000 2.0565192699999999 0.0000224127944000
0.0158913657000000 2.0571610900000001 0.0000225975291000
0.0159724727000000 2.0578031499999998 0.0000227748023000
0.0159724727000000 2.0578031499999998 0.0000227682704000
0.0160535723000000 2.0584449800000000 0.0000229576708000
0.0160535723000000 2.0584449800000000 0.0000229567395000
0.0161346793000000 2.0588731800000000 0.0000231368103000
0.0162157863000000 2.0595150000000002 0.0000233243445000
0.0162157863000000 2.0595150000000002 0.0000233150149000
0.0162157863000000 2.0599429599999999 0.0000234857562000
0.0163780004000000 2.0603709200000000 0.0000236891519000
0.0162968934000000 2.0605850200000000 0.0000236788892000
0.0163780004000000 2.0610129800000001 0.0000238785542000
0.0164591074000000 2.0610129800000001 0.0000238738885000
0.0164591074000000 2.0616550400000002 0.0000240707541000
0.0165402144000000 2.0620830099999998 0.0000242638871000
0.0166213214000000 2.0620830099999998 0.0000242554888000
0.0167024285000000 2.0629389300000001 0.0000244635521000
0.0166213214000000 2.0627248300000001 0.0000244588864000
0.0167835355000000 2.0635809900000002 0.0000246501531000
0.0168646425000000 2.0640089499999998 0.0000248535507000
0.0168646425000000 2.0637948499999998 0.0000248544839000
0.0169457421000000 2.0642228100000000 0.0000250392204000
0.0170268491000000 2.0650787400000001 0.0000252584778000
0.0170268491000000 2.0650787400000001 0.0000252519458000
0.0171079561000000 2.0655066999999998 0.0000254525421000
0.0171079561000000 2.0655066999999998 0.0000254516108000
0.0171890631000000 2.0661487599999999 0.0000256578060000
0.0171890631000000 2.0667908200000000 0.0000258565360000
0.0172701702000000 2.0665767200000000 0.0000258528053000
0.0173512772000000 2.0672187800000001 0.0000260720626000
0.0174323842000000 2.0678605999999999 0.0000262829217000
0.0174323842000000 2.0678605999999999 0.0000262689264000
0.0174323842000000 2.0685026600000000 0.0000264872524000
0.0175134912000000 2.0682887999999999 0.0000264779228000
0.0175945982000000 2.0691447300000001 0.0000266738552000
0.0175945982000000 2.0693585900000002 0.0000269117718000
0.0175945982000000 2.0693585900000002 0.0000269071079000
0.0177568123000000 2.0702145100000000 0.0000271282315000
0.0177568123000000 2.0702145100000000 0.0000271189019000
0.0178379118000000 2.0706427100000000 0.0000273484220000
0.0179190189000000 2.0708565700000001 0.0000275602142000
0.0178379118000000 2.0710706700000001 0.0000275462207000
0.0180001259000000 2.0714986299999998 0.0000277860036000
0.0180812329000000 2.0721404600000000 0.0000280183249000
0.0180812329000000 2.0721404600000000 0.0000280052609000
0.0180812329000000 2.0727825200000001 0.0000282413148000
0.0181623399000000 2.0725686600000000 0.0000282310502000
0.0182434469000000 2.0729966200000001 0.0000284549715000
0.0183245540000000 2.0738525399999999 0.0000287059520000
0.0182434469000000 2.0738525399999999 0.0000286994218000
0.0184056610000000 2.0742805000000000 0.0000289429390000
0.0183245540000000 2.0742805000000000 0.0000289261443000
0.0184867680000000 2.0749225600000001 0.0000291733922000
0.0184867680000000 2.0753505200000002 0.0000294057118000
0.0185678750000000 2.0753505200000002 0.0000293926514000
0.0185678750000000 2.0759923499999999 0.0000296501603000
0.0186489820000000 2.0764203100000000 0.0000298955401000
0.0187300816000000 2.0764203100000000 0.0000298843443000
0.0188111886000000 2.0770623700000002 0.0000301418586000
0.0187300816000000 2.0768482700000002 0.0000301287928000
0.0188922957000000 2.0774903299999998 0.0000303844390000
0.0188922957000000 2.0781323899999999 0.0000306606125000
0.0188922957000000 2.0781323899999999 0.0000306522161000
0.0189734027000000 2.0783462500000001 0.0000309209208000
0.0191356167000000 2.0792021799999998 0.0000312017582000
0.0191356167000000 2.0792021799999998 0.0000311868280000
0.0191356167000000 2.0796303699999998 0.0000314518038000
0.0191356167000000 2.0796303699999998 0.0000314406097000
0.0192978308000000 2.0802722000000000 0.0000317317063000
0.0192978308000000 2.0809142600000001 0.0000320078798000
0.0192978308000000 2.0807001600000001 0.0000320004146000
0.0193789378000000 2.0811281199999998 0.0000322896485000
0.0194600448000000 2.0813422199999998 0.0000322728520000
0.0195411518000000 2.0817701799999999 0.0000325452929000
0.0196222588000000 2.0821981400000000 0.0000328531860000
0.0196222588000000 2.0821981400000000 0.0000328373244000
0.0196222588000000 2.0826261000000001 0.0000331433548000
0.0197844729000000 2.0834820299999999 0.0000334456490000
0.0198655799000000 2.0832681700000002 0.0000334269898000
0.0198655799000000 2.0839099900000000 0.0000337199563000
0.0198655799000000 2.0839099900000000 0.0000337087586000
0.0199466869000000 2.0845520500000001 0.0000340269144000
0.0199466869000000 2.0849800100000002 0.0000343338761000
0.0200277939000000 2.0849800100000002 0.0000343226784000
0.0201088861000000 2.0854079699999999 0.0000346417692000
0.0201088861000000 2.0854079699999999 0.0000346315064000
0.0201899931000000 2.0860500300000000 0.0000349198053000
0.0202711001000000 2.0862639000000001 0.0000352790157000
0.0202711001000000 2.0864779900000001 0.0000352566240000
0.0203522071000000 2.0869059600000002 0.0000356018390000
0.0204333141000000 2.0873339199999998 0.0000359545156000
0.0203522071000000 2.0875480199999998 0.0000359405203000
0.0205144212000000 2.0879759800000000 0.0000362745377000
0.0205144212000000 2.0879759800000000 0.0000362521459000
0.0205955282000000 2.0884039400000001 0.0000366225504000
0.0206766352000000 2.0890460000000002 0.0000369892259000
0.0206766352000000 2.0888319000000002 0.0000369752306000
0.0207577422000000 2.0894739599999999 0.0000373437688000
0.0208388492000000 2.0899019200000000 0.0000376936514000
0.0207577422000000 2.0899019200000000 0.0000376759199000
0.0209199563000000 2.0905437500000001 0.0000380780511000
0.0209199563000000 2.0903298900000000 0.0000380640558000
0.0209199563000000 2.0911858099999998 0.0000384493869000
0.0210821703000000 2.0916137699999999 0.0000388636472000
0.0210821703000000 2.0913999099999998 0.0000388412518000
0.0211632773000000 2.0922558300000000 0.0000392387155000
0.0212443843000000 2.0920417300000000 0.0000392125876000
0.0212443843000000 2.0926837900000002 0.0000396259129000
0.0214065984000000 2.0931117499999998 0.0000400662939000
0.0212443843000000 2.0926837900000002 0.0000400439021000
0.0214065984000000 2.0937538099999999 0.0000404786842000
0.0214877054000000 2.0941817800000000 0.0000408668202000
0.0214877054000000 2.0939676800000000 0.0000408369597000
0.0214877054000000 2.0946097400000001 0.0000408369597000
0.0215688124000000 2.0943956400000001 0.0000416426119000
0.0216499195000000 2.0948235999999998 0.0000419784446000
0.0217310265000000 2.0956795200000000 0.0000424355385000
0.0217310265000000 2.0952515599999999 0.0000424075588000
0.0217310265000000 2.0958936200000000 0.0000428926433000
0.0218121335000000 2.0958936200000000 0.0000428366693000
0.0218932256000000 2.0967495399999998 0.0000433497444000
0.0218932256000000 2.0971775099999999 0.0000438907991000
0.0219743326000000 2.0969636399999998 0.0000438348288000
0.0219743326000000 2.0973916099999999 0.0000443665485000
0.0220554397000000 2.0982475300000001 0.0000449076033000
0.0221365467000000 2.0980334300000001 0.0000448702958000
0.0222176537000000 2.0984616300000001 0.0000454859764000
0.0221365467000000 2.0984616300000001 0.0000454393339000
0.0222987607000000 2.0991034499999999 0.0000460363626000
0.0223798677000000 2.0997455100000000 0.0000466520432000
0.0223798677000000 2.0993175499999999 0.0000466520432000
0.0223798677000000 2.1001734700000001 0.0000472210886000
0.0224609748000000 2.1003873300000002 0.0000478647562000
0.0225420818000000 2.1006014300000002 0.0000478274451000
0.0225420818000000 2.1008155300000002 0.0000485270830000
0.0226231888000000 2.1008155300000002 0.0000484711090000
0.0227042958000000 2.1014573599999999 0.0000491800820000
0.0227854028000000 2.1018853200000001 0.0000498610643000
0.0227042958000000 2.1018853200000001 0.0000498237532000
0.0227854028000000 2.1023132800000002 0.0000506260076000
0.0228665099000000 2.1023132800000002 0.0000505513817000
0.0228665099000000 2.1027412399999998 0.0000513909508000
0.0230287239000000 2.1033833000000000 0.0000522398477000
0.0229476169000000 2.1033833000000000 0.0000521652219000
0.0231098309000000 2.1040253600000001 0.0000530047910000
0.0231909379000000 2.1044533300000001 0.0000539656321000
0.0231098309000000 2.1042392300000001 0.0000539096618000
0.0231909379000000 2.1048812899999998 0.0000548331845000
0.0232720450000000 2.1048812899999998 0.0000547772142000
0.0233531520000000 2.1053092499999999 0.0000557660351000
0.0234342590000000 2.1055233499999999 0.0000567735224000
0.0233531520000000 2.1057372100000000 0.0000567082207000
0.0235153660000000 2.1063792700000001 0.0000579022781000
0.0234342590000000 2.1063792700000001 0.0000577623432000
0.0235964730000000 2.1070210899999999 0.0000589657284000
0.0236775652000000 2.1072351899999999 0.0000602437467000
0.0236775652000000 2.1072351899999999 0.0000601318025000
0.0237586722000000 2.1076631500000000 0.0000613631637000
0.0237586722000000 2.1083052200000001 0.0000628557391000
0.0238397792000000 2.1080911200000001 0.0000627064728000
0.0239208862000000 2.1087331800000002 0.0000642177110000
0.0239208862000000 2.1089470399999999 0.0000640777725000
0.0239208862000000 2.1091611399999999 0.0000657009441000
0.0240019932000000 2.1095891000000000 0.0000673800823000
0.0240019932000000 2.1098032000000000 0.0000672774695000
0.0241642073000000 2.1100170600000001 0.0000693204202000
0.0241642073000000 2.1106591200000002 0.0000713913541000
0.0242453143000000 2.1106591200000002 0.0000712234469000
0.0243264213000000 2.1113009500000000 0.0000736395377000
0.0242453143000000 2.1113009500000000 0.0000734249916000
0.0243264213000000 2.1115150499999999 0.0000758317547000
0.0244075283000000 2.1119430100000001 0.0000787702375000
0.0244886354000000 2.1119430100000001 0.0000785463635000
0.0245697424000000 2.1125850700000002 0.0000817740292000
0.0244886354000000 2.1121571100000001 0.0000813728984000
0.0246508494000000 2.1130130299999998 0.0000849643984000
0.0247319564000000 2.1134409900000000 0.0000887424685000
0.0246508494000000 2.1134409900000000 0.0000883506582000
0.0248130634000000 2.1140828100000002 0.0000931641916000
0.0248941705000000 2.1142969100000002 0.0000986213927000
0.0248941705000000 2.1145110100000002 0.0000981549674000
0.0248941705000000 2.1147248699999999 0.0001047315890000
0.0248941705000000 2.1149389699999999 0.0001040226200000
0.0249752775000000 2.1153669399999999 0.0001111496310000
0.0251374915000000 2.1160087600000002 0.0001207300520000
0.0250563845000000 2.1157949000000000 0.0001198251780000
0.0251374915000000 2.1160087600000002 0.0001311220550000
0.0251374915000000 2.1162228600000001 0.0001298440470000
0.0252185985000000 2.1166508199999998 0.0001435663430000
0.0253808126000000 2.1170787799999999 0.0001596954100000
0.0252997056000000 2.1168649199999998 0.0001581935070000
0.0254619047000000 2.1175067400000001 0.0001797704320000
0.0255430117000000 2.1179347000000002 0.0002060582920000
0.0254619047000000 2.1179347000000002 0.0002035489160000
0.0255430117000000 2.1185767700000002 0.0002343517990000
0.0255430117000000 2.1183626699999998 0.0002319543270000
0.0257052258000000 2.1187906299999999 0.0002645296340000
0.0257863328000000 2.1192188299999999 0.0003038681170000
0.0257863328000000 2.1192188299999999 0.0003006964110000
0.0257863328000000 2.1196467900000000 0.0003394285450000
0.0259485468000000 2.1202886099999998 0.0003807540630000
0.0258674398000000 2.1200747500000001 0.0003774423970000
0.0260296538000000 2.1205027099999998 0.0003774423970000
0.0260296538000000 2.1205027099999998 0.0004154808410000
0.0260296538000000 2.1209306699999999 0.0004587776780000
0.0261918679000000 2.1213586300000000 0.0005017938670000
0.0261918679000000 2.1213586300000000 0.0004975858030000
0.0262729749000000 2.1217865900000001 0.0005420983070000
0.0261918679000000 2.1220006900000001 0.0005368615380000
0.0262729749000000 2.1222145600000002 0.0005789427090000
0.0264351889000000 2.1226425199999999 0.0006259799120000
0.0263540819000000 2.1226425199999999 0.0006219588690000
0.0264351889000000 2.1228566199999999 0.0006652556480000
0.0265162960000000 2.1234984400000001 0.0007112643800000
0.0265162960000000 2.1232845800000000 0.0007069627170000
0.0265974030000000 2.1239266400000001 0.0007480152420000
0.0265974030000000 2.1237125400000001 0.0007440877380000
0.0265974030000000 2.1241405000000002 0.0007932758310000
0.0268407241000000 2.1245684599999999 0.0008391910230000
0.0267596170000000 2.1245684599999999 0.0008350764400000
0.0269218311000000 2.1252105200000000 0.0008819267390000
0.0269218311000000 2.1249964200000000 0.0008772510340000
0.0269218311000000 2.1256384800000001 0.0009206412940000
0.0270029381000000 2.1258523500000002 0.0009685202970000
0.0270029381000000 2.1260664500000002 0.0009658084020000
0.0271651521000000 2.1264944099999998 0.0010107884900000
0.0272462443000000 2.1267085099999998 0.0010564230600000
0.0271651521000000 2.1267085099999998 0.0010531501600000
0.0272462443000000 2.1271364699999999 0.0010960729600000
0.0272462443000000 2.1271364699999999 0.0010908362500000
0.0274084583000000 2.1273503300000001 0.0011385281100000
0.0274895653000000 2.1279923900000002 0.0011848172900000
0.0274084583000000 2.1279923900000002 0.0011816378700000
0.0275706723000000 2.1284203499999998 0.0012266178400000
0.0275706723000000 2.1288483100000000 0.0012696342300000
0.0275706723000000 2.1286344499999998 0.0012657999800000
0.0276517794000000 2.1292762800000000 0.0013123699500000
0.0277328864000000 2.1292762800000000 0.0013088164900000
0.0278139934000000 2.1297042400000001 0.0013535158900000
0.0278951004000000 2.1299183400000001 0.0013988699100000
0.0278139934000000 2.1301321999999998 0.0013955971200000
0.0279762074000000 2.1305601599999999 0.0014368363200000
0.0278951004000000 2.1305601599999999 0.0014320673700000
0.0280573145000000 2.1307742599999999 0.0014795721500000
0.0280573145000000 2.1312022200000000 0.0015264225700000
0.0281384215000000 2.1312022200000000 0.0015225885400000
0.0281384215000000 2.1316301800000002 0.0015677554800000
0.0283006355000000 2.1318442800000001 0.0016117069200000
0.0283006355000000 2.1322722399999998 0.0016091821000000
0.0283006355000000 2.1324860999999999 0.0016551909500000
0.0283006355000000 2.1324860999999999 0.0016509825400000
0.0283817425000000 2.1329140700000000 0.0016953081400000
0.0285439566000000 2.1335561300000001 0.0017415974300000
0.0285439566000000 2.1331281700000000 0.0017373893600000
0.0285439566000000 2.1337702300000001 0.0017787222800000
0.0285439566000000 2.1335561300000001 0.0017758233000000
0.0286250636000000 2.1341981900000002 0.0018218321500000
0.0287061706000000 2.1344120499999999 0.0018668120000000
0.0287061706000000 2.1346261499999999 0.0018641938200000
0.0288683847000000 2.1350541100000000 0.0019084257100000
0.0289494917000000 2.1352679700000001 0.0019512547900000
0.0288683847000000 2.1352679700000001 0.0019471404400000
0.0289494917000000 2.1356961700000001 0.0019937101800000
0.0290305838000000 2.1359100299999998 0.0019896891900000
0.0290305838000000 2.1361241299999998 0.0020344818500000
0.0291116908000000 2.1365520999999998 0.0020793685700000
0.0291116908000000 2.1363379999999998 0.0020761890300000
0.0291927978000000 2.1371939200000001 0.0021155583700000
0.0292739049000000 2.1376218800000002 0.0021647464000000
0.0292739049000000 2.1374080200000001 0.0021601642900000
0.0293550119000000 2.1376218800000002 0.0022072014400000
0.0293550119000000 2.1378359800000002 0.0022016842800000
0.0295172259000000 2.1384780399999999 0.0022493763800000
0.0295172259000000 2.1386919000000000 0.0022933275900000
0.0295172259000000 2.1386919000000000 0.0022890260400000
0.0295983329000000 2.1391198600000001 0.0023361570200000
0.0295983329000000 2.1389060000000000 0.0023323227700000
0.0296794400000000 2.1395478200000002 0.0023779573400000
0.0298416540000000 2.1399757899999998 0.0024259300000000
0.0298416540000000 2.1401898899999998 0.0024223763000000
0.0299227610000000 2.1401898899999998 0.0024643642800000
0.0300038680000000 2.1408319499999999 0.0025129912000000
0.0299227610000000 2.1408319499999999 0.0025086894200000
0.0301660821000000 2.1410458100000000 0.0025536697400000
0.0300849751000000 2.1410458100000000 0.0025478717900000
0.0300849751000000 2.1414737700000002 0.0025948155700000
0.0301660821000000 2.1419017299999998 0.0026393279000000
0.0302471891000000 2.1419017299999998 0.0026354938700000
0.0303282961000000 2.1423299299999998 0.0026827182200000
0.0303282961000000 2.1423299299999998 0.0026780427400000
0.0303282961000000 2.1427578899999999 0.0027237706800000
0.0304094031000000 2.1431858500000001 0.0027687510000000
0.0304094031000000 2.1431858500000001 0.0027637945000000
0.0305716172000000 2.1433997200000001 0.0028064369700000
0.0306527242000000 2.1440417799999998 0.0028559055600000
0.0306527242000000 2.1440417799999998 0.0028512298600000
0.0307338312000000 2.1444697399999999 0.0028972385900000
0.0306527242000000 2.1444697399999999 0.0028939654600000
0.0308149233000000 2.1448977000000000 0.0029398805900000
0.0308960304000000 2.1451118000000000 0.0029848609100000
0.0308149233000000 2.1455397600000001 0.0029809330600000
0.0309771374000000 2.1457536199999998 0.0030261937100000
0.0309771374000000 2.1455397600000001 0.0030223596800000
0.0310582444000000 2.1461815799999999 0.0030691165000000
0.0310582444000000 2.1466095400000000 0.0031153122000000
0.0311393514000000 2.1466095400000000 0.0031105431300000
0.0312204584000000 2.1470377400000000 0.0031529981600000
0.0312204584000000 2.1474657100000001 0.0032011577900000
0.0313015655000000 2.1472516100000001 0.0031982588100000
0.0313826725000000 2.1476795700000002 0.0032435194600000
0.0313015655000000 2.1476795700000002 0.0032389371200000
0.0313826725000000 2.1481075299999999 0.0032841044000000
0.0315448865000000 2.1485354900000000 0.0033288039300000
0.0315448865000000 2.1485354900000000 0.0033243151800000
0.0316259935000000 2.1489634500000001 0.0033704175100000
0.0316259935000000 2.1493916500000001 0.0034146495200000
0.0316259935000000 2.1493916500000001 0.0034096930200000
0.0317882076000000 2.1498196100000002 0.0034555147900000
0.0317071006000000 2.1496055100000002 0.0034507457200000
0.0317882076000000 2.1502475699999999 0.0034911434600000
0.0318693146000000 2.1504614399999999 0.0035385550000000
0.0318693146000000 2.1504614399999999 0.0035355624300000
0.0319504216000000 2.1508894000000001 0.0035811970000000
0.0319504216000000 2.1508894000000001 0.0035762409700000
0.0320315287000000 2.1513173600000002 0.0036244939500000
0.0321126357000000 2.1519594199999998 0.0036691932500000
0.0321937427000000 2.1517455600000002 0.0036646111400000
0.0322748497000000 2.1521735199999998 0.0037113681900000
0.0322748497000000 2.1528153400000001 0.0037569091700000
0.0322748497000000 2.1528153400000001 0.0037534490700000
0.0323559567000000 2.1532433000000002 0.0037981488300000
0.0323559567000000 2.1530294400000001 0.0037945015400000
0.0324370638000000 2.1534574000000002 0.0038364892800000
0.0325992629000000 2.1538853599999999 0.0038850228300000
0.0325181708000000 2.1538853599999999 0.0038809080100000
0.0325992629000000 2.1543133299999999 0.0039259819300000
0.0326803699000000 2.1540994599999999 0.0039217737500000
0.0326803699000000 2.1545274299999999 0.0039688111300000
0.0327614769000000 2.1549553900000000 0.0040129493000000
0.0327614769000000 2.1549553900000000 0.0040078060700000
0.0329236910000000 2.1555972099999998 0.0040544690600000
0.0330047980000000 2.1560251699999999 0.0041002915200000
0.0329236910000000 2.1558113099999998 0.0040967376000000
0.0330859050000000 2.1564533699999999 0.0043274089700000
0.0330859050000000 2.1564533699999999 0.0041697942700000
0.0330859050000000 2.1566672300000000 0.0042005707500000
0.0331670120000000 2.1570951900000002 0.0042481352600000
0.0332481191000000 2.1570951900000002 0.0042406749000000
0.0332481191000000 2.1575231600000002 0.0042835748800000
0.0334103331000000 2.1581652199999999 0.0043292744100000
0.0333292261000000 2.1579511199999999 0.0043246103500000
0.0334103331000000 2.1583790800000000 0.0043693771600000
0.0334103331000000 2.1583790800000000 0.0043647140300000
0.0334914401000000 2.1588072800000000 0.0044122785300000
0.0335725471000000 2.1590211400000001 0.0044561117000000
0.0335725471000000 2.1592352400000001 0.0044514485600000
0.0337347612000000 2.1596631999999998 0.0044962153800000
0.0336536542000000 2.1596631999999998 0.0044934167500000
0.0337347612000000 2.1600911599999999 0.0045353854100000
0.0338158682000000 2.1605191200000000 0.0045829494500000
0.0338969752000000 2.1605191200000000 0.0045764208800000
0.0338969752000000 2.1607329800000001 0.0046202549700000
0.0339780822000000 2.1611611800000001 0.0046650208500000
0.0339780822000000 2.1613750500000002 0.0046603577200000
0.0340591893000000 2.1618030099999999 0.0047060572500000
0.0340591893000000 2.1615891500000002 0.0046995286800000
0.0341402963000000 2.1618030099999999 0.0047461600000000
0.0342214033000000 2.1622309700000000 0.0047881286600000
0.0343025103000000 2.1624450700000000 0.0047825328100000
0.0343025103000000 2.1626589300000001 0.0048254337200000
0.0343025103000000 2.1628730300000001 0.0048226355600000
0.0344647095000000 2.1630868900000002 0.0048655364700000
0.0344647095000000 2.1637289499999999 0.0049158982000000
0.0344647095000000 2.1635150900000002 0.0049112350700000
0.0345458165000000 2.1641569100000000 0.0049569350700000
0.0347080305000000 2.1645848800000000 0.0050035663900000
0.0346269235000000 2.1645848800000000 0.0049979705400000
0.0347080305000000 2.1647989700000001 0.0050418032300000
0.0347080305000000 2.1650128400000002 0.0050343428700000
0.0347891375000000 2.1654407999999998 0.0050819073800000
0.0348702446000000 2.1656548999999998 0.0051285387000000
0.0349513516000000 2.1656548999999998 0.0051257400800000
0.0349513516000000 2.1662969599999999 0.0051677087300000
0.0351135656000000 2.1665108200000001 0.0052143400500000
0.0350324586000000 2.1665108200000001 0.0052078124100000
0.0351135656000000 2.1669387800000002 0.0052572414300000
0.0351135656000000 2.1669387800000002 0.0052488478800000
0.0351946726000000 2.1673667399999998 0.0053001423400000
0.0352757797000000 2.1677947000000000 0.0053439764300000
0.0352757797000000 2.1675808399999998 0.0053402450900000
0.0354379937000000 2.1680088000000000 0.0053784833300000
0.0354379937000000 2.1682229000000000 0.0053766178900000
0.0354379937000000 2.1686508700000000 0.0054260478400000
0.0356002077000000 2.1688647300000001 0.0054642860800000
0.0355191007000000 2.1688647300000001 0.0054624201700000
0.0356813148000000 2.1695067899999998 0.0055071860600000
0.0356813148000000 2.1697206499999999 0.0055463570200000
0.0357624218000000 2.1697206499999999 0.0055472897400000
0.0358435288000000 2.1701486100000000 0.0055929883400000
0.0358435288000000 2.1701486100000000 0.0055883256700000
0.0359246358000000 2.1705768100000000 0.0056330910900000
0.0360057428000000 2.1710047700000001 0.0056787910900000
0.0359246358000000 2.1710047700000001 0.0056741270200000
0.0360868499000000 2.1714327299999998 0.0057170279300000
0.0360868499000000 2.1714327299999998 0.0057114320800000
0.0361679420000000 2.1718606899999999 0.0057608620300000
0.0362490490000000 2.1720745600000000 0.0058037634000000
0.0362490490000000 2.1720745600000000 0.0057972348300000
0.0363301560000000 2.1725025200000001 0.0058438661500000
0.0363301560000000 2.1729307200000001 0.0058904974700000
0.0364112630000000 2.1729307200000001 0.0058783730500000
0.0364112630000000 2.1731445800000002 0.0059296684300000
0.0364923701000000 2.1733586800000002 0.0059231398600000
0.0364923701000000 2.1737866399999999 0.0059697711800000
0.0365734771000000 2.1740005000000000 0.0060154697900000
0.0365734771000000 2.1742146000000000 0.0060126725600000
0.0367356911000000 2.1744284600000001 0.0060537080300000
0.0367356911000000 2.1750705199999998 0.0061012725300000
0.0367356911000000 2.1748564199999998 0.0060910135500000
0.0368979052000000 2.1754984899999998 0.0061376448700000
0.0368167982000000 2.1752846199999998 0.0061339135300000
0.0368979052000000 2.1759264500000000 0.0061749503900000
0.0370601192000000 2.1763544100000001 0.0062178503700000
0.0370601192000000 2.1759264500000000 0.0062131872400000
0.0371412262000000 2.1765685100000001 0.0062570213300000
0.0370601192000000 2.1765685100000001 0.0062570213300000
0.0371412262000000 2.1769964700000002 0.0062989899900000
0.0372223333000000 2.1772105700000002 0.0063474867500000
0.0372223333000000 2.1774244299999999 0.0063437554100000
0.0373034403000000 2.1776385299999999 0.0063847922700000
0.0373845473000000 2.1780664900000000 0.0064314235900000
0.0373845473000000 2.1780664900000000 0.0064267595300000
0.0374656543000000 2.1782803500000001 0.0064687281800000
0.0374656543000000 2.1787083100000002 0.0064649977700000
0.0375467613000000 2.1789224100000002 0.0065116290900000
0.0377089754000000 2.1793503799999998 0.0065508000600000
0.0377089754000000 2.1793503799999998 0.0065461373900000
0.0377089754000000 2.1797783399999999 0.0065927687100000
0.0377089754000000 2.1793503799999998 0.0065881055800000
0.0377900824000000 2.1799924399999999 0.0066310055600000
0.0379522815000000 2.1804204000000000 0.0066795027800000
0.0378711894000000 2.1804204000000000 0.0066739069300000
0.0379522815000000 2.1810622199999998 0.0067158755800000
0.0380333886000000 2.1814901799999999 0.0067578437700000
0.0380333886000000 2.1812763199999998 0.0067569110500000
0.0381144956000000 2.1817042799999999 0.0067960820200000
0.0381144956000000 2.1819183799999999 0.0067895534400000
0.0381956026000000 2.1821322400000001 0.0068380502100000
0.0381956026000000 2.1823463400000001 0.0068762884500000
0.0382767096000000 2.1823463400000001 0.0068706926000000
0.0383578166000000 2.1829881699999998 0.0069173239200000
0.0384389237000000 2.1834161299999999 0.0069620898000000
0.0384389237000000 2.1832022699999998 0.0069536967200000
0.0385200307000000 2.1836302299999999 0.0069947321900000
0.0385200307000000 2.1836302299999999 0.0069900690600000
0.0386822447000000 2.1840581900000000 0.0070311049900000
0.0386822447000000 2.1844861500000001 0.0070740059000000
0.0386011377000000 2.1842722900000000 0.0070740059000000
0.0387633517000000 2.1851282099999998 0.0071197045000000
0.0387633517000000 2.1849141099999998 0.0071131759300000
0.0388444588000000 2.1853420699999999 0.0071598072500000
0.0389255658000000 2.1855561699999999 0.0071971127800000
0.0389255658000000 2.1859841300000000 0.0071943155500000
0.0390877798000000 2.1861980000000001 0.0072400141500000
0.0390877798000000 2.1864121000000001 0.0072838477800000
0.0390877798000000 2.1864121000000001 0.0072773192100000
0.0391688868000000 2.1868400600000002 0.0073220850900000
0.0391688868000000 2.1868400600000002 0.0073146247300000
0.0392499939000000 2.1870541600000002 0.0073565929200000
0.0393311009000000 2.1874821199999999 0.0074032247100000
