# current [A] 	 voltage [V] 	 power [W] 	 wavelenght:635.0 nm	 2017-01-09 15:43
7.562339310000e-05 1.778330090000e+00 3.254649880000e-08
7.562339310000e-05 1.805293080000e+00 3.820274590000e-08
1.567304130000e-04 1.827120070000e+00 7.779659940000e-08
2.378374340000e-04 1.840601680000e+00 1.225830890000e-07
2.378374340000e-04 1.840815540000e+00 1.237885240000e-07
3.189444540000e-04 1.850873230000e+00 1.743240570000e-07
4.811584950000e-04 1.858576770000e+00 2.271776790000e-07
4.000514750000e-04 1.858790870000e+00 2.281976350000e-07
4.811584950000e-04 1.865852590000e+00 2.883766110000e-07
4.811584950000e-04 1.865852590000e+00 2.877275160000e-07
6.433725360000e-04 1.871416330000e+00 3.492974090000e-07
7.244795560000e-04 1.876552100000e+00 4.135563070000e-07
5.622655150000e-04 1.876766200000e+00 4.142053460000e-07
7.244795560000e-04 1.880831960000e+00 4.730861460000e-07
7.244795560000e-04 1.880618100000e+00 4.732715980000e-07
8.055865760000e-04 1.885111810000e+00 5.472667790000e-07
8.866861460000e-04 1.889391660000e+00 6.211690790000e-07
8.866861460000e-04 1.889391660000e+00 6.222817890000e-07
9.677931670000e-04 1.893029450000e+00 6.972042000000e-07
1.048900190000e-03 1.896239520000e+00 7.708283650000e-07
1.048900190000e-03 1.896239520000e+00 7.730537850000e-07
1.130007210000e-03 1.899449350000e+00 8.524269790000e-07
1.130007210000e-03 1.899235250000e+00 8.530760740000e-07
1.211114230000e-03 1.902659180000e+00 9.318928280000e-07
1.292221250000e-03 1.905227180000e+00 1.013862400000e-06
1.211114230000e-03 1.905227180000e+00 1.015438670000e-06
1.373328270000e-03 1.907794950000e+00 1.092586440000e-06
1.454435290000e-03 1.910362960000e+00 1.180583010000e-06
1.454435290000e-03 1.910576820000e+00 1.181788430000e-06
1.535542310000e-03 1.913144830000e+00 1.267374390000e-06
1.535542310000e-03 1.912930730000e+00 1.267930660000e-06
1.616649330000e-03 1.915284630000e+00 1.355556610000e-06
1.697756350000e-03 1.917210580000e+00 1.438360530000e-06
1.697756350000e-03 1.917424680000e+00 1.439844030000e-06
1.778855920000e-03 1.919778590000e+00 1.529973590000e-06
1.778855920000e-03 1.919778590000e+00 1.532013360000e-06
1.859962940000e-03 1.921704530000e+00 1.619175580000e-06
1.941069960000e-03 1.923630240000e+00 1.712086600000e-06
1.941069960000e-03 1.923630240000e+00 1.713570330000e-06
2.022176980000e-03 1.925556180000e+00 1.798043400000e-06
2.103284000000e-03 1.927482130000e+00 1.896518030000e-06
2.184391020000e-03 1.927482130000e+00 1.898372490000e-06
2.184391020000e-03 1.929408070000e+00 1.992210850000e-06
2.184391020000e-03 1.929408070000e+00 1.992952780000e-06
2.265498040000e-03 1.931120160000e+00 2.091056560000e-06
2.346605060000e-03 1.932832000000e+00 2.182113120000e-06
2.346605060000e-03 1.933045860000e+00 2.186193110000e-06
2.427712080000e-03 1.934543850000e+00 2.285409660000e-06
2.427712080000e-03 1.934757950000e+00 2.287078590000e-06
2.508819100000e-03 1.936255930000e+00 2.383884070000e-06
2.589926120000e-03 1.937967780000e+00 2.482729770000e-06
2.589926120000e-03 1.937967780000e+00 2.485882310000e-06
2.671025690000e-03 1.939465760000e+00 2.578422480000e-06
2.752132710000e-03 1.941177610000e+00 2.683202640000e-06
2.833239730000e-03 1.941177610000e+00 2.684779020000e-06
2.833239730000e-03 1.942675590000e+00 2.785757260000e-06
2.833239730000e-03 1.942675590000e+00 2.788260870000e-06
2.914346750000e-03 1.944173570000e+00 2.892206340000e-06
2.995453770000e-03 1.945671560000e+00 2.989382890000e-06
2.995453770000e-03 1.945457460000e+00 2.992350120000e-06
3.076560800000e-03 1.947169540000e+00 3.097037510000e-06
3.157667820000e-03 1.948667290000e+00 3.201910200000e-06
3.157667820000e-03 1.948453430000e+00 3.203208280000e-06
3.238774840000e-03 1.949951410000e+00 3.307524590000e-06
3.238774840000e-03 1.949737310000e+00 3.308730130000e-06
3.319881860000e-03 1.951235290000e+00 3.407946450000e-06
3.482095900000e-03 1.952519180000e+00 3.523019130000e-06
3.400988880000e-03 1.952519180000e+00 3.523946360000e-06
3.482095900000e-03 1.953803060000e+00 3.633919050000e-06
3.482095900000e-03 1.953803060000e+00 3.635866280000e-06
3.563195470000e-03 1.955515150000e+00 3.747322580000e-06
3.563195470000e-03 1.956585170000e+00 3.854328040000e-06
3.644302490000e-03 1.956585170000e+00 3.856831880000e-06
3.725409510000e-03 1.957654950000e+00 3.968844340000e-06
3.806516530000e-03 1.959152940000e+00 4.081876800000e-06
3.806516530000e-03 1.959367040000e+00 4.083081880000e-06
3.887623550000e-03 1.960222960000e+00 4.083081880000e-06
3.887623550000e-03 1.960436820000e+00 4.240537240000e-06
3.968730570000e-03 1.961506840000e+00 4.323574560000e-06
4.049837590000e-03 1.962790730000e+00 4.436468770000e-06
4.049837590000e-03 1.962790730000e+00 4.437401910000e-06
4.212051630000e-03 1.963860750000e+00 4.550296130000e-06
4.130944610000e-03 1.964074850000e+00 4.546564920000e-06
4.212051630000e-03 1.965358730000e+00 4.665057530000e-06
4.293158650000e-03 1.966214660000e+00 4.777018150000e-06
4.293158650000e-03 1.966428760000e+00 4.778883980000e-06
4.374265670000e-03 1.967498540000e+00 4.895510300000e-06
4.455365240000e-03 1.968568560000e+00 5.012137080000e-06
4.455365240000e-03 1.968782660000e+00 5.012137080000e-06
4.536472260000e-03 1.969852450000e+00 5.130629230000e-06
4.536472260000e-03 1.970066550000e+00 5.130629230000e-06
4.698686300000e-03 1.970922470000e+00 5.237925510000e-06
4.698686300000e-03 1.972206350000e+00 5.369480730000e-06
4.698686300000e-03 1.971992490000e+00 5.368547140000e-06
4.779793320000e-03 1.973276380000e+00 5.489838710000e-06
4.860900340000e-03 1.974132300000e+00 5.617661370000e-06
4.860900340000e-03 1.974132300000e+00 5.614862400000e-06
5.023114380000e-03 1.975416420000e+00 5.736153530000e-06
4.942007360000e-03 1.975202320000e+00 5.735220380000e-06
5.104221400000e-03 1.976486210000e+00 5.863043040000e-06
5.104221400000e-03 1.977342370000e+00 5.984334170000e-06
5.104221400000e-03 1.977342370000e+00 5.982468790000e-06
5.185328420000e-03 1.978412150000e+00 6.105625740000e-06
5.266435440000e-03 1.978412150000e+00 6.106558890000e-06
5.266435440000e-03 1.979268070000e+00 6.222252520000e-06
5.347535010000e-03 1.980552200000e+00 6.357538500000e-06
5.347535010000e-03 1.980552200000e+00 6.357538500000e-06
5.509749050000e-03 1.981621980000e+00 6.483495780000e-06
5.509749050000e-03 1.982692000000e+00 6.611317530000e-06
5.509749050000e-03 1.982478140000e+00 6.613184270000e-06
5.590856080000e-03 1.983334060000e+00 6.736341220000e-06
5.671963100000e-03 1.983547930000e+00 6.736341220000e-06
5.671963100000e-03 1.984617950000e+00 6.865097020000e-06
5.753070120000e-03 1.985473870000e+00 6.993852370000e-06
5.753070120000e-03 1.985687970000e+00 6.994785510000e-06
5.915284160000e-03 1.986543890000e+00 7.128206560000e-06
5.834177140000e-03 1.986329790000e+00 7.121675030000e-06
5.915284160000e-03 1.987185960000e+00 7.240167180000e-06
5.915284160000e-03 1.988255740000e+00 7.377320340000e-06
5.996391180000e-03 1.988255740000e+00 7.379186170000e-06
6.077498200000e-03 1.989325760000e+00 7.510740030000e-06
6.158605220000e-03 1.990395780000e+00 7.647893650000e-06
6.158605220000e-03 1.990395780000e+00 7.650692170000e-06
6.239704790000e-03 1.991251710000e+00 7.780380660000e-06
6.239704790000e-03 1.991251710000e+00 7.781313800000e-06
6.320811810000e-03 1.992321730000e+00 7.920332790000e-06
6.401918830000e-03 1.993177650000e+00 8.052819790000e-06
6.401918830000e-03 1.993177650000e+00 8.055619220000e-06
6.483025850000e-03 1.994033580000e+00 8.191838790000e-06
6.564132870000e-03 1.994675640000e+00 8.320594130000e-06
6.564132870000e-03 1.994889500000e+00 8.318728760000e-06
6.564132870000e-03 1.995745420000e+00 8.464277930000e-06
6.645239890000e-03 1.995745420000e+00 8.464277930000e-06
6.726346910000e-03 1.996815440000e+00 8.601430640000e-06
6.807453930000e-03 1.997457500000e+00 8.744180380000e-06
6.807453930000e-03 1.997671370000e+00 8.742315000000e-06
6.888560950000e-03 1.998527530000e+00 8.878534570000e-06
6.888560950000e-03 1.998527530000e+00 8.876668290000e-06
7.050774990000e-03 1.999597310000e+00 9.022219270000e-06
7.050774990000e-03 2.000239370000e+00 9.163102730000e-06
7.050774990000e-03 2.000239370000e+00 9.160303310000e-06
7.050774990000e-03 2.001095290000e+00 9.303055780000e-06
7.212981580000e-03 2.001951220000e+00 9.437409060000e-06
7.212981580000e-03 2.001951220000e+00 9.437409060000e-06
7.294088600000e-03 2.002593280000e+00 9.583890460000e-06
7.294088600000e-03 2.002807140000e+00 9.584824510000e-06
7.375195620000e-03 2.003663300000e+00 9.732240870000e-06
7.456302640000e-03 2.004733090000e+00 9.880588550000e-06
7.456302640000e-03 2.004733090000e+00 9.881520780000e-06
7.618516680000e-03 2.005375150000e+00 1.002147380000e-05
7.537409660000e-03 2.005375150000e+00 1.001774040000e-05
7.618516680000e-03 2.006445170000e+00 1.017262090000e-05
7.699623700000e-03 2.007301090000e+00 1.031723790000e-05
7.699623700000e-03 2.007301090000e+00 1.031910230000e-05
7.780730720000e-03 2.007943150000e+00 1.046931810000e-05
7.861837740000e-03 2.008799080000e+00 1.060180600000e-05
7.780730720000e-03 2.008799080000e+00 1.060647170000e-05
7.942944770000e-03 2.009655000000e+00 1.075948600000e-05
7.942944770000e-03 2.009655000000e+00 1.076041830000e-05
8.024044330000e-03 2.010297060000e+00 1.091156540000e-05
8.105151360000e-03 2.011152980000e+00 1.106364650000e-05
8.105151360000e-03 2.011366840000e+00 1.106737820000e-05
8.105151360000e-03 2.012008910000e+00 1.120826350000e-05
8.267365400000e-03 2.013078930000e+00 1.136500940000e-05
8.267365400000e-03 2.012864830000e+00 1.136594350000e-05
8.348472420000e-03 2.013720750000e+00 1.151709060000e-05
8.348472420000e-03 2.013720750000e+00 1.151709060000e-05
8.429579440000e-03 2.014576910000e+00 1.166917260000e-05
8.510686460000e-03 2.015218730000e+00 1.181285460000e-05
8.510686460000e-03 2.015218730000e+00 1.180912300000e-05
8.672900500000e-03 2.016074660000e+00 1.197986330000e-05
8.591793480000e-03 2.016074660000e+00 1.197986330000e-05
8.591793480000e-03 2.016716720000e+00 1.214407350000e-05
8.754007520000e-03 2.017786740000e+00 1.230268570000e-05
8.672900500000e-03 2.017572640000e+00 1.230548510000e-05
8.835114540000e-03 2.018428560000e+00 1.246129800000e-05
8.916214110000e-03 2.019070630000e+00 1.263017380000e-05
8.916214110000e-03 2.019498590000e+00 1.263203830000e-05
8.997321130000e-03 2.019926550000e+00 1.279251680000e-05
8.997321130000e-03 2.019926550000e+00 1.279251680000e-05
9.078428150000e-03 2.020782470000e+00 1.295765920000e-05
9.159535170000e-03 2.021424530000e+00 1.311347210000e-05
9.159535170000e-03 2.021424530000e+00 1.310974040000e-05
9.240642190000e-03 2.022280450000e+00 1.328607870000e-05
9.240642190000e-03 2.022494550000e+00 1.328701360000e-05
9.321749210000e-03 2.023136380000e+00 1.344935660000e-05
9.402856230000e-03 2.023992540000e+00 1.362662990000e-05
9.483963250000e-03 2.024206400000e+00 1.362756210000e-05
9.483963250000e-03 2.024634360000e+00 1.378523940000e-05
9.565070270000e-03 2.025490280000e+00 1.396157950000e-05
9.565070270000e-03 2.025490280000e+00 1.396064540000e-05
9.646177290000e-03 2.026346450000e+00 1.413138760000e-05
9.646177290000e-03 2.026132350000e+00 1.413138760000e-05
9.727284310000e-03 2.026988270000e+00 1.429932950000e-05
9.889490900000e-03 2.027630330000e+00 1.445607450000e-05
9.808383880000e-03 2.027416230000e+00 1.446074020000e-05
9.889490900000e-03 2.028486250000e+00 1.464361140000e-05
9.889490900000e-03 2.028486250000e+00 1.464734210000e-05
9.970597920000e-03 2.029128310000e+00 1.482088190000e-05
1.005170490000e-02 2.029770140000e+00 1.500095370000e-05
1.013281200000e-02 2.029770140000e+00 1.500282000000e-05
1.013281200000e-02 2.030626060000e+00 1.517635970000e-05
1.021391900000e-02 2.031482220000e+00 1.536296260000e-05
1.013281200000e-02 2.031268120000e+00 1.536296260000e-05
1.029502600000e-02 2.032124040000e+00 1.553930090000e-05
1.029502600000e-02 2.032124040000e+00 1.553930090000e-05
1.037613300000e-02 2.032979970000e+00 1.571844040000e-05
1.037613300000e-02 2.033408160000e+00 1.589664500000e-05
1.037613300000e-02 2.033408160000e+00 1.589477870000e-05
1.053834710000e-02 2.034264090000e+00 1.608697860000e-05
1.061945410000e-02 2.035120010000e+00 1.627171330000e-05
1.061945410000e-02 2.034905910000e+00 1.627451270000e-05
1.061945410000e-02 2.035762070000e+00 1.646204870000e-05
1.070055370000e-02 2.035547970000e+00 1.646391500000e-05
1.078166070000e-02 2.036403890000e+00 1.664211960000e-05
1.086276770000e-02 2.037045960000e+00 1.683525440000e-05
1.086276770000e-02 2.036831860000e+00 1.683898520000e-05
1.094387470000e-02 2.037901880000e+00 1.702278860000e-05
1.094387470000e-02 2.037901880000e+00 1.702371990000e-05
1.094387470000e-02 2.038543940000e+00 1.721218910000e-05
1.110608880000e-02 2.039185760000e+00 1.738852730000e-05
1.102498170000e-02 2.039185760000e+00 1.738479660000e-05
1.118719580000e-02 2.039613720000e+00 1.759472250000e-05
1.126830280000e-02 2.040683750000e+00 1.779252310000e-05
1.126830280000e-02 2.040683750000e+00 1.779438750000e-05
1.134940980000e-02 2.041325810000e+00 1.799872010000e-05
1.126830280000e-02 2.041325810000e+00 1.799685200000e-05
1.143051680000e-02 2.041967630000e+00 1.818998500000e-05
1.151162390000e-02 2.042609690000e+00 1.839897960000e-05
1.143051680000e-02 2.042609690000e+00 1.839897960000e-05
1.151162390000e-02 2.043465610000e+00 1.860331030000e-05
1.151162390000e-02 2.043251750000e+00 1.860331030000e-05
1.159272340000e-02 2.043893580000e+00 1.880950550000e-05
1.175493750000e-02 2.044749740000e+00 1.901290120000e-05
1.175493750000e-02 2.044749740000e+00 1.900823550000e-05
1.175493750000e-02 2.045391560000e+00 1.922376030000e-05
1.191715150000e-02 2.046033620000e+00 1.943368990000e-05
1.191715150000e-02 2.046247480000e+00 1.944115500000e-05
1.199825850000e-02 2.046889540000e+00 1.965294720000e-05
1.199825850000e-02 2.046889540000e+00 1.965388040000e-05
1.199825850000e-02 2.047531600000e+00 1.985914240000e-05
1.216047260000e-02 2.047959570000e+00 2.008773120000e-05
1.216047260000e-02 2.047959570000e+00 2.008399680000e-05
1.224157960000e-02 2.048601390000e+00 2.030138780000e-05
1.232268660000e-02 2.049457550000e+00 2.052531270000e-05
1.232268660000e-02 2.049457550000e+00 2.052717900000e-05
1.240379360000e-02 2.050099370000e+00 2.073243920000e-05
1.240379360000e-02 2.049885510000e+00 2.073150790000e-05
1.248489320000e-02 2.050741430000e+00 2.096849310000e-05
1.256600020000e-02 2.051383260000e+00 2.119987950000e-05
1.248489320000e-02 2.051383260000e+00 2.120454520000e-05
1.264710720000e-02 2.052025320000e+00 2.143686290000e-05
1.264710720000e-02 2.052239420000e+00 2.143686290000e-05
1.264710720000e-02 2.052881240000e+00 2.165892150000e-05
1.272821430000e-02 2.053523300000e+00 2.190430310000e-05
1.280932130000e-02 2.053309200000e+00 2.189963560000e-05
1.289042830000e-02 2.054165360000e+00 2.213289010000e-05
1.297153530000e-02 2.054593320000e+00 2.238293750000e-05
1.297153530000e-02 2.054593320000e+00 2.238013800000e-05
1.305264230000e-02 2.055449250000e+00 2.260965810000e-05
1.305264230000e-02 2.055449250000e+00 2.260965810000e-05
1.321485640000e-02 2.056091070000e+00 2.286623750000e-05
1.329596340000e-02 2.056519270000e+00 2.311628300000e-05
1.321485640000e-02 2.056519270000e+00 2.311721800000e-05
1.329596340000e-02 2.057161090000e+00 2.336446410000e-05
1.329596340000e-02 2.057589050000e+00 2.336819670000e-05
1.337706300000e-02 2.057803150000e+00 2.360984760000e-05
1.345817000000e-02 2.058873180000e+00 2.387855420000e-05
1.345817000000e-02 2.058659080000e+00 2.387948550000e-05
1.353927700000e-02 2.059515000000e+00 2.413793120000e-05
1.353927700000e-02 2.059942960000e+00 2.440477150000e-05
1.362038400000e-02 2.059942960000e+00 2.440010580000e-05
1.370149110000e-02 2.060370920000e+00 2.465202120000e-05
1.370149110000e-02 2.060585020000e+00 2.464922180000e-05
1.378259810000e-02 2.061227080000e+00 2.494311780000e-05
1.386370510000e-02 2.061655040000e+00 2.522768950000e-05
1.386370510000e-02 2.061868910000e+00 2.521929130000e-05
1.394481210000e-02 2.062296870000e+00 2.552158550000e-05
1.402591910000e-02 2.062938930000e+00 2.579402640000e-05
1.402591910000e-02 2.062938930000e+00 2.579495780000e-05
1.410702620000e-02 2.063794850000e+00 2.609258810000e-05
1.410702620000e-02 2.063794850000e+00 2.609818690000e-05
1.410702620000e-02 2.064436910000e+00 2.638835210000e-05
1.426923270000e-02 2.065078740000e+00 2.669811330000e-05
1.426923270000e-02 2.064864870000e+00 2.669624700000e-05
1.435033980000e-02 2.065720800000e+00 2.697894890000e-05
1.426923270000e-02 2.065292840000e+00 2.697521810000e-05
1.443144680000e-02 2.066148760000e+00 2.730363670000e-05
1.451255380000e-02 2.066790820000e+00 2.761619540000e-05
1.451255380000e-02 2.066576720000e+00 2.760779900000e-05
1.459366080000e-02 2.067432640000e+00 2.792875600000e-05
1.467476790000e-02 2.068074700000e+00 2.825344200000e-05
1.467476790000e-02 2.068074700000e+00 2.825344200000e-05
1.475587490000e-02 2.068716760000e+00 2.859492450000e-05
1.475587490000e-02 2.068502660000e+00 2.858932750000e-05
1.483698190000e-02 2.069144730000e+00 2.892054540000e-05
1.491808890000e-02 2.069786550000e+00 2.927882090000e-05
1.491808890000e-02 2.069572690000e+00 2.927415700000e-05
1.499919590000e-02 2.070642710000e+00 2.958858200000e-05
1.499919590000e-02 2.070428610000e+00 2.958578260000e-05
1.508030300000e-02 2.071284530000e+00 2.996365040000e-05
1.516140250000e-02 2.071712490000e+00 3.033872050000e-05
1.508030300000e-02 2.071712490000e+00 3.033405660000e-05
1.524250950000e-02 2.072354560000e+00 3.071099490000e-05
1.532361660000e-02 2.072996620000e+00 3.108606320000e-05
1.532361660000e-02 2.072782520000e+00 3.107766680000e-05
1.540472360000e-02 2.073424580000e+00 3.147793180000e-05
1.540472360000e-02 2.073424580000e+00 3.147699680000e-05
1.540472360000e-02 2.074280500000e+00 3.186793040000e-05
1.556693760000e-02 2.074708460000e+00 3.228124840000e-05
1.564804460000e-02 2.074708460000e+00 3.228311830000e-05
1.564804460000e-02 2.075350520000e+00 3.267124700000e-05
1.572915170000e-02 2.075778480000e+00 3.312189440000e-05
1.572915170000e-02 2.075992350000e+00 3.312002810000e-05
1.581025870000e-02 2.076634410000e+00 3.355294390000e-05
1.572915170000e-02 2.076634410000e+00 3.354734510000e-05
1.589136570000e-02 2.077062370000e+00 3.400359130000e-05
1.597247270000e-02 2.077704430000e+00 3.444117460000e-05
1.597247270000e-02 2.077704430000e+00 3.443557580000e-05
1.597247270000e-02 2.078132390000e+00 3.493006810000e-05
1.605357230000e-02 2.078132390000e+00 3.492074030000e-05
1.613467930000e-02 2.078988310000e+00 3.540590480000e-05
1.621578630000e-02 2.079416280000e+00 3.589200420000e-05
1.613467930000e-02 2.079416280000e+00 3.588827170000e-05
1.629689340000e-02 2.080058340000e+00 3.635010940000e-05
1.629689340000e-02 2.080700160000e+00 3.692205060000e-05
1.637800040000e-02 2.080700160000e+00 3.692671450000e-05
1.645910740000e-02 2.081128120000e+00 3.747905430000e-05
1.637800040000e-02 2.081128120000e+00 3.746786020000e-05
1.645910740000e-02 2.081770180000e+00 3.806591850000e-05
1.654021440000e-02 2.082412240000e+00 3.863505480000e-05
1.654021440000e-02 2.082198140000e+00 3.862479570000e-05
1.662132140000e-02 2.083054070000e+00 3.925924100000e-05
1.662132140000e-02 2.083054070000e+00 3.925550850000e-05
1.678353550000e-02 2.083482030000e+00 3.988902240000e-05
1.686464250000e-02 2.084124090000e+00 4.057572000000e-05
1.686464250000e-02 2.084124090000e+00 4.056265610000e-05
1.694574210000e-02 2.084766150000e+00 4.122322930000e-05
1.694574210000e-02 2.085407970000e+00 4.364824780000e-05
1.694574210000e-02 2.085407970000e+00 4.237024040000e-05
1.702684910000e-02 2.086050030000e+00 4.293928580000e-05
1.710795610000e-02 2.086050030000e+00 4.292062290000e-05
1.718906310000e-02 2.086477990000e+00 4.368556620000e-05
1.727017020000e-02 2.086905960000e+00 4.446916500000e-05
1.727017020000e-02 2.086905960000e+00 4.441319470000e-05
1.727017020000e-02 2.087548020000e+00 4.531806190000e-05
1.743238420000e-02 2.088189840000e+00 4.625092330000e-05
1.743238420000e-02 2.087975980000e+00 4.621360490000e-05
1.743238420000e-02 2.088617800000e+00 4.716511830000e-05
1.743238420000e-02 2.088617800000e+00 4.715579050000e-05
1.759459820000e-02 2.089259860000e+00 4.813528720000e-05
1.767570530000e-02 2.089687820000e+00 4.926404290000e-05
1.759459820000e-02 2.089687820000e+00 4.925470780000e-05
1.775681230000e-02 2.090329890000e+00 5.047675590000e-05
1.775681230000e-02 2.090115790000e+00 5.038346350000e-05
1.783791180000e-02 2.090971710000e+00 5.167080230000e-05
1.791901890000e-02 2.091399910000e+00 5.299545590000e-05
1.791901890000e-02 2.091399910000e+00 5.299545590000e-05
1.791901890000e-02 2.092041730000e+00 5.453467020000e-05
1.800012590000e-02 2.092469690000e+00 5.616716590000e-05
1.800012590000e-02 2.092683790000e+00 5.610186780000e-05
1.816233990000e-02 2.093111750000e+00 5.786495970000e-05
1.816233990000e-02 2.093111750000e+00 5.783698000000e-05
1.816233990000e-02 2.093753810000e+00 5.967469770000e-05
1.832455400000e-02 2.094181780000e+00 6.193221630000e-05
1.824344690000e-02 2.094395640000e+00 6.183892400000e-05
1.840566100000e-02 2.094823600000e+00 6.427367040000e-05
1.840566100000e-02 2.094823600000e+00 6.417106490000e-05
1.840566100000e-02 2.095465660000e+00 6.686701090000e-05
1.856787500000e-02 2.095893620000e+00 6.988013050000e-05
1.848676800000e-02 2.095893620000e+00 6.972155100000e-05
1.856787500000e-02 2.096535680000e+00 7.341565650000e-05
1.864898200000e-02 2.097177510000e+00 7.756685950000e-05
1.864898200000e-02 2.096963640000e+00 7.741760780000e-05
1.881118860000e-02 2.097605470000e+00 8.241770410000e-05
1.881118860000e-02 2.097391610000e+00 8.210985830000e-05
1.889229570000e-02 2.098247530000e+00 8.809879360000e-05
1.889229570000e-02 2.098675490000e+00 9.655045870000e-05
1.897340270000e-02 2.098889590000e+00 9.612133730000e-05
1.905450970000e-02 2.099317550000e+00 1.063734230000e-04
1.913561670000e-02 2.099745510000e+00 1.202356510000e-04
1.913561670000e-02 2.099745510000e+00 1.198065290000e-04
1.921672370000e-02 2.100173470000e+00 1.366445500000e-04
1.921672370000e-02 2.100387330000e+00 1.361594770000e-04
1.929783080000e-02 2.100815530000e+00 1.608428140000e-04
1.937893780000e-02 2.101457360000e+00 1.906848480000e-04
1.937893780000e-02 2.101243500000e+00 1.903396770000e-04
1.946004480000e-02 2.101885320000e+00 2.266277590000e-04
1.946004480000e-02 2.101885320000e+00 2.248926320000e-04
1.954115180000e-02 2.102527380000e+00 2.631210370000e-04
1.962225880000e-02 2.102955340000e+00 3.091947290000e-04
1.954115180000e-02 2.102741240000e+00 3.072730320000e-04
1.970336590000e-02 2.103383300000e+00 3.517982260000e-04
1.970336590000e-02 2.103811260000e+00 4.013794240000e-04
1.978447290000e-02 2.104025360000e+00 4.004838700000e-04
1.978447290000e-02 2.104239230000e+00 4.004838700000e-04
1.978447290000e-02 2.104025360000e+00 4.469013660000e-04
1.986557990000e-02 2.104667190000e+00 4.961831150000e-04
2.002779390000e-02 2.105095150000e+00 5.453712070000e-04
1.994668690000e-02 2.105095150000e+00 5.439685770000e-04
2.010888610000e-02 2.105737210000e+00 5.939047550000e-04
2.010888610000e-02 2.105737210000e+00 5.922215640000e-04
2.010888610000e-02 2.105951310000e+00 6.396329850000e-04
2.027110010000e-02 2.106593130000e+00 6.921875760000e-04
2.018999310000e-02 2.106593130000e+00 6.900368610000e-04
2.035220710000e-02 2.107021090000e+00 7.419368480000e-04
2.043331410000e-02 2.107663150000e+00 7.927148250000e-04
2.035220710000e-02 2.107663150000e+00 7.898158510000e-04
2.043331410000e-02 2.107877250000e+00 8.377883350000e-04
2.043331410000e-02 2.108091120000e+00 8.360116040000e-04
2.051442120000e-02 2.108519080000e+00 8.870699680000e-04
2.067663520000e-02 2.108947040000e+00 9.379413100000e-04
2.067663520000e-02 2.108733180000e+00 9.367257010000e-04
2.075774220000e-02 2.109375000000e+00 9.880646830000e-04
2.083884920000e-02 2.109803200000e+00 1.036130590000e-03
2.083884920000e-02 2.109803200000e+00 1.035663070000e-03
2.091995630000e-02 2.110445020000e+00 1.088404680000e-03
2.083884920000e-02 2.110231160000e+00 1.086347500000e-03
2.100106330000e-02 2.110872980000e+00 1.137780030000e-03
2.108217030000e-02 2.111515050000e+00 1.189586590000e-03
2.100106330000e-02 2.111300950000e+00 1.188090420000e-03
2.116327730000e-02 2.111728910000e+00 1.234286000000e-03
2.108217030000e-02 2.111943010000e+00 1.233537800000e-03
2.124438430000e-02 2.112157110000e+00 1.284689760000e-03
2.132549140000e-02 2.112798930000e+00 1.333129940000e-03
2.124438430000e-02 2.112798930000e+00 1.330605130000e-03
2.140659840000e-02 2.113226890000e+00 1.380354280000e-03
2.148770540000e-02 2.113440990000e+00 1.425708290000e-03
2.140659840000e-02 2.113654850000e+00 1.423464160000e-03
2.148770540000e-02 2.114082810000e+00 1.477888900000e-03
2.156881240000e-02 2.113868950000e+00 1.476579700000e-03
2.164991950000e-02 2.114511010000e+00 1.528105810000e-03
2.173102650000e-02 2.114938970000e+00 1.582437080000e-03
2.164991950000e-02 2.114938970000e+00 1.580660460000e-03
2.181213350000e-02 2.115580800000e+00 1.630970740000e-03
2.173102650000e-02 2.115366940000e+00 1.629100530000e-03
2.189322560000e-02 2.115794900000e+00 1.682403150000e-03
2.197433260000e-02 2.116436720000e+00 1.733555110000e-03
2.189322560000e-02 2.116436720000e+00 1.732432980000e-03
2.205543970000e-02 2.116864920000e+00 1.783584940000e-03
2.213654670000e-02 2.117078780000e+00 1.830809520000e-03
2.205543970000e-02 2.117292880000e+00 1.828565150000e-03
2.213654670000e-02 2.117934700000e+00 1.879623390000e-03
2.213654670000e-02 2.117506740000e+00 1.879436550000e-03
2.221765370000e-02 2.118362670000e+00 1.930494790000e-03
2.237986770000e-02 2.118790630000e+00 1.982675400000e-03
2.237986770000e-02 2.118790630000e+00 1.982114280000e-03
2.246097480000e-02 2.119218830000e+00 2.030086700000e-03
2.246097480000e-02 2.119646790000e+00 2.083950680000e-03
2.246097480000e-02 2.119646790000e+00 2.083295960000e-03
2.262318880000e-02 2.120074750000e+00 2.133793430000e-03
2.254208180000e-02 2.120288610000e+00 2.132764780000e-03
2.270429580000e-02 2.120716570000e+00 2.183823380000e-03
2.278540280000e-02 2.120930670000e+00 2.231328280000e-03
2.278540280000e-02 2.121144530000e+00 2.229645150000e-03
2.286650990000e-02 2.121572730000e+00 2.283695620000e-03
2.286650990000e-02 2.121572730000e+00 2.282012490000e-03
2.294761690000e-02 2.122000690000e+00 2.333258050000e-03
2.302872390000e-02 2.122642520000e+00 2.384690340000e-03
2.294761690000e-02 2.122428660000e+00 2.383194170000e-03
2.310983090000e-02 2.122856620000e+00 2.430792670000e-03
2.319093790000e-02 2.123498440000e+00 2.482973270000e-03
2.310983090000e-02 2.123498440000e+00 2.480448460000e-03
2.327204500000e-02 2.123926640000e+00 2.530852330000e-03
2.327204500000e-02 2.123926640000e+00 2.530197850000e-03
2.335315200000e-02 2.124354600000e+00 2.581162610000e-03
2.343425900000e-02 2.124782560000e+00 2.629883120000e-03
2.335315200000e-02 2.124782560000e+00 2.628573910000e-03
2.351536600000e-02 2.125424390000e+00 2.682437890000e-03
2.343425900000e-02 2.125424390000e+00 2.681222050000e-03
2.359647300000e-02 2.125638480000e+00 2.730223350000e-03
2.359647300000e-02 2.126280550000e+00 2.782310360000e-03
2.367756520000e-02 2.126280550000e+00 2.780440260000e-03
2.367756520000e-02 2.126494410000e+00 2.828693020000e-03
2.375867220000e-02 2.127136470000e+00 2.882556990000e-03
2.383977920000e-02 2.127136470000e+00 2.880967220000e-03
2.383977920000e-02 2.127564430000e+00 2.931184140000e-03
2.383977920000e-02 2.127778290000e+00 2.930622780000e-03
2.400199320000e-02 2.127992390000e+00 2.981120250000e-03
2.400199320000e-02 2.128420350000e+00 3.030308520000e-03
2.400199320000e-02 2.128420350000e+00 3.027970670000e-03
2.416420730000e-02 2.129062410000e+00 3.083330580000e-03
2.416420730000e-02 2.129490380000e+00 3.136165910000e-03
2.416420730000e-02 2.129704240000e+00 3.134669740000e-03
2.424531430000e-02 2.129918340000e+00 3.187878990000e-03
2.424531430000e-02 2.129918340000e+00 3.186569550000e-03
2.440752830000e-02 2.130560160000e+00 3.236973430000e-03
2.440752830000e-02 2.130988360000e+00 3.291678850000e-03
2.440752830000e-02 2.131202220000e+00 3.291024360000e-03
2.456974240000e-02 2.131202220000e+00 3.340773520000e-03
2.456974240000e-02 2.131416320000e+00 3.339183980000e-03
2.456974240000e-02 2.131844280000e+00 3.390242110000e-03
2.473195640000e-02 2.132272240000e+00 3.439710940000e-03
2.465084940000e-02 2.132272240000e+00 3.438869260000e-03
2.473195640000e-02 2.132700200000e+00 3.493013790000e-03
2.481306340000e-02 2.133342270000e+00 3.544633280000e-03
2.481306340000e-02 2.133128170000e+00 3.543043510000e-03
2.497527750000e-02 2.133770230000e+00 3.594850190000e-03
2.497527750000e-02 2.133770230000e+00 3.593167060000e-03
2.505638450000e-02 2.134198190000e+00 3.641700370000e-03
2.513749150000e-02 2.134626150000e+00 3.695470750000e-03
2.513749150000e-02 2.134840010000e+00 3.694535470000e-03
2.521859850000e-02 2.135267970000e+00 3.744565420000e-03
2.513749150000e-02 2.135054110000e+00 3.742975420000e-03
2.529970560000e-02 2.135696170000e+00 3.794688730000e-03
2.529970560000e-02 2.136124130000e+00 3.842941490000e-03
2.529970560000e-02 2.135910030000e+00 3.840977790000e-03
2.538081260000e-02 2.136552100000e+00 3.893626390000e-03
2.546190470000e-02 2.137193920000e+00 3.946835640000e-03
2.554301170000e-02 2.136765960000e+00 3.945058210000e-03
2.562411870000e-02 2.137408020000e+00 3.996304240000e-03
2.554301170000e-02 2.137408020000e+00 3.995088390000e-03
2.562411870000e-02 2.137835980000e+00 4.043995870000e-03
2.570522580000e-02 2.138478040000e+00 4.097579050000e-03
2.578633280000e-02 2.138478040000e+00 4.095895680000e-03
2.586743980000e-02 2.138691900000e+00 4.095895680000e-03
2.594854680000e-02 2.139333960000e+00 4.250933420000e-03
2.586743980000e-02 2.139547820000e+00 4.228550010000e-03
2.602965380000e-02 2.139761920000e+00 4.268652760000e-03
2.602965380000e-02 2.139975790000e+00 4.262124190000e-03
2.611076090000e-02 2.140189890000e+00 4.316217270000e-03
2.619186790000e-02 2.140831950000e+00 4.367511720000e-03
2.619186790000e-02 2.140831950000e+00 4.366579000000e-03
2.627297490000e-02 2.141259910000e+00 4.419738890000e-03
2.627297490000e-02 2.141259910000e+00 4.416941670000e-03
2.627297490000e-02 2.141687870000e+00 4.465438430000e-03
2.643518890000e-02 2.142115830000e+00 4.518597850000e-03
2.635408190000e-02 2.142115830000e+00 4.518597850000e-03
2.651629600000e-02 2.142543790000e+00 4.569893240000e-03
2.651629600000e-02 2.142971750000e+00 4.621187690000e-03
2.651629600000e-02 2.142971750000e+00 4.620254970000e-03
2.667851000000e-02 2.143613820000e+00 4.668751730000e-03
2.659740300000e-02 2.143399720000e+00 4.663155880000e-03
2.667851000000e-02 2.144041780000e+00 4.720046650000e-03
2.675961700000e-02 2.144469740000e+00 4.773206540000e-03
2.684072410000e-02 2.144469740000e+00 4.771341100000e-03
2.692183110000e-02 2.144897700000e+00 4.823568280000e-03
2.684072410000e-02 2.144897700000e+00 4.821702370000e-03
2.692183110000e-02 2.145325660000e+00 4.871132320000e-03
2.708404510000e-02 2.145753620000e+00 4.928022620000e-03
2.700293810000e-02 2.145753620000e+00 4.928955810000e-03
2.716515210000e-02 2.146181580000e+00 4.981182980000e-03
2.716515210000e-02 2.146823640000e+00 5.031544720000e-03
2.716515210000e-02 2.146609540000e+00 5.030611530000e-03
2.724624430000e-02 2.147251610000e+00 5.081907380000e-03
2.724624430000e-02 2.147037740000e+00 5.076311530000e-03
2.732735130000e-02 2.147679570000e+00 5.130403210000e-03
2.748956530000e-02 2.148107530000e+00 5.187294910000e-03
2.748956530000e-02 2.148107530000e+00 5.184496290000e-03
2.748956530000e-02 2.148535490000e+00 5.232060330000e-03
2.757067230000e-02 2.148963450000e+00 5.288017910000e-03
2.757067230000e-02 2.148963450000e+00 5.283354780000e-03
2.773288640000e-02 2.149391650000e+00 5.340245090000e-03
2.765177940000e-02 2.149391650000e+00 5.336515140000e-03
2.773288640000e-02 2.149819610000e+00 5.390608220000e-03
2.781399340000e-02 2.150461440000e+00 5.443767180000e-03
2.781399340000e-02 2.150247570000e+00 5.439104050000e-03
2.797620740000e-02 2.151103500000e+00 5.486668090000e-03
2.789510040000e-02 2.150889400000e+00 5.483870860000e-03
2.805731450000e-02 2.151317360000e+00 5.539828450000e-03
2.813842150000e-02 2.151745560000e+00 5.593921520000e-03
2.805731450000e-02 2.151745560000e+00 5.592988340000e-03
2.813842150000e-02 2.152387380000e+00 5.647081420000e-03
2.821952850000e-02 2.152815340000e+00 5.695577250000e-03
2.830063550000e-02 2.152601480000e+00 5.690914580000e-03
2.830063550000e-02 2.153243300000e+00 5.750603040000e-03
2.838174250000e-02 2.153243300000e+00 5.745940380000e-03
2.846284960000e-02 2.153671260000e+00 5.796301640000e-03
2.854395660000e-02 2.154099460000e+00 5.850394720000e-03
2.846284960000e-02 2.154313330000e+00 5.851327440000e-03
2.862506360000e-02 2.154527430000e+00 5.896093320000e-03
2.854395660000e-02 2.154527430000e+00 5.893296100000e-03
2.862506360000e-02 2.155169250000e+00 5.950186400000e-03
2.870617060000e-02 2.155597210000e+00 6.001480860000e-03
2.870617060000e-02 2.155383350000e+00 6.001480860000e-03
2.878727760000e-02 2.155811310000e+00 6.053708030000e-03
2.894949170000e-02 2.156453370000e+00 6.102205250000e-03
2.894949170000e-02 2.156453370000e+00 6.101272530000e-03
2.894949170000e-02 2.156881330000e+00 6.157229650000e-03
2.894949170000e-02 2.156881330000e+00 6.152566990000e-03
2.903058380000e-02 2.157309290000e+00 6.202928260000e-03
2.911169080000e-02 2.157737260000e+00 6.254223180000e-03
2.911169080000e-02 2.157737260000e+00 6.253291390000e-03
2.911169080000e-02 2.157951120000e+00 6.300855430000e-03
2.927390490000e-02 2.158593180000e+00 6.355880290000e-03
2.927390490000e-02 2.158593180000e+00 6.353082600000e-03
2.927390490000e-02 2.159021140000e+00 6.408107470000e-03
2.935501190000e-02 2.159021140000e+00 6.405310240000e-03
2.943611890000e-02 2.159663200000e+00 6.461267360000e-03
2.951722590000e-02 2.160091160000e+00 6.514427720000e-03
2.951722590000e-02 2.160305020000e+00 6.509764590000e-03
2.959833290000e-02 2.160732980000e+00 6.562923550000e-03
2.959833290000e-02 2.160519120000e+00 6.561991760000e-03
2.976054700000e-02 2.161161180000e+00 6.610488050000e-03
2.984165400000e-02 2.161375050000e+00 6.664580670000e-03
2.976054700000e-02 2.161375050000e+00 6.664580670000e-03
2.992276100000e-02 2.161803010000e+00 6.713077890000e-03
2.992276100000e-02 2.162445070000e+00 6.771834100000e-03
2.992276100000e-02 2.162445070000e+00 6.768102760000e-03
3.000386800000e-02 2.162873030000e+00 6.821262650000e-03
3.000386800000e-02 2.163086890000e+00 6.820329930000e-03
3.016608210000e-02 2.163515090000e+00 6.869759880000e-03
3.024718910000e-02 2.163728950000e+00 6.924784740000e-03
3.024718910000e-02 2.164156910000e+00 6.916391200000e-03
3.032829610000e-02 2.164156910000e+00 6.973281500000e-03
3.024718910000e-02 2.164156910000e+00 6.968618370000e-03
3.032829610000e-02 2.164798970000e+00 7.023643240000e-03
3.040940310000e-02 2.165226940000e+00 7.078669030000e-03
3.040940310000e-02 2.165226940000e+00 7.074938620000e-03
3.049051020000e-02 2.165226940000e+00 7.120637220000e-03
3.065272420000e-02 2.166296960000e+00 7.177527990000e-03
3.057161720000e-02 2.166082860000e+00 7.174729370000e-03
3.073383120000e-02 2.166724920000e+00 7.230687890000e-03
3.065272420000e-02 2.166296960000e+00 7.225092030000e-03
3.081492330000e-02 2.166938780000e+00 7.283847780000e-03
3.081492330000e-02 2.167580840000e+00 7.332344070000e-03
3.081492330000e-02 2.167366740000e+00 7.326748220000e-03
3.089603040000e-02 2.168008800000e+00 7.383639460000e-03
3.097713740000e-02 2.168008800000e+00 7.382706740000e-03
3.105824440000e-02 2.168222900000e+00 7.437731610000e-03
3.105824440000e-02 2.168864730000e+00 7.490891500000e-03
3.113935140000e-02 2.168864730000e+00 7.484362930000e-03
3.113935140000e-02 2.169078830000e+00 7.535657380000e-03
3.122045840000e-02 2.169720650000e+00 7.590683180000e-03
3.130156550000e-02 2.169506790000e+00 7.587884550000e-03
3.138267250000e-02 2.170148610000e+00 7.642910350000e-03
3.130156550000e-02 2.170148610000e+00 7.641044910000e-03
3.138267250000e-02 2.170790670000e+00 7.695137520000e-03
3.154488650000e-02 2.171218630000e+00 7.744566540000e-03
3.146377950000e-02 2.171218630000e+00 7.744566540000e-03
3.154488650000e-02 2.171646600000e+00 7.793996480000e-03
3.170710060000e-02 2.172074560000e+00 7.846224120000e-03
3.162599350000e-02 2.172074560000e+00 7.845290940000e-03
3.178820760000e-02 2.172502520000e+00 7.899384010000e-03
3.170710060000e-02 2.172288660000e+00 7.896585390000e-03
3.178820760000e-02 2.172930720000e+00 7.939486760000e-03
3.186931460000e-02 2.173572540000e+00 7.997309790000e-03
3.195042160000e-02 2.173358680000e+00 7.994512100000e-03
3.195042160000e-02 2.174000500000e+00 8.048604240000e-03
3.203152870000e-02 2.173786640000e+00 8.046739730000e-03
3.211263570000e-02 2.174428460000e+00 8.098967370000e-03
3.211263570000e-02 2.174856420000e+00 8.151194080000e-03
3.211263570000e-02 2.174856420000e+00 8.149328640000e-03
3.227484970000e-02 2.175284620000e+00 8.201556280000e-03
3.235595670000e-02 2.175712590000e+00 8.256581610000e-03
3.235595670000e-02 2.175712590000e+00 8.252850730000e-03
3.235595670000e-02 2.176140550000e+00 8.307876070000e-03
3.235595670000e-02 2.176140550000e+00 8.304145190000e-03
3.243706380000e-02 2.176354410000e+00 8.350777440000e-03
3.251817080000e-02 2.176782370000e+00 8.410464970000e-03
3.251817080000e-02 2.176782370000e+00 8.404869590000e-03
3.268036990000e-02 2.177638530000e+00 8.456164040000e-03
3.268036990000e-02 2.177638530000e+00 8.455231790000e-03
3.276147690000e-02 2.177852390000e+00 8.507459420000e-03
3.284258400000e-02 2.178280350000e+00 8.558753880000e-03
3.276147690000e-02 2.178494450000e+00 8.555023930000e-03
3.276147690000e-02 2.178708310000e+00 8.609115150000e-03
3.292369100000e-02 2.179136280000e+00 8.665072730000e-03
3.300479800000e-02 2.179564480000e+00 8.657612840000e-03
3.308590500000e-02 2.179992440000e+00 8.714502680000e-03
3.300479800000e-02 2.179778340000e+00 8.706109600000e-03
3.316701200000e-02 2.180206300000e+00 8.755538610000e-03
3.316701200000e-02 2.180848360000e+00 8.813361640000e-03
3.316701200000e-02 2.180634260000e+00 8.806833070000e-03
3.332922610000e-02 2.181062220000e+00 8.860926140000e-03
3.341033310000e-02 2.181704280000e+00 8.915950540000e-03
3.332922610000e-02 2.181704280000e+00 8.914086040000e-03
3.349144010000e-02 2.182132240000e+00 8.964447300000e-03
3.341033310000e-02 2.181918380000e+00 8.960717360000e-03
3.349144010000e-02 2.182346340000e+00 9.015741760000e-03
3.365365420000e-02 2.182988170000e+00 9.064239450000e-03
3.357254710000e-02 2.182988170000e+00 9.062373080000e-03
3.365365420000e-02 2.183202270000e+00 9.115533900000e-03
3.373476120000e-02 2.183416130000e+00 9.110870770000e-03
3.373476120000e-02 2.183630230000e+00 9.161232970000e-03
3.389697520000e-02 2.184272290000e+00 9.213461540000e-03
3.381586820000e-02 2.184272290000e+00 9.211595170000e-03
3.389697520000e-02 2.184700250000e+00 9.265688250000e-03
3.405918930000e-02 2.185128210000e+00 9.316050450000e-03
3.397808220000e-02 2.185342070000e+00 9.316982700000e-03
3.405918930000e-02 2.185556170000e+00 9.364546280000e-03
3.414029630000e-02 2.185556170000e+00 9.362679910000e-03
3.414029630000e-02 2.186198000000e+00 9.415840730000e-03
3.430251030000e-02 2.186412100000e+00 9.464338420000e-03
3.430251030000e-02 2.186626200000e+00 9.460607540000e-03
3.430251030000e-02 2.186840060000e+00 9.511902000000e-03
3.430251030000e-02 2.187054160000e+00 9.510036560000e-03
3.438360240000e-02 2.187268020000e+00 9.561331010000e-03
3.454581650000e-02 2.187910080000e+00 9.613557720000e-03
3.446470950000e-02 2.187910080000e+00 9.610761890000e-03
3.454581650000e-02 2.188338040000e+00 9.665785360000e-03
3.462692350000e-02 2.188980100000e+00 9.722677060000e-03
3.462692350000e-02 2.188766000000e+00 9.718945250000e-03
3.470803050000e-02 2.189408060000e+00 9.772105140000e-03
3.470803050000e-02 2.189408060000e+00 9.769307450000e-03
3.478913750000e-02 2.189836030000e+00 9.823399600000e-03
3.487024460000e-02 2.190263990000e+00 9.877492670000e-03
3.495135160000e-02 2.190263990000e+00 9.875627230000e-03
3.503245860000e-02 2.190477850000e+00 9.925988500000e-03
3.503245860000e-02 2.191334010000e+00 9.979149330000e-03
3.503245860000e-02 2.191119910000e+00 9.976352560000e-03
3.519467260000e-02 2.191761970000e+00 1.003230920000e-02
3.519467260000e-02 2.191547870000e+00 1.002858020000e-02
3.519467260000e-02 2.192189930000e+00 1.008546910000e-02
3.527577970000e-02 2.192617890000e+00 1.013489810000e-02
3.535688670000e-02 2.192403790000e+00 1.013210140000e-02
3.535688670000e-02 2.192831750000e+00 1.018246360000e-02
3.535688670000e-02 2.192831750000e+00 1.017873180000e-02
3.543799370000e-02 2.193473820000e+00 1.023189260000e-02
3.551910070000e-02 2.193901780000e+00 1.028411930000e-02
3.551910070000e-02 2.193901780000e+00 1.028318700000e-02
3.560020770000e-02 2.194115880000e+00 1.033448150000e-02
3.568131480000e-02 2.194543840000e+00 1.038204690000e-02
3.568131480000e-02 2.194543840000e+00 1.037831510000e-02
3.576242180000e-02 2.195185660000e+00 1.043613910000e-02
3.576242180000e-02 2.195185660000e+00 1.043147500000e-02
3.584352880000e-02 2.195613620000e+00 1.048743350000e-02
3.600574280000e-02 2.196255680000e+00 1.053686250000e-02
3.600574280000e-02 2.196041820000e+00 1.053966120000e-02
3.608684990000e-02 2.196469780000e+00 1.058535840000e-02
3.608684990000e-02 2.196683650000e+00 1.058256250000e-02
3.608684990000e-02 2.196897750000e+00 1.063945140000e-02
3.616794200000e-02 2.197539570000e+00 1.068981360000e-02
3.624904900000e-02 2.197325710000e+00 1.068608460000e-02
3.624904900000e-02 2.197967530000e+00 1.074017680000e-02
3.633015600000e-02 2.198395730000e+00 1.078867350000e-02
3.633015600000e-02 2.198395730000e+00 1.078027950000e-02
3.641126300000e-02 2.198609590000e+00 1.082597770000e-02
3.641126300000e-02 2.198609590000e+00 1.082224860000e-02
3.649237010000e-02 2.199251650000e+00 1.087167670000e-02
3.665458410000e-02 2.199679610000e+00 1.092670300000e-02
3.657347710000e-02 2.199679610000e+00 1.092390440000e-02
3.673569110000e-02 2.200107570000e+00 1.097146790000e-02
3.673569110000e-02 2.200749640000e+00 1.102649330000e-02
3.673569110000e-02 2.200535540000e+00 1.102462780000e-02
3.681679820000e-02 2.200963500000e+00 1.107499190000e-02
3.681679820000e-02 2.200963500000e+00 1.107126010000e-02
3.689790520000e-02 2.201391460000e+00 1.112442000000e-02
3.697901220000e-02 2.202033520000e+00 1.117011810000e-02
3.706011920000e-02 2.201605560000e+00 1.116732140000e-02
3.706011920000e-02 2.202247380000e+00 1.122141440000e-02
3.706011920000e-02 2.202461480000e+00 1.121581720000e-02
3.714122620000e-02 2.202675340000e+00 1.126897800000e-02
3.722233330000e-02 2.203317400000e+00 1.132493650000e-02
3.730344030000e-02 2.203103540000e+00 1.131933930000e-02
3.730344030000e-02 2.203531500000e+00 1.137343240000e-02
3.738454730000e-02 2.203959470000e+00 1.142566000000e-02
3.738454730000e-02 2.203959470000e+00 1.142472680000e-02
3.746565430000e-02 2.204387430000e+00 1.147881990000e-02
3.746565430000e-02 2.204387430000e+00 1.147415770000e-02
3.754676130000e-02 2.205029250000e+00 1.152451990000e-02
3.762786840000e-02 2.205457450000e+00 1.157394800000e-02
3.770897540000e-02 2.205243350000e+00 1.157114930000e-02
3.779008240000e-02 2.206099270000e+00 1.162617560000e-02
3.770897540000e-02 2.205885410000e+00 1.161871480000e-02
3.787118940000e-02 2.206099270000e+00 1.167467140000e-02
3.795228150000e-02 2.206741330000e+00 1.172689910000e-02
3.787118940000e-02 2.206527230000e+00 1.172410230000e-02
3.795228150000e-02 2.206955190000e+00 1.177446450000e-02
3.803338860000e-02 2.207383160000e+00 1.182669120000e-02
3.803338860000e-02 2.207383160000e+00 1.181083550000e-02
3.819560260000e-02 2.208025220000e+00 1.185933410000e-02
3.811449560000e-02 2.208025220000e+00 1.185653540000e-02
3.819560260000e-02 2.208239320000e+00 1.191156080000e-02
3.827670960000e-02 2.208881140000e+00 1.195819120000e-02
3.827670960000e-02 2.208881140000e+00 1.195632760000e-02
3.835781660000e-02 2.209309100000e+00 1.201228420000e-02
3.843892370000e-02 2.209737300000e+00 1.206637730000e-02
3.843892370000e-02 2.209737300000e+00 1.206451190000e-02
3.852003070000e-02 2.210379120000e+00 1.211673860000e-02
3.852003070000e-02 2.210379120000e+00 1.211021100000e-02
3.860113770000e-02 2.210593220000e+00 1.215964000000e-02
3.868224470000e-02 2.211021180000e+00 1.221466620000e-02
3.868224470000e-02 2.211235050000e+00 1.221373300000e-02
3.876335170000e-02 2.211663010000e+00 1.226316210000e-02
3.876335170000e-02 2.211449150000e+00 1.226129660000e-02
3.884445880000e-02 2.212091210000e+00 1.230792890000e-02
3.892556580000e-02 2.212305070000e+00 1.236015650000e-02
3.900667280000e-02 2.212519170000e+00 1.235549250000e-02
3.900667280000e-02 2.212947130000e+00 1.240865230000e-02
3.908777980000e-02 2.213375090000e+00 1.246181220000e-02
3.916888680000e-02 2.213375090000e+00 1.245901360000e-02
3.916888680000e-02 2.213588950000e+00 1.251124120000e-02
3.916888680000e-02 2.213803050000e+00 1.250844450000e-02
3.924999390000e-02 2.214016910000e+00 1.255880670000e-02
3.933110090000e-02 2.214658980000e+00 1.261103340000e-02
