# current [A] 	 voltage [V] 	 power [W] 	 wavelenght:635.0 nm	 2017-01-09 15:35
7.562339310000e-05 1.754363060000e+00 2.957927240000e-08
7.562339310000e-05 1.782181980000e+00 3.087744460000e-08
2.378374340000e-04 1.804223060000e+00 6.166235520000e-08
3.189444540000e-04 1.818774460000e+00 9.847445880000e-08
3.189444540000e-04 1.818774460000e+00 9.810351290000e-08
3.189444540000e-04 1.829473970000e+00 1.393664920000e-07
4.000514750000e-04 1.837605710000e+00 1.818348350000e-07
4.000514750000e-04 1.838033680000e+00 1.813712200000e-07
4.811584950000e-04 1.845095400000e+00 2.304231120000e-07
4.811584950000e-04 1.845309500000e+00 2.301449060000e-07
5.622655150000e-04 1.851301190000e+00 2.787331820000e-07
6.433725360000e-04 1.856864930000e+00 3.335340470000e-07
7.244795560000e-04 1.856864930000e+00 3.328849520000e-07
7.244795560000e-04 1.860930680000e+00 3.822149780000e-07
7.244795560000e-04 1.861144780000e+00 3.819368430000e-07
8.055865760000e-04 1.866066690000e+00 4.433211980000e-07
8.866861460000e-04 1.870132450000e+00 5.030365740000e-07
8.055865760000e-04 1.870346550000e+00 5.039638040000e-07
9.677931670000e-04 1.873984340000e+00 5.658118880000e-07
1.048900190000e-03 1.877408270000e+00 6.280307620000e-07
1.048900190000e-03 1.877408270000e+00 6.285872020000e-07
1.130007210000e-03 1.880831960000e+00 6.956278750000e-07
1.130007210000e-03 1.880831960000e+00 6.964622800000e-07
1.211114230000e-03 1.883827920000e+00 7.626685490000e-07
1.292221250000e-03 1.887037750000e+00 8.315636250000e-07
1.373328270000e-03 1.886823890000e+00 8.323053750000e-07
1.373328270000e-03 1.889391660000e+00 8.974915890000e-07
1.535542310000e-03 1.892173530000e+00 9.708376180000e-07
1.454435290000e-03 1.892173530000e+00 9.725066550000e-07
1.535542310000e-03 1.894955400000e+00 1.042885510000e-06
1.535542310000e-03 1.894955400000e+00 1.043441780000e-06
1.535542310000e-03 1.897095440000e+00 1.116509570000e-06
1.778855920000e-03 1.899449350000e+00 1.188001190000e-06
1.778855920000e-03 1.899235250000e+00 1.189299270000e-06
1.778855920000e-03 1.901803260000e+00 1.265241740000e-06
1.778855920000e-03 1.901803260000e+00 1.265798010000e-06
1.859962940000e-03 1.903729200000e+00 1.340071320000e-06
2.022176980000e-03 1.905655150000e+00 1.416384410000e-06
1.941069960000e-03 1.906083110000e+00 1.418702600000e-06
2.022176980000e-03 1.907794950000e+00 1.489266990000e-06
2.184391020000e-03 1.909935000000e+00 1.573090910000e-06
2.103284000000e-03 1.909935000000e+00 1.574203570000e-06
2.184391020000e-03 1.911646840000e+00 1.651907610000e-06
2.184391020000e-03 1.911860700000e+00 1.653205800000e-06
2.265498040000e-03 1.913572790000e+00 1.733042720000e-06
2.346605060000e-03 1.915498730000e+00 1.810468580000e-06
2.346605060000e-03 1.915284630000e+00 1.812693990000e-06
2.427712080000e-03 1.916996720000e+00 1.896518030000e-06
2.427712080000e-03 1.917210580000e+00 1.898001530000e-06
2.508819100000e-03 1.918708560000e+00 1.976725570000e-06
2.589926120000e-03 1.920420410000e+00 2.060271530000e-06
2.589926120000e-03 1.920420410000e+00 2.062496830000e-06
2.589926120000e-03 1.921918390000e+00 2.140015570000e-06
2.833239730000e-03 1.923416380000e+00 2.227641290000e-06
2.752132710000e-03 1.923630240000e+00 2.229588520000e-06
2.833239730000e-03 1.925128220000e+00 2.314618310000e-06
2.833239730000e-03 1.925128220000e+00 2.314525320000e-06
2.914346750000e-03 1.926626210000e+00 2.399925730000e-06
2.995453770000e-03 1.928124190000e+00 2.482822540000e-06
2.995453770000e-03 1.928124190000e+00 2.484120610000e-06
3.076560800000e-03 1.929408070000e+00 2.571839100000e-06
3.157667820000e-03 1.930906060000e+00 2.658444830000e-06
3.157667820000e-03 1.930478100000e+00 2.660113980000e-06
3.238774840000e-03 1.932189940000e+00 2.747461620000e-06
3.319881860000e-03 1.932404040000e+00 2.749037780000e-06
3.319881860000e-03 1.933687930000e+00 2.831656500000e-06
3.400988880000e-03 1.934971810000e+00 2.927534750000e-06
3.400988880000e-03 1.935400010000e+00 2.928832830000e-06
3.482095900000e-03 1.936683890000e+00 3.019054930000e-06
3.482095900000e-03 1.936469790000e+00 3.020446000000e-06
3.563195470000e-03 1.937753920000e+00 3.113635330000e-06
3.725409510000e-03 1.939251660000e+00 3.202466360000e-06
3.644302490000e-03 1.939251660000e+00 3.204599350000e-06
3.644302490000e-03 1.940749650000e+00 3.298437380000e-06
3.806516530000e-03 1.941819670000e+00 3.391255860000e-06
3.887623550000e-03 1.941819670000e+00 3.393852240000e-06
3.887623550000e-03 1.942889690000e+00 3.486392420000e-06
3.887623550000e-03 1.942889690000e+00 3.487412410000e-06
3.887623550000e-03 1.943959470000e+00 3.573925600000e-06
4.049837590000e-03 1.945457460000e+00 3.672400230000e-06
4.049837590000e-03 1.945243600000e+00 3.676758300000e-06
4.130944610000e-03 1.946527480000e+00 3.772451460000e-06
4.130944610000e-03 1.946527480000e+00 3.771987390000e-06
4.212051630000e-03 1.947811370000e+00 3.868422480000e-06
4.374265670000e-03 1.948881390000e+00 3.960869440000e-06
4.293158650000e-03 1.949095250000e+00 3.962353280000e-06
4.374265670000e-03 1.950165270000e+00 4.058417290000e-06
4.455365240000e-03 1.951449160000e+00 4.058417290000e-06
4.455365240000e-03 1.951449160000e+00 4.229340900000e-06
4.536472260000e-03 1.952519180000e+00 4.274125330000e-06
4.536472260000e-03 1.952519180000e+00 4.269460530000e-06
4.617579280000e-03 1.953375100000e+00 4.352497850000e-06
4.698686300000e-03 1.954445120000e+00 4.459794130000e-06
4.698686300000e-03 1.954445120000e+00 4.457928750000e-06
4.860900340000e-03 1.955729010000e+00 4.554962290000e-06
4.860900340000e-03 1.956799030000e+00 4.654793430000e-06
4.860900340000e-03 1.956799030000e+00 4.654793430000e-06
4.860900340000e-03 1.957869050000e+00 4.751826960000e-06
4.942007360000e-03 1.957654950000e+00 4.750893820000e-06
5.023114380000e-03 1.958724980000e+00 4.852591700000e-06
5.104221400000e-03 1.960008860000e+00 4.949625240000e-06
5.023114380000e-03 1.960008860000e+00 4.952424210000e-06
5.185328420000e-03 1.960864780000e+00 5.053188940000e-06
5.185328420000e-03 1.960864780000e+00 5.056921510000e-06
5.266435440000e-03 1.961720940000e+00 5.148357100000e-06
5.266435440000e-03 1.963004830000e+00 5.255652920000e-06
5.347535010000e-03 1.963004830000e+00 5.255652920000e-06
5.428642030000e-03 1.964074850000e+00 5.358284850000e-06
5.509749050000e-03 1.964930770000e+00 5.466512900000e-06
5.509749050000e-03 1.964930770000e+00 5.463713930000e-06
5.590856080000e-03 1.966000800000e+00 5.563546440000e-06
5.590856080000e-03 1.966000800000e+00 5.563546440000e-06
5.671963100000e-03 1.966856720000e+00 5.671776310000e-06
5.671963100000e-03 1.967926500000e+00 5.777205840000e-06
5.834177140000e-03 1.968140600000e+00 5.772541040000e-06
5.834177140000e-03 1.968782660000e+00 5.879837320000e-06
5.834177140000e-03 1.968782660000e+00 5.877971490000e-06
5.834177140000e-03 1.969638590000e+00 5.969405720000e-06
5.915284160000e-03 1.970708610000e+00 6.082301300000e-06
5.996391180000e-03 1.970922470000e+00 6.083233530000e-06
6.077498200000e-03 1.971778390000e+00 6.190529800000e-06
6.158605220000e-03 1.972420450000e+00 6.298759220000e-06
6.158605220000e-03 1.972634550000e+00 6.302491780000e-06
6.239704790000e-03 1.973490480000e+00 6.400457550000e-06
6.320811810000e-03 1.973704340000e+00 6.404189660000e-06
6.320811810000e-03 1.974346400000e+00 6.513351760000e-06
6.401918830000e-03 1.975630280000e+00 6.619715350000e-06
6.401918830000e-03 1.975416420000e+00 6.619715350000e-06
6.483025850000e-03 1.976272340000e+00 6.730743280000e-06
6.564132870000e-03 1.977128270000e+00 6.829642190000e-06
6.483025850000e-03 1.977128270000e+00 6.833374750000e-06
6.645239890000e-03 1.978198290000e+00 6.948134340000e-06
6.645239890000e-03 1.978198290000e+00 6.945335370000e-06
6.645239890000e-03 1.979054210000e+00 7.057297350000e-06
6.807453930000e-03 1.979910140000e+00 7.168326190000e-06
6.807453930000e-03 1.979910140000e+00 7.164593630000e-06
6.888560950000e-03 1.980766060000e+00 7.271889900000e-06
6.888560950000e-03 1.980766060000e+00 7.271889900000e-06
6.888560950000e-03 1.981621980000e+00 7.388516680000e-06
6.969667970000e-03 1.982478140000e+00 7.499544150000e-06
7.050774990000e-03 1.982478140000e+00 7.494879360000e-06
7.050774990000e-03 1.983334060000e+00 7.606840430000e-06
7.212981580000e-03 1.984189990000e+00 7.712270420000e-06
7.212981580000e-03 1.983975890000e+00 7.711338180000e-06
7.294088600000e-03 1.985045910000e+00 7.829830790000e-06
7.294088600000e-03 1.985045910000e+00 7.827963600000e-06
7.375195620000e-03 1.985901830000e+00 7.945523980000e-06
7.456302640000e-03 1.986757990000e+00 8.060284020000e-06
7.456302640000e-03 1.986757990000e+00 8.059350880000e-06
7.456302640000e-03 1.987613920000e+00 8.167579840000e-06
7.537409660000e-03 1.987613920000e+00 8.167579840000e-06
7.537409660000e-03 1.988255740000e+00 8.285140210000e-06
7.618516680000e-03 1.989325760000e+00 8.400833390000e-06
7.699623700000e-03 1.989325760000e+00 8.400833390000e-06
7.780730720000e-03 1.990181680000e+00 8.515593440000e-06
7.861837740000e-03 1.990823750000e+00 8.624756450000e-06
7.780730720000e-03 1.990823750000e+00 8.623823310000e-06
7.942944770000e-03 1.991679670000e+00 8.741381860000e-06
7.861837740000e-03 1.991679670000e+00 8.742315000000e-06
7.942944770000e-03 1.992321730000e+00 8.857075040000e-06
8.105151360000e-03 1.993391510000e+00 8.981165590000e-06
8.105151360000e-03 1.993391510000e+00 8.975567650000e-06
8.186258380000e-03 1.994033580000e+00 9.084729750000e-06
8.267365400000e-03 1.995103600000e+00 9.206954020000e-06
8.186258380000e-03 1.994889500000e+00 9.207887160000e-06
8.267365400000e-03 1.995531560000e+00 9.322649020000e-06
8.348472420000e-03 1.995531560000e+00 9.323581250000e-06
8.429579440000e-03 1.996387480000e+00 9.436476830000e-06
8.429579440000e-03 1.997029540000e+00 9.549369680000e-06
8.429579440000e-03 1.997029540000e+00 9.544703970000e-06
8.510686460000e-03 1.997885470000e+00 9.674393370000e-06
8.591793480000e-03 1.997885470000e+00 9.674393370000e-06
8.672900500000e-03 1.998741390000e+00 9.798484830000e-06
8.754007520000e-03 1.999597310000e+00 9.924440750000e-06
8.672900500000e-03 1.999383450000e+00 9.919775040000e-06
8.835114540000e-03 2.000239370000e+00 1.004106710000e-05
8.916214110000e-03 2.001095290000e+00 1.016795520000e-05
8.916214110000e-03 2.000881430000e+00 1.016702300000e-05
8.997321130000e-03 2.001951220000e+00 1.028831320000e-05
8.997321130000e-03 2.001737360000e+00 1.028738100000e-05
9.078428150000e-03 2.002593280000e+00 1.040680670000e-05
9.159535170000e-03 2.003449200000e+00 1.052156680000e-05
9.159535170000e-03 2.003235340000e+00 1.052623250000e-05
9.240642190000e-03 2.004305120000e+00 1.065592010000e-05
9.240642190000e-03 2.004305120000e+00 1.065685410000e-05
9.321749210000e-03 2.004947190000e+00 1.077814430000e-05
9.402856230000e-03 2.005589250000e+00 1.090316800000e-05
9.402856230000e-03 2.005375150000e+00 1.090876590000e-05
9.402856230000e-03 2.006231070000e+00 1.102446090000e-05
9.483963250000e-03 2.007086990000e+00 1.115415030000e-05
9.483963250000e-03 2.006873130000e+00 1.115508260000e-05
9.646177290000e-03 2.007729050000e+00 1.127450830000e-05
9.646177290000e-03 2.007729050000e+00 1.127450830000e-05
9.727284310000e-03 2.008584980000e+00 1.140233050000e-05
9.808383880000e-03 2.009227040000e+00 1.151989000000e-05
9.808383880000e-03 2.009012940000e+00 1.151989000000e-05
9.889490900000e-03 2.010082960000e+00 1.165610960000e-05
9.808383880000e-03 2.009869100000e+00 1.165144390000e-05
9.970597920000e-03 2.010725020000e+00 1.178113330000e-05
1.005170490000e-02 2.011366840000e+00 1.191175490000e-05
9.970597920000e-03 2.011366840000e+00 1.191175490000e-05
1.005170490000e-02 2.012223010000e+00 1.203677860000e-05
1.021391900000e-02 2.012864830000e+00 1.217393040000e-05
1.021391900000e-02 2.012864830000e+00 1.216833240000e-05
1.029502600000e-02 2.013720750000e+00 1.229708780000e-05
1.029502600000e-02 2.013720750000e+00 1.229148980000e-05
1.037613300000e-02 2.014148710000e+00 1.242491000000e-05
1.045724000000e-02 2.015004870000e+00 1.254713520000e-05
1.045724000000e-02 2.015004870000e+00 1.254993370000e-05
1.053834710000e-02 2.015646700000e+00 1.268148840000e-05
1.061945410000e-02 2.016288760000e+00 1.281397640000e-05
1.061945410000e-02 2.016288760000e+00 1.281770800000e-05
1.061945410000e-02 2.017144680000e+00 1.294739740000e-05
1.070055370000e-02 2.016930820000e+00 1.295112910000e-05
1.078166070000e-02 2.017358780000e+00 1.307615280000e-05
1.086276770000e-02 2.018428560000e+00 1.321050510000e-05
1.086276770000e-02 2.018428560000e+00 1.321143740000e-05
1.094387470000e-02 2.019284730000e+00 1.334112680000e-05
1.094387470000e-02 2.019070630000e+00 1.334205990000e-05
1.102498170000e-02 2.019926550000e+00 1.347268150000e-05
1.102498170000e-02 2.020568610000e+00 1.359210730000e-05
1.102498170000e-02 2.020354510000e+00 1.359397360000e-05
1.118719580000e-02 2.021210430000e+00 1.373485700000e-05
1.126830280000e-02 2.021852490000e+00 1.387294380000e-05
1.126830280000e-02 2.021852490000e+00 1.387294380000e-05
1.126830280000e-02 2.022708420000e+00 1.401382910000e-05
1.134940980000e-02 2.022494550000e+00 1.401009560000e-05
1.143051680000e-02 2.023350480000e+00 1.413885090000e-05
1.143051680000e-02 2.024206400000e+00 1.428533410000e-05
1.151162390000e-02 2.023778440000e+00 1.428066840000e-05
1.159272340000e-02 2.024634360000e+00 1.441782300000e-05
1.151162390000e-02 2.024634360000e+00 1.441782300000e-05
1.159272340000e-02 2.025276420000e+00 1.455870640000e-05
1.175493750000e-02 2.025918250000e+00 1.468839580000e-05
1.175493750000e-02 2.025918250000e+00 1.468932810000e-05
1.183604450000e-02 2.026560310000e+00 1.483674350000e-05
1.199825850000e-02 2.026988270000e+00 1.497669470000e-05
1.191715150000e-02 2.027202370000e+00 1.497576250000e-05
1.199825850000e-02 2.028058290000e+00 1.511664780000e-05
1.199825850000e-02 2.027844190000e+00 1.511571370000e-05
1.207936560000e-02 2.028700350000e+00 1.525100110000e-05
1.216047260000e-02 2.029128310000e+00 1.539841650000e-05
1.216047260000e-02 2.029128310000e+00 1.539841650000e-05
1.224157960000e-02 2.029770140000e+00 1.554209850000e-05
1.232268660000e-02 2.030412200000e+00 1.568205330000e-05
1.232268660000e-02 2.030412200000e+00 1.568298470000e-05
1.232268660000e-02 2.031054260000e+00 1.581267500000e-05
1.232268660000e-02 2.031054260000e+00 1.581453940000e-05
1.248489320000e-02 2.031696080000e+00 1.596382210000e-05
1.248489320000e-02 2.032552000000e+00 1.611590050000e-05
1.256600020000e-02 2.032552000000e+00 1.611496920000e-05
1.264710720000e-02 2.033194070000e+00 1.626425180000e-05
1.264710720000e-02 2.033194070000e+00 1.626518310000e-05
1.264710720000e-02 2.033622030000e+00 1.640513440000e-05
1.280932130000e-02 2.034264090000e+00 1.655535020000e-05
1.280932130000e-02 2.034264090000e+00 1.655814960000e-05
1.289042830000e-02 2.035120010000e+00 1.670369970000e-05
1.297153530000e-02 2.035547970000e+00 1.685391360000e-05
1.289042830000e-02 2.035762070000e+00 1.685111420000e-05
1.305264230000e-02 2.036403890000e+00 1.699013230000e-05
1.305264230000e-02 2.036403890000e+00 1.699293170000e-05
1.313374940000e-02 2.036831860000e+00 1.714781140000e-05
1.313374940000e-02 2.037473920000e+00 1.729709400000e-05
1.321485640000e-02 2.037688020000e+00 1.729802720000e-05
1.321485640000e-02 2.037901880000e+00 1.744730980000e-05
1.329596340000e-02 2.038115980000e+00 1.744730980000e-05
1.329596340000e-02 2.038543940000e+00 1.759192490000e-05
1.345817000000e-02 2.039613720000e+00 1.774307380000e-05
1.337706300000e-02 2.039185760000e+00 1.774773770000e-05
1.353927700000e-02 2.040041920000e+00 1.789608720000e-05
1.353927700000e-02 2.040683750000e+00 1.805096690000e-05
1.353927700000e-02 2.040469880000e+00 1.804630300000e-05
1.370149110000e-02 2.041111710000e+00 1.819745010000e-05
1.362038400000e-02 2.041111710000e+00 1.819185130000e-05
1.370149110000e-02 2.041753770000e+00 1.836165940000e-05
1.386370510000e-02 2.042395830000e+00 1.852213790000e-05
1.386370510000e-02 2.042395830000e+00 1.852120480000e-05
1.394481210000e-02 2.043037650000e+00 1.868728030000e-05
1.394481210000e-02 2.043465610000e+00 1.883749610000e-05
1.394481210000e-02 2.043679710000e+00 1.883936060000e-05
1.410702620000e-02 2.044107680000e+00 1.900823550000e-05
1.410702620000e-02 2.044321540000e+00 1.900543610000e-05
1.410702620000e-02 2.044963600000e+00 1.916218210000e-05
1.426923270000e-02 2.045605660000e+00 1.933199020000e-05
1.418813320000e-02 2.045391560000e+00 1.932639130000e-05
1.435033980000e-02 2.046247480000e+00 1.948033970000e-05
1.435033980000e-02 2.046033620000e+00 1.947940650000e-05
1.443144680000e-02 2.046675440000e+00 1.964921470000e-05
1.451255380000e-02 2.047531600000e+00 1.981249260000e-05
1.451255380000e-02 2.047317500000e+00 1.981435890000e-05
1.459366080000e-02 2.047959570000e+00 1.998323210000e-05
1.467476790000e-02 2.048387530000e+00 2.013717860000e-05
1.467476790000e-02 2.048601390000e+00 2.013624540000e-05
1.475587490000e-02 2.049029350000e+00 2.030978610000e-05
1.475587490000e-02 2.049243450000e+00 2.030605360000e-05
1.475587490000e-02 2.049671410000e+00 2.047399540000e-05
1.491808890000e-02 2.050313470000e+00 2.064566980000e-05
1.491808890000e-02 2.050313470000e+00 2.064473850000e-05
1.499919590000e-02 2.050741430000e+00 2.080335070000e-05
1.491808890000e-02 2.050955300000e+00 2.080428200000e-05
1.508030300000e-02 2.051383260000e+00 2.098435470000e-05
1.508030300000e-02 2.052025320000e+00 2.115322790000e-05
1.516140250000e-02 2.052025320000e+00 2.115602730000e-05
1.524250950000e-02 2.052881240000e+00 2.133050110000e-05
1.532361660000e-02 2.053095340000e+00 2.150404000000e-05
1.524250950000e-02 2.053095340000e+00 2.149657670000e-05
1.532361660000e-02 2.053951260000e+00 2.168691030000e-05
1.540472360000e-02 2.053951260000e+00 2.168038010000e-05
1.548583060000e-02 2.054379220000e+00 2.185391900000e-05
1.556693760000e-02 2.055021290000e+00 2.203399160000e-05
1.556693760000e-02 2.055021290000e+00 2.203025910000e-05
1.564804460000e-02 2.055663110000e+00 2.219913400000e-05
1.572915170000e-02 2.056091070000e+00 2.239226710000e-05
1.564804460000e-02 2.056091070000e+00 2.239133390000e-05
1.572915170000e-02 2.056733130000e+00 2.257233790000e-05
1.581025870000e-02 2.056733130000e+00 2.256300830000e-05
1.589136570000e-02 2.057375190000e+00 2.275521000000e-05
1.589136570000e-02 2.057803150000e+00 2.293061520000e-05
1.589136570000e-02 2.058017020000e+00 2.292594950000e-05
1.597247270000e-02 2.058444980000e+00 2.312281500000e-05
1.597247270000e-02 2.058444980000e+00 2.311628300000e-05
1.613467930000e-02 2.059087040000e+00 2.329635570000e-05
1.621578630000e-02 2.059515000000e+00 2.348202540000e-05
1.621578630000e-02 2.059515000000e+00 2.348668930000e-05
1.629689340000e-02 2.059942960000e+00 2.364996540000e-05
1.637800040000e-02 2.060370920000e+00 2.385709380000e-05
1.637800040000e-02 2.060585020000e+00 2.385522930000e-05
1.645910740000e-02 2.061227080000e+00 2.405395940000e-05
1.637800040000e-02 2.061012980000e+00 2.405115990000e-05
1.645910740000e-02 2.061868910000e+00 2.424989180000e-05
1.662132140000e-02 2.062296870000e+00 2.444582420000e-05
1.654021440000e-02 2.062296870000e+00 2.444115850000e-05
1.670242850000e-02 2.062724830000e+00 2.464362300000e-05
1.662132140000e-02 2.062938930000e+00 2.463802590000e-05
1.670242850000e-02 2.063580990000e+00 2.483582280000e-05
1.686464250000e-02 2.064222810000e+00 2.504575060000e-05
1.678353550000e-02 2.064222810000e+00 2.504108670000e-05
1.694574210000e-02 2.064436910000e+00 2.523515100000e-05
1.702684910000e-02 2.065292840000e+00 2.545161080000e-05
1.694574210000e-02 2.065078740000e+00 2.544881140000e-05
1.710795610000e-02 2.065720800000e+00 2.565780600000e-05
1.710795610000e-02 2.065934900000e+00 2.564754140000e-05
1.710795610000e-02 2.066362860000e+00 2.586306800000e-05
1.718906310000e-02 2.066790820000e+00 2.606833000000e-05
1.718906310000e-02 2.066790820000e+00 2.606273120000e-05
1.735127720000e-02 2.067432640000e+00 2.628199040000e-05
1.743238420000e-02 2.067860600000e+00 2.649844830000e-05
1.735127720000e-02 2.067860600000e+00 2.649005180000e-05
1.743238420000e-02 2.068502660000e+00 2.670744290000e-05
1.751349120000e-02 2.068502660000e+00 2.670371210000e-05
1.751349120000e-02 2.068930630000e+00 2.690431030000e-05
1.759459820000e-02 2.069572690000e+00 2.714035870000e-05
1.767570530000e-02 2.069572690000e+00 2.713849430000e-05
1.767570530000e-02 2.070000650000e+00 2.736708300000e-05
1.775681230000e-02 2.070214510000e+00 2.735681850000e-05
1.783791180000e-02 2.070856570000e+00 2.758634040000e-05
1.791901890000e-02 2.071284530000e+00 2.780373140000e-05
1.783791180000e-02 2.071070670000e+00 2.779626810000e-05
1.800012590000e-02 2.071712490000e+00 2.803605090000e-05
1.800012590000e-02 2.072354560000e+00 2.826743730000e-05
1.800012590000e-02 2.072354560000e+00 2.825624140000e-05
1.808123290000e-02 2.072996620000e+00 2.849229350000e-05
1.808123290000e-02 2.072782520000e+00 2.848669650000e-05
1.816233990000e-02 2.073424580000e+00 2.871154900000e-05
1.824344690000e-02 2.073852540000e+00 2.896533080000e-05
1.824344690000e-02 2.074066400000e+00 2.895786750000e-05
1.832455400000e-02 2.074280500000e+00 2.920698170000e-05
1.832455400000e-02 2.074494360000e+00 2.920044790000e-05
1.848676800000e-02 2.074922560000e+00 2.944769590000e-05
1.856787500000e-02 2.075564380000e+00 2.968095030000e-05
1.848676800000e-02 2.075564380000e+00 2.967255200000e-05
1.856787500000e-02 2.075992350000e+00 2.993379710000e-05
1.873008160000e-02 2.076634410000e+00 3.018384450000e-05
1.873008160000e-02 2.076634410000e+00 3.018197460000e-05
1.881118860000e-02 2.077062370000e+00 3.043575630000e-05
1.881118860000e-02 2.077062370000e+00 3.042456050000e-05
1.881118860000e-02 2.077490330000e+00 3.068113440000e-05
1.889229570000e-02 2.078346250000e+00 3.097223820000e-05
1.889229570000e-02 2.078132390000e+00 3.095824290000e-05
1.897340270000e-02 2.078560350000e+00 3.123348140000e-05
1.905450970000e-02 2.079202180000e+00 3.152457790000e-05
1.905450970000e-02 2.079202180000e+00 3.151431880000e-05
1.921672370000e-02 2.079844240000e+00 3.178115370000e-05
1.921672370000e-02 2.079630370000e+00 3.177369220000e-05
1.929783080000e-02 2.080272200000e+00 3.206665860000e-05
1.929783080000e-02 2.080700160000e+00 3.234842730000e-05
1.929783080000e-02 2.080914260000e+00 3.234376350000e-05
1.937893780000e-02 2.081342220000e+00 3.263393230000e-05
1.946004480000e-02 2.081342220000e+00 3.262926480000e-05
1.954115180000e-02 2.081984280000e+00 3.290823590000e-05
1.962225880000e-02 2.082412240000e+00 3.322732300000e-05
1.954115180000e-02 2.082412240000e+00 3.321053010000e-05
1.962225880000e-02 2.082840200000e+00 3.351469420000e-05
1.970336590000e-02 2.083482030000e+00 3.383098370000e-05
1.978447290000e-02 2.083696130000e+00 3.381418720000e-05
1.978447290000e-02 2.083909990000e+00 3.412208030000e-05
1.978447290000e-02 2.084124090000e+00 3.410528730000e-05
1.994668690000e-02 2.084552050000e+00 3.442437810000e-05
2.002779390000e-02 2.085194110000e+00 3.475559790000e-05
2.002779390000e-02 2.084766150000e+00 3.474253390000e-05
2.002779390000e-02 2.085622070000e+00 3.507002480000e-05
2.002779390000e-02 2.085407970000e+00 3.505695710000e-05
2.010888610000e-02 2.086050030000e+00 3.536298750000e-05
2.027110010000e-02 2.086692090000e+00 3.572499550000e-05
2.018999310000e-02 2.086692090000e+00 3.572033170000e-05
2.027110010000e-02 2.086905960000e+00 3.607394320000e-05
2.043331410000e-02 2.087548020000e+00 3.643128370000e-05
2.043331410000e-02 2.087548020000e+00 3.641168950000e-05
2.043331410000e-02 2.087975980000e+00 3.676343480000e-05
2.051442120000e-02 2.087975980000e+00 3.674477560000e-05
2.059552820000e-02 2.088617800000e+00 3.711891260000e-05
2.067663520000e-02 2.089046000000e+00 3.749398460000e-05
2.067663520000e-02 2.089046000000e+00 3.747811930000e-05
2.067663520000e-02 2.089687820000e+00 3.785879380000e-05
2.083884920000e-02 2.090115790000e+00 3.823106090000e-05
2.083884920000e-02 2.090115790000e+00 3.821053540000e-05
2.091995630000e-02 2.090757850000e+00 3.862945960000e-05
2.075774220000e-02 2.090543750000e+00 3.861266300000e-05
2.091995630000e-02 2.091185810000e+00 3.902971730000e-05
2.100106330000e-02 2.091613770000e+00 3.944304260000e-05
2.100106330000e-02 2.091613770000e+00 3.942811960000e-05
2.108217030000e-02 2.092041730000e+00 3.982651470000e-05
2.116327730000e-02 2.092255830000e+00 3.980505060000e-05
2.124438430000e-02 2.092683790000e+00 4.024543160000e-05
2.124438430000e-02 2.093325610000e+00 4.069794520000e-05
2.124438430000e-02 2.093111750000e+00 4.067928600000e-05
2.132549140000e-02 2.093539710000e+00 4.112806350000e-05
2.140659840000e-02 2.093967680000e+00 4.112806350000e-05
2.148770540000e-02 2.093967680000e+00 4.198777240000e-05
2.148770540000e-02 2.094609740000e+00 4.227695900000e-05
2.148770540000e-02 2.094609740000e+00 4.220233310000e-05
2.156881240000e-02 2.095037700000e+00 4.268741760000e-05
2.164991950000e-02 2.095679520000e+00 4.319115400000e-05
2.164991950000e-02 2.095679520000e+00 4.316316700000e-05
2.181213350000e-02 2.096107720000e+00 4.363892370000e-05
2.173102650000e-02 2.096321580000e+00 4.359228480000e-05
2.181213350000e-02 2.096535680000e+00 4.416132290000e-05
2.197433260000e-02 2.096963640000e+00 4.474902380000e-05
2.189322560000e-02 2.097177510000e+00 4.469305350000e-05
2.197433260000e-02 2.097605470000e+00 4.525276380000e-05
2.205543970000e-02 2.098247530000e+00 4.583113700000e-05
2.205543970000e-02 2.098033430000e+00 4.581247410000e-05
2.213654670000e-02 2.098675490000e+00 4.643749340000e-05
2.213654670000e-02 2.098461630000e+00 4.638151950000e-05
2.229876070000e-02 2.099103450000e+00 4.703451850000e-05
2.229876070000e-02 2.099745510000e+00 4.769684890000e-05
2.229876070000e-02 2.099745510000e+00 4.765953050000e-05
2.246097480000e-02 2.100173470000e+00 4.834051290000e-05
2.246097480000e-02 2.100601430000e+00 4.908680060000e-05
2.254208180000e-02 2.100601430000e+00 4.902150250000e-05
2.254208180000e-02 2.101243500000e+00 4.974912740000e-05
2.254208180000e-02 2.101243500000e+00 4.971180900000e-05
2.262318880000e-02 2.101671460000e+00 5.044876530000e-05
2.278540280000e-02 2.102099420000e+00 5.121370850000e-05
2.278540280000e-02 2.102099420000e+00 5.113908260000e-05
2.278540280000e-02 2.102527380000e+00 5.204394980000e-05
2.286650990000e-02 2.102527380000e+00 5.199730730000e-05
2.286650990000e-02 2.103169440000e+00 5.286485610000e-05
2.302872390000e-02 2.103597400000e+00 5.380704530000e-05
2.302872390000e-02 2.103597400000e+00 5.378838980000e-05
2.302872390000e-02 2.104025360000e+00 5.473056810000e-05
2.319093790000e-02 2.104453330000e+00 5.576603510000e-05
2.319093790000e-02 2.104667190000e+00 5.569140920000e-05
2.327204500000e-02 2.105095150000e+00 5.673620400000e-05
2.319093790000e-02 2.105095150000e+00 5.667090590000e-05
2.335315200000e-02 2.105523350000e+00 5.780898940000e-05
2.343425900000e-02 2.105951310000e+00 5.890976540000e-05
2.335315200000e-02 2.105951310000e+00 5.883512860000e-05
2.351536600000e-02 2.106593130000e+00 6.016910990000e-05
2.351536600000e-02 2.106593130000e+00 6.009448410000e-05
2.351536600000e-02 2.106807230000e+00 6.143779320000e-05
2.359647300000e-02 2.107449290000e+00 6.288371510000e-05
2.367756520000e-02 2.107449290000e+00 6.279043740000e-05
2.375867220000e-02 2.108091120000e+00 6.419904820000e-05
2.375867220000e-02 2.108519080000e+00 6.591550480000e-05
2.375867220000e-02 2.108305220000e+00 6.579422920000e-05
2.383977920000e-02 2.108733180000e+00 6.752933400000e-05
2.383977920000e-02 2.108733180000e+00 6.736142680000e-05
2.392088620000e-02 2.109375000000e+00 6.934841080000e-05
2.408310030000e-02 2.109589100000e+00 7.130740410000e-05
2.400199320000e-02 2.109803200000e+00 7.121411910000e-05
2.408310030000e-02 2.110231160000e+00 7.361155440000e-05
2.416420730000e-02 2.110659120000e+00 7.632615600000e-05
2.416420730000e-02 2.110659120000e+00 7.611160980000e-05
2.432642130000e-02 2.111300950000e+00 7.905942040000e-05
2.424531430000e-02 2.111300950000e+00 7.884486690000e-05
2.432642130000e-02 2.111728910000e+00 8.203522160000e-05
2.440752830000e-02 2.112370970000e+00 8.583194720000e-05
2.440752830000e-02 2.112157110000e+00 8.551478820000e-05
2.456974240000e-02 2.112798930000e+00 8.972195060000e-05
2.448863540000e-02 2.112585070000e+00 8.922754930000e-05
2.456974240000e-02 2.113013030000e+00 9.398510160000e-05
2.473195640000e-02 2.113654850000e+00 9.926506750000e-05
2.465084940000e-02 2.113440990000e+00 9.876133120000e-05
2.481306340000e-02 2.114082810000e+00 1.056364640000e-04
2.481306340000e-02 2.114511010000e+00 1.137989380000e-04
2.481306340000e-02 2.114511010000e+00 1.131366080000e-04
2.497527750000e-02 2.114938970000e+00 1.229875630000e-04
2.497527750000e-02 2.114938970000e+00 1.221666460000e-04
2.497527750000e-02 2.115366940000e+00 1.335101700000e-04
2.505638450000e-02 2.115794900000e+00 1.489302670000e-04
2.513749150000e-02 2.116008760000e+00 1.477362090000e-04
2.513749150000e-02 2.116436720000e+00 1.661880810000e-04
2.513749150000e-02 2.116222860000e+00 1.653205250000e-04
2.521859850000e-02 2.116650820000e+00 1.874664890000e-04
2.529970560000e-02 2.117078780000e+00 2.128308120000e-04
2.529970560000e-02 2.116864920000e+00 2.088288750000e-04
2.538081260000e-02 2.117506740000e+00 2.410869930000e-04
2.554301170000e-02 2.117934700000e+00 2.766287650000e-04
2.554301170000e-02 2.118148800000e+00 2.737462640000e-04
2.562411870000e-02 2.118362670000e+00 3.114895950000e-04
2.562411870000e-02 2.118790630000e+00 3.082152110000e-04
2.562411870000e-02 2.118790630000e+00 3.470406520000e-04
2.570522580000e-02 2.119218830000e+00 3.902318130000e-04
2.570522580000e-02 2.119218830000e+00 3.870881050000e-04
2.578633280000e-02 2.119860650000e+00 3.870881050000e-04
2.586743980000e-02 2.120288610000e+00 4.767322390000e-04
2.594854680000e-02 2.120074750000e+00 4.718696000000e-04
2.594854680000e-02 2.120716570000e+00 5.134831300000e-04
2.594854680000e-02 2.120716570000e+00 5.098360710000e-04
2.602965380000e-02 2.121144530000e+00 5.556577230000e-04
2.611076090000e-02 2.121358630000e+00 5.994221430000e-04
2.611076090000e-02 2.121358630000e+00 5.966167080000e-04
2.619186790000e-02 2.121786590000e+00 6.416902180000e-04
2.627297490000e-02 2.122000690000e+00 6.365469890000e-04
2.627297490000e-02 2.122428660000e+00 6.785346200000e-04
2.635408190000e-02 2.122642520000e+00 7.251043570000e-04
2.635408190000e-02 2.122428660000e+00 7.216443770000e-04
2.651629600000e-02 2.123070480000e+00 7.661568820000e-04
2.651629600000e-02 2.123712540000e+00 8.114174710000e-04
2.651629600000e-02 2.123498440000e+00 8.080509720000e-04
2.667851000000e-02 2.123926640000e+00 8.487293960000e-04
2.659740300000e-02 2.123926640000e+00 8.460175010000e-04
2.675961700000e-02 2.124354600000e+00 8.945509910000e-04
2.675961700000e-02 2.124568460000e+00 9.418689880000e-04
2.675961700000e-02 2.124568460000e+00 9.385024900000e-04
2.684072410000e-02 2.125210520000e+00 9.861008730000e-04
2.692183110000e-02 2.125210520000e+00 9.831084170000e-04
2.692183110000e-02 2.125638480000e+00 1.025657170000e-03
2.700293810000e-02 2.126066450000e+00 1.073068590000e-03
2.708404510000e-02 2.126066450000e+00 1.070450180000e-03
2.716515210000e-02 2.126494410000e+00 1.114401500000e-03
2.716515210000e-02 2.126922370000e+00 1.160503830000e-03
2.724624430000e-02 2.126708510000e+00 1.156763170000e-03
2.724624430000e-02 2.127350330000e+00 1.199498890000e-03
2.724624430000e-02 2.127136470000e+00 1.196132510000e-03
2.732735130000e-02 2.127564430000e+00 1.243730890000e-03
2.740845830000e-02 2.127992390000e+00 1.290861750000e-03
2.740845830000e-02 2.127992390000e+00 1.288056490000e-03
2.748956530000e-02 2.128420350000e+00 1.332568820000e-03
2.757067230000e-02 2.129062410000e+00 1.378390590000e-03
2.757067230000e-02 2.128848310000e+00 1.374275890000e-03
2.765177940000e-02 2.129276280000e+00 1.421406750000e-03
2.765177940000e-02 2.129276280000e+00 1.418788220000e-03
2.773288640000e-02 2.129704240000e+00 1.462739780000e-03
2.789510040000e-02 2.130132200000e+00 1.508561550000e-03
2.789510040000e-02 2.129918340000e+00 1.504259770000e-03
2.797620740000e-02 2.130560160000e+00 1.546060430000e-03
2.789510040000e-02 2.130346300000e+00 1.543067860000e-03
2.805731450000e-02 2.131202220000e+00 1.591695240000e-03
2.797620740000e-02 2.131202220000e+00 1.638639020000e-03
2.805731450000e-02 2.131416320000e+00 1.635552970000e-03
2.821952850000e-02 2.131844280000e+00 1.679784970000e-03
2.821952850000e-02 2.132058140000e+00 1.725513020000e-03
2.830063550000e-02 2.132272240000e+00 1.720276310000e-03
2.830063550000e-02 2.132486100000e+00 1.767594250000e-03
2.830063550000e-02 2.132700200000e+00 1.762918660000e-03
2.846284960000e-02 2.133128170000e+00 1.807618070000e-03
2.846284960000e-02 2.133556130000e+00 1.853813650000e-03
2.846284960000e-02 2.133342270000e+00 1.850727950000e-03
2.854395660000e-02 2.133770230000e+00 1.893089500000e-03
2.854395660000e-02 2.133984090000e+00 1.889068520000e-03
2.862506360000e-02 2.134198190000e+00 1.935451180000e-03
2.878727760000e-02 2.134840010000e+00 1.979776430000e-03
2.870617060000e-02 2.134626150000e+00 1.974913760000e-03
2.886838470000e-02 2.135054110000e+00 2.021577210000e-03
2.886838470000e-02 2.135482070000e+00 2.063751690000e-03
2.894949170000e-02 2.135482070000e+00 2.061601030000e-03
2.894949170000e-02 2.135696170000e+00 2.107609530000e-03
2.894949170000e-02 2.135696170000e+00 2.104523820000e-03
2.894949170000e-02 2.136124130000e+00 2.147633350000e-03
2.919279780000e-02 2.136765960000e+00 2.192613670000e-03
2.911169080000e-02 2.136552100000e+00 2.191023670000e-03
2.919279780000e-02 2.137193920000e+00 2.229364360000e-03
2.927390490000e-02 2.137621880000e+00 2.278178460000e-03
2.927390490000e-02 2.137408020000e+00 2.275279490000e-03
2.935501190000e-02 2.138050080000e+00 2.320633740000e-03
2.935501190000e-02 2.137835980000e+00 2.318576440000e-03
2.943611890000e-02 2.138263940000e+00 2.364771910000e-03
2.951722590000e-02 2.138906000000e+00 2.409190870000e-03
2.951722590000e-02 2.138478040000e+00 2.406291900000e-03
2.959833290000e-02 2.139333960000e+00 2.454264560000e-03
2.959833290000e-02 2.139333960000e+00 2.450711090000e-03
2.967944000000e-02 2.139761920000e+00 2.495503980000e-03
2.976054700000e-02 2.139761920000e+00 2.541886640000e-03
2.976054700000e-02 2.139975790000e+00 2.539735990000e-03
2.976054700000e-02 2.140403990000e+00 2.582097660000e-03
3.000386800000e-02 2.140617850000e+00 2.631005370000e-03
2.992276100000e-02 2.141045810000e+00 2.627545270000e-03
3.008497510000e-02 2.141045810000e+00 2.672712550000e-03
3.000386800000e-02 2.141473770000e+00 2.670093910000e-03
3.008497510000e-02 2.141687870000e+00 2.715635110000e-03
3.024718910000e-02 2.142115830000e+00 2.757622860000e-03
3.008497510000e-02 2.142115830000e+00 2.753788610000e-03
3.024718910000e-02 2.142329930000e+00 2.801013180000e-03
3.032829610000e-02 2.142329930000e+00 2.798020840000e-03
3.040940310000e-02 2.142757890000e+00 2.842159010000e-03
3.049051020000e-02 2.143185850000e+00 2.887139100000e-03
3.049051020000e-02 2.143185850000e+00 2.884053160000e-03
3.040940310000e-02 2.143613820000e+00 2.923890020000e-03
3.057161720000e-02 2.144041780000e+00 2.971675250000e-03
3.057161720000e-02 2.144255640000e+00 2.970646600000e-03
3.065272420000e-02 2.144683840000e+00 3.014972200000e-03
3.065272420000e-02 2.144469740000e+00 3.010951220000e-03
3.073383120000e-02 2.144897700000e+00 3.057333870000e-03
3.081492330000e-02 2.145325660000e+00 3.100911160000e-03
3.081492330000e-02 2.145325660000e+00 3.096890170000e-03
3.089603040000e-02 2.145753620000e+00 3.144301470000e-03
3.081492330000e-02 2.145539760000e+00 3.140561050000e-03
3.097713740000e-02 2.146181580000e+00 3.184605860000e-03
3.113935140000e-02 2.146609540000e+00 3.231362670000e-03
3.105824440000e-02 2.146609540000e+00 3.227154490000e-03
3.122045840000e-02 2.146823640000e+00 3.267552470000e-03
3.122045840000e-02 2.147465710000e+00 3.314309290000e-03
3.122045840000e-02 2.147465710000e+00 3.309539980000e-03
3.138267250000e-02 2.147893670000e+00 3.355829280000e-03
3.138267250000e-02 2.147679570000e+00 3.352182450000e-03
3.130156550000e-02 2.147893670000e+00 3.399313190000e-03
3.146377950000e-02 2.148749590000e+00 3.442329350000e-03
3.146377950000e-02 2.148535490000e+00 3.439243420000e-03
3.154488650000e-02 2.148963450000e+00 3.484784390000e-03
3.162599350000e-02 2.149391650000e+00 3.529764480000e-03
3.162599350000e-02 2.149391650000e+00 3.525463170000e-03
3.178820760000e-02 2.149819610000e+00 3.569601340000e-03
3.170710060000e-02 2.150033470000e+00 3.565767310000e-03
3.186931460000e-02 2.150247570000e+00 3.604762490000e-03
3.186931460000e-02 2.150675540000e+00 3.652922110000e-03
3.186931460000e-02 2.150675540000e+00 3.648340000000e-03
3.195042160000e-02 2.151103500000e+00 3.693787610000e-03
3.195042160000e-02 2.151103500000e+00 3.690795040000e-03
3.203152870000e-02 2.151531460000e+00 3.736897140000e-03
3.211263570000e-02 2.151959420000e+00 3.781783860000e-03
3.211263570000e-02 2.151959420000e+00 3.777107920000e-03
3.219374270000e-02 2.152387380000e+00 3.824987220000e-03
3.235595670000e-02 2.152815340000e+00 3.870621560000e-03
3.227484970000e-02 2.152387380000e+00 3.864356320000e-03
3.235595670000e-02 2.153243300000e+00 3.910832570000e-03
3.235595670000e-02 2.153243300000e+00 3.907933830000e-03
3.243706380000e-02 2.153671260000e+00 3.948705740000e-03
3.251817080000e-02 2.154099460000e+00 3.997706810000e-03
3.251817080000e-02 2.153885360000e+00 3.994994800000e-03
3.259926290000e-02 2.154313330000e+00 4.039133430000e-03
3.259926290000e-02 2.154313330000e+00 4.035673100000e-03
3.276147690000e-02 2.154741290000e+00 4.079437810000e-03
3.276147690000e-02 2.155169250000e+00 4.121892620000e-03
3.276147690000e-02 2.155169250000e+00 4.118151960000e-03
3.284258400000e-02 2.155597210000e+00 4.118151960000e-03
3.292369100000e-02 2.156025170000e+00 4.257461060000e-03
3.292369100000e-02 2.156025170000e+00 4.233213140000e-03
3.300479800000e-02 2.156453370000e+00 4.271451380000e-03
3.300479800000e-02 2.156453370000e+00 4.267720040000e-03
3.308590500000e-02 2.156667230000e+00 4.306891000000e-03
3.316701200000e-02 2.157309290000e+00 4.356320020000e-03
3.324811910000e-02 2.157095190000e+00 4.352589600000e-03
3.324811910000e-02 2.157523160000e+00 4.399220920000e-03
3.332922610000e-02 2.157951120000e+00 4.443055020000e-03
3.332922610000e-02 2.157951120000e+00 4.438392350000e-03
3.341033310000e-02 2.158593180000e+00 4.483157770000e-03
3.341033310000e-02 2.158379080000e+00 4.479427820000e-03
3.349144010000e-02 2.159021140000e+00 4.526059140000e-03
3.357254710000e-02 2.159235240000e+00 4.570825030000e-03
3.365365420000e-02 2.159021140000e+00 4.562431950000e-03
3.373476120000e-02 2.159449100000e+00 4.607197360000e-03
3.373476120000e-02 2.159663200000e+00 4.606265570000e-03
3.373476120000e-02 2.159877060000e+00 4.649166020000e-03
3.381586820000e-02 2.160305020000e+00 4.693000110000e-03
3.381586820000e-02 2.160519120000e+00 4.690202420000e-03
3.389697520000e-02 2.160732980000e+00 4.734035580000e-03
3.397808220000e-02 2.161161180000e+00 4.782532810000e-03
3.397808220000e-02 2.161161180000e+00 4.779734180000e-03
3.405918930000e-02 2.161589150000e+00 4.823568280000e-03
3.405918930000e-02 2.161589150000e+00 4.818905140000e-03
3.414029630000e-02 2.162017110000e+00 4.864603750000e-03
3.430251030000e-02 2.162445070000e+00 4.908437840000e-03
3.422140330000e-02 2.162445070000e+00 4.903774710000e-03
3.430251030000e-02 2.162873030000e+00 4.946676080000e-03
3.438360240000e-02 2.162658930000e+00 4.948540590000e-03
3.438360240000e-02 2.163300990000e+00 4.987711550000e-03
3.446470950000e-02 2.163728950000e+00 5.034342870000e-03
3.446470950000e-02 2.163728950000e+00 5.033410150000e-03
3.462692350000e-02 2.164156910000e+00 5.077244250000e-03
3.462692350000e-02 2.164584880000e+00 5.121077410000e-03
3.470803050000e-02 2.164584880000e+00 5.121077410000e-03
3.470803050000e-02 2.165012840000e+00 5.159315190000e-03
3.470803050000e-02 2.164798970000e+00 5.156517030000e-03
3.478913750000e-02 2.165226940000e+00 5.201283840000e-03
3.487024460000e-02 2.165869000000e+00 5.244185220000e-03
3.487024460000e-02 2.165654900000e+00 5.238589370000e-03
3.495135160000e-02 2.166082860000e+00 5.288950630000e-03
3.503245860000e-02 2.166510820000e+00 5.329986570000e-03
3.511356560000e-02 2.166724920000e+00 5.328122060000e-03
3.511356560000e-02 2.167152880000e+00 5.371954760000e-03
3.519467260000e-02 2.166938780000e+00 5.370090250000e-03
3.527577970000e-02 2.167366740000e+00 5.413923410000e-03
3.527577970000e-02 2.167794700000e+00 5.454958880000e-03
3.535688670000e-02 2.167794700000e+00 5.453094370000e-03
3.543799370000e-02 2.168436770000e+00 5.495994350000e-03
3.535688670000e-02 2.168222900000e+00 5.495062560000e-03
3.543799370000e-02 2.168436770000e+00 5.537962540000e-03
3.551910070000e-02 2.168864730000e+00 5.581796630000e-03
3.551910070000e-02 2.169078830000e+00 5.577133970000e-03
3.560020770000e-02 2.169292690000e+00 5.623765290000e-03
3.568131480000e-02 2.169720650000e+00 5.664800760000e-03
3.568131480000e-02 2.169720650000e+00 5.662003530000e-03
3.576242180000e-02 2.170148610000e+00 5.706768950000e-03
3.584352880000e-02 2.170148610000e+00 5.704904440000e-03
3.584352880000e-02 2.170576810000e+00 5.745940380000e-03
3.592463580000e-02 2.170790670000e+00 5.794436210000e-03
3.592463580000e-02 2.171004770000e+00 5.790705790000e-03
3.608684990000e-02 2.171218630000e+00 5.832674450000e-03
3.600574280000e-02 2.171432730000e+00 5.824280900000e-03
3.608684990000e-02 2.171860690000e+00 5.872777200000e-03
3.616794200000e-02 2.172288660000e+00 5.918476730000e-03
3.616794200000e-02 2.172074560000e+00 5.913813600000e-03
3.633015600000e-02 2.172502520000e+00 5.953916350000e-03
3.641126300000e-02 2.172930720000e+00 6.005210800000e-03
3.641126300000e-02 2.172930720000e+00 5.997750440000e-03
3.641126300000e-02 2.173358680000e+00 6.045313550000e-03
3.641126300000e-02 2.173358680000e+00 6.041583610000e-03
3.649237010000e-02 2.173786640000e+00 6.083551790000e-03
3.657347710000e-02 2.174214600000e+00 6.132981740000e-03
3.657347710000e-02 2.174214600000e+00 6.127385890000e-03
3.665458410000e-02 2.174428460000e+00 6.174017680000e-03
3.673569110000e-02 2.174856420000e+00 6.217850370000e-03
3.673569110000e-02 2.175070520000e+00 6.215985860000e-03
3.673569110000e-02 2.175498490000e+00 6.257021330000e-03
3.681679820000e-02 2.175498490000e+00 6.252358200000e-03
3.689790520000e-02 2.175712590000e+00 6.298056800000e-03
3.697901220000e-02 2.176140550000e+00 6.336295050000e-03
3.697901220000e-02 2.176140550000e+00 6.326969250000e-03
3.706011920000e-02 2.176354410000e+00 6.381060930000e-03
3.706011920000e-02 2.176568510000e+00 6.377330980000e-03
3.714122620000e-02 2.176996470000e+00 6.424895020000e-03
3.722233330000e-02 2.177424430000e+00 6.467796400000e-03
3.722233330000e-02 2.177424430000e+00 6.458469200000e-03
3.730344030000e-02 2.177638530000e+00 6.506033240000e-03
3.746565430000e-02 2.178066490000e+00 6.548001900000e-03
3.738454730000e-02 2.178066490000e+00 6.546137390000e-03
3.746565430000e-02 2.178708310000e+00 6.590902810000e-03
3.746565430000e-02 2.178494450000e+00 6.582509730000e-03
3.754676130000e-02 2.179136280000e+00 6.629141050000e-03
3.762786840000e-02 2.179136280000e+00 6.671109700000e-03
3.762786840000e-02 2.179350380000e+00 6.664580670000e-03
3.770897540000e-02 2.179778340000e+00 6.709346550000e-03
3.770897540000e-02 2.179778340000e+00 6.703752090000e-03
3.779008240000e-02 2.180206300000e+00 6.747584790000e-03
3.779008240000e-02 2.180420400000e+00 6.795149300000e-03
3.787118940000e-02 2.180420400000e+00 6.786755750000e-03
3.795228150000e-02 2.180848360000e+00 6.826858500000e-03
3.803338860000e-02 2.181276320000e+00 6.873490290000e-03
3.803338860000e-02 2.181062220000e+00 6.866961250000e-03
3.811449560000e-02 2.181704280000e+00 6.911728070000e-03
3.811449560000e-02 2.181704280000e+00 6.907065400000e-03
3.819560260000e-02 2.182132240000e+00 6.951830820000e-03
3.827670960000e-02 2.182560210000e+00 6.991002240000e-03
3.827670960000e-02 2.182346340000e+00 6.985406390000e-03
3.835781660000e-02 2.182988170000e+00 7.032037710000e-03
3.852003070000e-02 2.183416130000e+00 7.077736310000e-03
3.843892370000e-02 2.183202270000e+00 7.073073180000e-03
3.860113770000e-02 2.184058190000e+00 7.117839060000e-03
3.852003070000e-02 2.183844090000e+00 7.111311420000e-03
3.860113770000e-02 2.183844090000e+00 7.152346890000e-03
3.868224470000e-02 2.184700250000e+00 7.199911400000e-03
3.868224470000e-02 2.184486150000e+00 7.194315550000e-03
3.884445880000e-02 2.184700250000e+00 7.235351020000e-03
3.884445880000e-02 2.184914110000e+00 7.226956540000e-03
3.884445880000e-02 2.185556170000e+00 7.269857920000e-03
3.900667280000e-02 2.185984130000e+00 7.312758830000e-03
3.892556580000e-02 2.185556170000e+00 7.308096160000e-03
3.900667280000e-02 2.185984130000e+00 7.350997070000e-03
3.916888680000e-02 2.186412100000e+00 7.396695670000e-03
3.908777980000e-02 2.186412100000e+00 7.393898440000e-03
3.916888680000e-02 2.186840060000e+00 7.436798420000e-03
3.924999390000e-02 2.186840060000e+00 7.430270780000e-03
3.924999390000e-02 2.187268020000e+00 7.474103940000e-03
3.933110090000e-02 2.187482120000e+00 7.517938040000e-03
