# Measurment 	 635.0 nm	 2017-01-09 15:04
-0.0000054836273200 0.0002734959130000 -0.0000000017619892
-0.0000865831971000 0.0002734959130000 -0.0000000015765833
-0.0000054836273200 0.0004874765870000 -0.0000000015765833
-0.0000865831971000 0.0002734959130000 -0.0000000016693196
-0.0000054836273200 0.0002734959130000 -0.0000000017619892
-0.0000865831971000 0.0002734959130000 -0.0000000016693196
-0.0000865831971000 0.0004874765870000 -0.0000000016693196
-0.0000865831971000 0.0002734959130000 -0.0000000017619892
-0.0000865831971000 0.0002734959130000 -0.0000000016693196
-0.0000865831971000 0.0002734959130000 -0.0000000016693196
-0.0000865831971000 0.0002734959130000 -0.0000000016693196
-0.0000054836273200 0.0004874765870000 -0.0000000016693196
-0.0000865831971000 0.0002734959130000 -0.0000000015765833
-0.0000865831971000 0.0002734959130000 -0.0000000014838471
-0.0000865831971000 0.0002734959130000 -0.0000000015765833
-0.0000054836273200 0.0002734959130000 -0.0000000017619892
-0.0000054836273200 0.0015574395700000 -0.0000000016693196
-0.0000054836273200 0.0015574395700000 -0.0000000013911108
-0.0000054836273200 0.0015574395700000 -0.0000000018547255
-0.0000054836273200 0.0015574395700000 -0.0000000014838471
-0.0000054836273200 0.0015574395700000 -0.0000000014838471
0.0000756233931000 1.0145938400000001 0.0000001178541350
0.0005622655150000 1.8435974100000001 0.0000002166069350
0.0005622655150000 1.8435974100000001 0.0000002185542060
0.0005622655150000 1.8502311700000000 0.0000002685333130
0.0006433725360000 1.8557949100000000 0.0000003219433320
0.0006433725360000 1.8557949100000000 0.0000003224996870
0.0007244795560000 1.8605027199999999 0.0000003708097720
0.0007244795560000 1.8602888600000000 0.0000003701606770
0.0008055865760000 1.8652105299999999 0.0000004309886780
0.0008866861460000 1.8692765200000001 0.0000004910749570
0.0008866861460000 1.8692765200000001 0.0000004913530920
0.0009677931670000 1.8733422799999999 0.0000005540356370
0.0010489001900000 1.8769800699999999 0.0000006155128180
0.0010489001900000 1.8769800699999999 0.0000006161618560
0.0011300072100000 1.8804040000000000 0.0000006827389140
0.0011300072100000 1.8804040000000000 0.0000006825534340
0.0012111142300000 1.8833999600000000 0.0000007485742230
0.0012922212500000 1.8866097900000001 0.0000008174693560
0.0012922212500000 1.8863956900000001 0.0000008174693560
0.0014544352900000 1.8891777999999999 0.0000008826555130
0.0015355423100000 1.8917455700000001 0.0000009551670250
0.0015355423100000 1.8917455700000001 0.0000009568360610
0.0016166493300000 1.8943135700000000 0.0000010272148100
0.0014544352900000 1.8943135700000000 0.0000010276785400
0.0016166493300000 1.8968813400000000 0.0000011004681300
0.0016977563500000 1.8988072899999999 0.0000011705689100
0.0016977563500000 1.8990213899999999 0.0000011700123000
0.0016977563500000 1.9013752900000001 0.0000012479947600
0.0017788559200000 1.9013752900000001 0.0000012496636800
0.0018599629400000 1.9033012400000000 0.0000013228243500
0.0020221769800000 1.9054410500000001 0.0000013985811600
0.0020221769800000 1.9052271800000000 0.0000013996011600
0.0021032840000000 1.9075810900000001 0.0000014700727900
0.0021843910200000 1.9095067999999999 0.0000015522276700
0.0021843910200000 1.9095067999999999 0.0000015539892500
0.0021843910200000 1.9112188800000001 0.0000016323424500
0.0021843910200000 1.9114327400000000 0.0000016333624400
0.0023466050600000 1.9133586899999999 0.0000017144047900
0.0023466050600000 1.9152846299999999 0.0000017929435200
0.0023466050600000 1.9150707700000000 0.0000017934070200
0.0025088191000000 1.9169967200000000 0.0000018763038300
0.0025088191000000 1.9167826200000000 0.0000018781582900
0.0025899261200000 1.9187085600000000 0.0000019578096700
0.0025899261200000 1.9202065500000001 0.0000020404281700
0.0025899261200000 1.9202065500000001 0.0000020423754000
0.0026710256900000 1.9217045300000000 0.0000021200794400
0.0028332397300000 1.9236302400000000 0.0000022094670800
0.0028332397300000 1.9236302400000000 0.0000022100234700
0.0028332397300000 1.9251282199999999 0.0000022947749600
0.0028332397300000 1.9249143600000000 0.0000022947749600
0.0029143467500000 1.9264123399999999 0.0000023814734500
0.0030765608000000 1.9279100899999999 0.0000024638136400
0.0030765608000000 1.9281241899999999 0.0000024649264100
0.0030765608000000 1.9294080700000000 0.0000025534793600
0.0031576678200000 1.9306919600000001 0.0000026399925400
0.0032387748400000 1.9309060600000001 0.0000026405489300
0.0032387748400000 1.9321899400000000 0.0000027253929600
0.0032387748400000 1.9324040400000000 0.0000027272471900
0.0033198818600000 1.9336879300000001 0.0000028107003800
0.0034009888800000 1.9349718100000000 0.0000029067641700
0.0034820959000000 1.9349718100000000 0.0000029074133200
0.0034820959000000 1.9364697900000001 0.0000029975428800
0.0034820959000000 1.9362559300000000 0.0000029992115700
0.0035631954700000 1.9379677799999999 0.0000030911028300
0.0037254095100000 1.9390377999999999 0.0000031811396200
0.0037254095100000 1.9392516600000000 0.0000031816957700
0.0037254095100000 1.9403216800000000 0.0000032773887100
0.0038065165300000 1.9418196700000001 0.0000033690946600
0.0038065165300000 1.9416055699999999 0.0000033713199600
0.0038876235500000 1.9426755899999999 0.0000034635818300
0.0038876235500000 1.9428896899999999 0.0000034656218300
0.0039687305700000 1.9441735700000000 0.0000035523203200
0.0040498375900000 1.9454574600000001 0.0000036526496400
0.0041309446100000 1.9452436000000000 0.0000036525568700
0.0042120516300000 1.9465274800000001 0.0000037476006600
0.0042120516300000 1.9467413400000000 0.0000037494551200
0.0042120516300000 1.9478113699999999 0.0000038453335900
0.0043742656700000 1.9488813899999999 0.0000039365754700
0.0042931586500000 1.9488813899999999 0.0000039375959200
0.0043742656700000 1.9499514099999999 0.0000040362560900
0.0044553652400000 1.9512352900000001 0.0000040362560900
0.0044553652400000 1.9512352900000001 0.0000041630969500
0.0045364722600000 1.9525191799999999 0.0000042461351800
0.0045364722600000 1.9525191799999999 0.0000042424026100
0.0046986863000000 1.9533750999999999 0.0000043273066700
0.0046986863000000 1.9544451199999999 0.0000044336698000
0.0046986863000000 1.9544451199999999 0.0000044299386000
0.0048609003400000 1.9559431100000000 0.0000045279043700
0.0048609003400000 1.9567990300000000 0.0000046286700100
0.0048609003400000 1.9567990300000000 0.0000046286700100
0.0049420073600000 1.9578690500000000 0.0000047257026400
0.0049420073600000 1.9576549500000000 0.0000047238368100
0.0051042214000000 1.9587249799999999 0.0000048274005200
0.0051042214000000 1.9600088600000001 0.0000049281666200
0.0051042214000000 1.9597950000000000 0.0000049262998800
0.0051853284200000 1.9612929800000001 0.0000050298645000
0.0051853284200000 1.9610788800000001 0.0000050317303200
0.0052664354400000 1.9619348000000001 0.0000051212991800
0.0053475350100000 1.9632186899999999 0.0000052285950000
0.0054286420300000 1.9630048300000000 0.0000052295286000
0.0054286420300000 1.9640748500000000 0.0000053349590400
0.0055097490500000 1.9651446299999999 0.0000054375896100
0.0055097490500000 1.9649307700000000 0.0000054413217200
0.0055908560800000 1.9660008000000000 0.0000055364898800
0.0055908560800000 1.9660008000000000 0.0000055383552500
0.0056719631000000 1.9670705799999999 0.0000056428525600
0.0057530701200000 1.9679264999999999 0.0000057445508900
0.0057530701200000 1.9679264999999999 0.0000057436172900
0.0058341771400000 1.9687826600000000 0.0000058481146000
0.0058341771400000 1.9689965199999999 0.0000058481146000
0.0059152841600000 1.9698524500000001 0.0000059423491600
0.0059963911800000 1.9709224700000001 0.0000060533775500
0.0059963911800000 1.9707086100000000 0.0000060543097800
0.0060774982000000 1.9715645300000000 0.0000061588070800
0.0061586052200000 1.9728484200000000 0.0000062679700900
0.0060774982000000 1.9726345500000000 0.0000062679700900
0.0062397047900000 1.9737043400000001 0.0000063752663700
0.0062397047900000 1.9734904799999999 0.0000063706015700
0.0063208118100000 1.9745602600000001 0.0000064834957800
0.0064019188300000 1.9754164200000000 0.0000065889253200
0.0064019188300000 1.9756302800000001 0.0000065907920500
0.0064830258500000 1.9762723400000000 0.0000066999537000
0.0065641328700000 1.9771282699999999 0.0000068025851800
0.0065641328700000 1.9771282699999999 0.0000068016520300
0.0066452398900000 1.9784121500000000 0.0000069164129900
0.0066452398900000 1.9781982899999999 0.0000069173452200
0.0067263469100000 1.9792680700000000 0.0000070227756600
0.0067263469100000 1.9799101400000001 0.0000071356698800
0.0067263469100000 1.9799101400000001 0.0000071366034700
0.0069696679700000 1.9807660600000001 0.0000072383018100
0.0068885609500000 1.9809801600000001 0.0000072438997400
0.0069696679700000 1.9818360800000001 0.0000073549281300
0.0070507749900000 1.9824781400000000 0.0000074594254300
0.0070507749900000 1.9826919999999999 0.0000074631566300
0.0072129815800000 1.9835479300000001 0.0000075751186200
0.0071318745600000 1.9839758900000000 0.0000076777487300
0.0072129815800000 1.9844040900000000 0.0000076796159200
0.0072940886000000 1.9850459100000000 0.0000077981085300
0.0072940886000000 1.9850459100000000 0.0000077953091000
0.0073751956200000 1.9859018300000000 0.0000079110022900
0.0074563026400000 1.9869718599999999 0.0000080248300900
0.0074563026400000 1.9867579900000001 0.0000080276286100
0.0075374096600000 1.9878277799999999 0.0000081349253400
0.0075374096600000 1.9878277799999999 0.0000081330581500
0.0076185166800000 1.9884698400000000 0.0000082562164600
0.0076996237000000 1.9895398600000000 0.0000083653785600
0.0076996237000000 1.9893257600000001 0.0000083663117000
0.0077807307200000 1.9901816800000001 0.0000084801395100
0.0078618377400000 1.9910376100000000 0.0000085874353300
0.0077807307200000 1.9910376100000000 0.0000085874353300
0.0079429447700000 1.9916796699999999 0.0000087096605100
0.0079429447700000 1.9918937699999999 0.0000087096605100
0.0080240443300000 1.9927496899999999 0.0000088225542600
0.0081051513600000 1.9933915099999999 0.0000089391796800
0.0081051513600000 1.9936056099999999 0.0000089410468700
0.0081862583800000 1.9942476700000000 0.0000090530084000
0.0081862583800000 1.9948895000000000 0.0000091696347200
0.0082673654000000 1.9948895000000000 0.0000091687006700
0.0084295794400000 1.9957454200000000 0.0000092927921300
0.0083484724200000 1.9957454200000000 0.0000092834625300
0.0084295794400000 1.9966015800000001 0.0000094047527500
0.0085106864600000 1.9974575000000001 0.0000095101831900
0.0085106864600000 1.9972433999999999 0.0000095129826100
0.0085917934800000 1.9980993300000001 0.0000096398725900
0.0085917934800000 1.9980993300000001 0.0000096380063000
0.0086729005000000 1.9987413900000000 0.0000097611628000
0.0087540075200000 1.9995973100000000 0.0000098843202100
0.0087540075200000 1.9998114100000000 0.0000098861864900
0.0087540075200000 2.0002393700000001 0.0000100018806000
0.0089162141100000 2.0013093899999999 0.0000101278374000
0.0089162141100000 2.0010952899999999 0.0000101269025000
0.0089973211300000 2.0019512200000000 0.0000102491276000
0.0089973211300000 2.0019512200000000 0.0000102500617000
0.0090784281500000 2.0025932800000001 0.0000103704197000
0.0091595351700000 2.0034491999999999 0.0000104823803000
0.0091595351700000 2.0032353399999998 0.0000104833125000
0.0091595351700000 2.0043051200000002 0.0000106139341000
0.0092406421900000 2.0043051200000002 0.0000106148691000
0.0093217492100000 2.0049471900000002 0.0000107389578000
0.0094028562300000 2.0058031100000000 0.0000108649165000
0.0094028562300000 2.0058031100000000 0.0000108611830000
0.0094839632500000 2.0064451700000001 0.0000109806087000
0.0095650702700000 2.0073010899999999 0.0000111177624000
0.0095650702700000 2.0070869899999999 0.0000111121644000
0.0096461772900000 2.0077290500000000 0.0000112362541000
0.0096461772900000 2.0081570100000001 0.0000112343869000
0.0097272843100000 2.0085849800000002 0.0000113594106000
0.0098083838800000 2.0094409000000000 0.0000114741733000
0.0097272843100000 2.0092270399999999 0.0000114732384000
0.0098894909000000 2.0100829600000001 0.0000116141246000
0.0098894909000000 2.0100829600000001 0.0000116075917000
0.0099705979200000 2.0105109200000002 0.0000117372811000
0.0100517049000000 2.0115809400000000 0.0000118669705000
0.0100517049000000 2.0117948100000000 0.0000118669705000
0.0101328120000000 2.0122230100000000 0.0000119891929000
0.0102950260000000 2.0130789299999998 0.0000121216817000
0.0102139190000000 2.0128648299999998 0.0000121226140000
0.0102950260000000 2.0137207500000001 0.0000122476376000
0.0102950260000000 2.0137207500000001 0.0000122495039000
0.0103761330000000 2.0143628100000002 0.0000123791933000
0.0104572400000000 2.0152187300000000 0.0000125004835000
0.0104572400000000 2.0150048699999998 0.0000124958178000
0.0105383471000000 2.0158608000000000 0.0000126357718000
0.0107005537000000 2.0165026199999998 0.0000127682579000
0.0106194541000000 2.0167167199999998 0.0000127673256000
0.0107005537000000 2.0173587799999999 0.0000129007467000
0.0107005537000000 2.0171446799999999 0.0000128998117000
0.0107816607000000 2.0180006000000001 0.0000130239032000
0.0107816607000000 2.0186426599999998 0.0000131647885000
0.0108627677000000 2.0186426599999998 0.0000131601228000
0.0109438747000000 2.0194985900000000 0.0000132916766000
0.0109438747000000 2.0192847299999999 0.0000132916766000
0.0110249817000000 2.0201406500000001 0.0000134232314000
0.0111060888000000 2.0205686100000002 0.0000135417249000
0.0111060888000000 2.0205686100000002 0.0000135361261000
0.0111871958000000 2.0214245300000000 0.0000136854087000
0.0112683028000000 2.0220665900000001 0.0000138234936000
0.0112683028000000 2.0218524900000001 0.0000138178957000
0.0113494098000000 2.0227084199999998 0.0000139597132000
0.0113494098000000 2.0227084199999998 0.0000139587810000
0.0114305168000000 2.0233504800000000 0.0000140884686000
0.0115116239000000 2.0242064000000002 0.0000142312201000
0.0115116239000000 2.0239925400000001 0.0000142321524000
0.0115927234000000 2.0246343599999999 0.0000143665056000
0.0115927234000000 2.0248484599999999 0.0000143655734000
0.0116738304000000 2.0252764200000000 0.0000145017930000
0.0117549375000000 2.0259182500000001 0.0000146380135000
0.0116738304000000 2.0261323500000001 0.0000146352140000
0.0119171515000000 2.0267744099999998 0.0000147826304000
0.0119171515000000 2.0274162300000000 0.0000149179150000
0.0119171515000000 2.0274162300000000 0.0000149207144000
0.0119982585000000 2.0280582900000002 0.0000150643991000
0.0119982585000000 2.0280582900000002 0.0000150588012000
0.0120793656000000 2.0289142099999999 0.0000151968852000
0.0121604726000000 2.0293421700000001 0.0000153424371000
0.0122415796000000 2.0293421700000001 0.0000153452347000
0.0122415796000000 2.0297701400000001 0.0000154823883000
0.0122415796000000 2.0306260599999999 0.0000156260721000
0.0123226866000000 2.0306260599999999 0.0000156214064000
0.0124037936000000 2.0312681200000000 0.0000157529612000
0.0124037936000000 2.0312681200000000 0.0000157529612000
0.0124848932000000 2.0319101800000001 0.0000159041083000
0.0125660002000000 2.0325519999999999 0.0000160543223000
0.0125660002000000 2.0325519999999999 0.0000160561885000
0.0126471072000000 2.0331940700000000 0.0000161998742000
0.0126471072000000 2.0334081600000000 0.0000161998742000
0.0127282143000000 2.0336220300000001 0.0000163398254000
0.0128093213000000 2.0344779499999999 0.0000164891062000
0.0128093213000000 2.0344779499999999 0.0000164891062000
0.0128904283000000 2.0351200100000000 0.0000166337231000
0.0129715353000000 2.0359759300000002 0.0000167858034000
0.0128904283000000 2.0357620700000001 0.0000167802064000
0.0130526423000000 2.0366179899999999 0.0000169192244000
0.0130526423000000 2.0364038899999999 0.0000169145587000
0.0130526423000000 2.0368318599999999 0.0000170750372000
0.0132148564000000 2.0376880200000000 0.0000172224536000
0.0132148564000000 2.0379018800000002 0.0000172205873000
0.0132959634000000 2.0383298399999998 0.0000173773315000
0.0132959634000000 2.0379018800000002 0.0000173726676000
0.0133770630000000 2.0387578000000000 0.0000175144869000
0.0133770630000000 2.0393998600000001 0.0000176758967000
0.0134581700000000 2.0396137200000002 0.0000176730973000
0.0135392770000000 2.0402557799999999 0.0000178242462000
0.0136203840000000 2.0408978499999999 0.0000179716608000
0.0136203840000000 2.0406837499999999 0.0000179688614000
0.0137014911000000 2.0413258100000000 0.0000181097457000
0.0137014911000000 2.0413258100000000 0.0000181134783000
0.0137825981000000 2.0417537700000001 0.0000182786207000
0.0137825981000000 2.0428237899999999 0.0000184428318000
0.0139448121000000 2.0421817299999998 0.0000184381661000
0.0139448121000000 2.0430376500000000 0.0000186042416000
0.0140259191000000 2.0438935800000002 0.0000187535243000
0.0140259191000000 2.0436797100000001 0.0000187497917000
0.0141070262000000 2.0443215399999999 0.0000189140010000
0.0141070262000000 2.0443215399999999 0.0000189140010000
0.0141881332000000 2.0449636000000000 0.0000190744795000
0.0142692327000000 2.0458195199999998 0.0000192396219000
0.0142692327000000 2.0453915600000001 0.0000192340249000
0.0143503398000000 2.0464615799999999 0.0000193889045000
0.0142692327000000 2.0462474799999999 0.0000193889045000
0.0144314468000000 2.0466754400000000 0.0000195596458000
0.0145125538000000 2.0473175000000001 0.0000197182580000
0.0145125538000000 2.0475316000000001 0.0000197219888000
0.0145936608000000 2.0479595700000002 0.0000198917969000
0.0146747679000000 2.0488154900000000 0.0000200457453000
0.0146747679000000 2.0488154900000000 0.0000200420109000
0.0146747679000000 2.0492434500000001 0.0000202146184000
0.0147558749000000 2.0494575500000001 0.0000202052888000
0.0148369819000000 2.0498855100000002 0.0000203760301000
0.0149180889000000 2.0505273300000000 0.0000205477045000
0.0149180889000000 2.0505273300000000 0.0000205449051000
0.0149991959000000 2.0509553000000000 0.0000207016510000
0.0149991959000000 2.0511694000000000 0.0000207007179000
0.0150803030000000 2.0513832600000002 0.0000208779911000
0.0150803030000000 2.0522394199999998 0.0000210487324000
0.0151614025000000 2.0522394199999998 0.0000210496637000
0.0152425095000000 2.0530953400000000 0.0000212232026000
0.0153236166000000 2.0533092000000002 0.0000213920794000
0.0152425095000000 2.0535233000000002 0.0000213855492000
0.0154047236000000 2.0541653599999998 0.0000215740147000
0.0154047236000000 2.0541653599999998 0.0000215702839000
0.0154047236000000 2.0548071900000000 0.0000217438228000
0.0155669376000000 2.0552351500000001 0.0000219192298000
0.0155669376000000 2.0554492500000001 0.0000219173653000
0.0155669376000000 2.0556631099999998 0.0000220899728000
0.0157291517000000 2.0563051699999999 0.0000222775070000
0.0157291517000000 2.0560910699999999 0.0000222737744000
0.0158102587000000 2.0567331300000000 0.0000224519808000
0.0158102587000000 2.0569472300000000 0.0000224473151000
0.0158102587000000 2.0573751900000001 0.0000226395150000
0.0159724727000000 2.0580170199999999 0.0000228083900000
0.0159724727000000 2.0580170199999999 0.0000228074568000
0.0160535723000000 2.0586590800000000 0.0000230005917000
0.0160535723000000 2.0584449800000000 0.0000229903271000
0.0161346793000000 2.0590870400000001 0.0000231731974000
0.0162157863000000 2.0597291000000002 0.0000233625997000
0.0162157863000000 2.0597291000000002 0.0000233560659000
0.0162968934000000 2.0599429599999999 0.0000235296084000
0.0163780004000000 2.0607988800000001 0.0000237311378000
0.0163780004000000 2.0607988800000001 0.0000237255390000
0.0164591074000000 2.0616550400000002 0.0000239186720000
0.0164591074000000 2.0614409400000002 0.0000239140081000
0.0165402144000000 2.0620830099999998 0.0000241136713000
0.0166213214000000 2.0625109699999999 0.0000243049399000
0.0166213214000000 2.0622968699999999 0.0000242965416000
0.0167024285000000 2.0629389300000001 0.0000245036717000
0.0166213214000000 2.0631527900000002 0.0000245027386000
0.0167835355000000 2.0635809900000002 0.0000246977379000
0.0168646425000000 2.0642228100000000 0.0000249002005000
0.0168646425000000 2.0642228100000000 0.0000248936703000
0.0168646425000000 2.0648648700000001 0.0000250802732000
0.0169457421000000 2.0655066999999998 0.0000252976643000
0.0169457421000000 2.0655066999999998 0.0000252957980000
0.0170268491000000 2.0659348999999998 0.0000255010600000
0.0171079561000000 2.0659348999999998 0.0000254935967000
0.0171890631000000 2.0663628599999999 0.0000257053889000
0.0171890631000000 2.0670046800000001 0.0000258994569000
0.0172701702000000 2.0667908200000000 0.0000258947912000
0.0172701702000000 2.0676467399999998 0.0000261131154000
0.0174323842000000 2.0680746999999999 0.0000263230431000
0.0174323842000000 2.0680746999999999 0.0000263202437000
0.0175134912000000 2.0687167600000000 0.0000265357685000
0.0175945982000000 2.0687167600000000 0.0000265292383000
0.0175945982000000 2.0691447300000001 0.0000267214382000
0.0176757053000000 2.0700006499999999 0.0000269574903000
0.0176757053000000 2.0697865499999999 0.0000269490938000
0.0177568123000000 2.0702145100000000 0.0000271758145000
0.0176757053000000 2.0704286100000000 0.0000271627523000
0.0177568123000000 2.0708565700000001 0.0000273913411000
0.0179190189000000 2.0714986299999998 0.0000276105966000
0.0179190189000000 2.0712845299999998 0.0000276068658000
0.0180001259000000 2.0719265899999999 0.0000278401185000
0.0180812329000000 2.0725686600000000 0.0000280724380000
0.0180001259000000 2.0723545600000000 0.0000280640415000
0.0181623399000000 2.0729966200000001 0.0000283019599000
0.0181623399000000 2.0729966200000001 0.0000282860983000
0.0182434469000000 2.0736384399999999 0.0000285109545000
0.0182434469000000 2.0740664000000000 0.0000287619314000
0.0183245540000000 2.0740664000000000 0.0000287498060000
0.0184056610000000 2.0747084600000001 0.0000289942545000
0.0184056610000000 2.0744943600000001 0.0000289849231000
0.0184867680000000 2.0749225600000001 0.0000292303030000
0.0185678750000000 2.0757784799999999 0.0000294663550000
0.0184867680000000 2.0755643799999999 0.0000294523597000
0.0186489820000000 2.0759923499999999 0.0000297117385000
0.0186489820000000 2.0766344100000000 0.0000299608528000
0.0186489820000000 2.0766344100000000 0.0000299524545000
0.0187300816000000 2.0770623700000002 0.0000302034368000
0.0188111886000000 2.0772764700000002 0.0000301950404000
0.0188922957000000 2.0779182899999999 0.0000304469522000
0.0189734027000000 2.0783462500000001 0.0000307249902000
0.0189734027000000 2.0783462500000001 0.0000307203227000
0.0190545097000000 2.0789883100000002 0.0000309946299000
0.0191356167000000 2.0796303699999998 0.0000312735974000
0.0190545097000000 2.0794162799999998 0.0000312642696000
0.0192167237000000 2.0798442399999999 0.0000315292418000
0.0192167237000000 2.0800583399999999 0.0000315180478000
0.0192978308000000 2.0804863000000000 0.0000318082166000
0.0193789378000000 2.0811281199999998 0.0000320890504000
0.0193789378000000 2.0811281199999998 0.0000320778563000
0.0195411518000000 2.0815560799999999 0.0000323698878000
0.0194600448000000 2.0815560799999999 0.0000323493623000
0.0195411518000000 2.0819842799999999 0.0000326208647000
0.0196222588000000 2.0828402000000001 0.0000329380891000
0.0196222588000000 2.0826261000000001 0.0000329194299000
0.0197033659000000 2.0832681700000002 0.0000332291893000
0.0197844729000000 2.0836961299999999 0.0000335277546000
0.0197844729000000 2.0836961299999999 0.0000335156219000
0.0198655799000000 2.0839099900000000 0.0000338048558000
0.0198655799000000 2.0843381900000000 0.0000337936617000
0.0198655799000000 2.0845520500000001 0.0000341118175000
0.0200277939000000 2.0851941100000002 0.0000344281070000
0.0200277939000000 2.0854079699999999 0.0000344085165000
0.0200277939000000 2.0858359300000000 0.0000347350724000
0.0201088861000000 2.0858359300000000 0.0000347145433000
0.0201899931000000 2.0862639000000001 0.0000350261689000
0.0202711001000000 2.0866920900000001 0.0000353769829000
0.0202711001000000 2.0869059600000002 0.0000353620526000
0.0203522071000000 2.0873339199999998 0.0000357072677000
0.0204333141000000 2.0879759800000000 0.0000360608756000
0.0204333141000000 2.0877618800000000 0.0000360422200000
0.0205144212000000 2.0884039400000001 0.0000363809013000
0.0205144212000000 2.0884039400000001 0.0000363613071000
0.0205955282000000 2.0886178000000002 0.0000367363791000
0.0206766352000000 2.0892598599999999 0.0000370965208000
0.0206766352000000 2.0892598599999999 0.0000370759954000
0.0206766352000000 2.0896878200000000 0.0000374519987000
0.0207577422000000 2.0901157900000000 0.0000378028126000
0.0208388492000000 2.0903298900000000 0.0000377813485000
0.0210010633000000 2.0907578500000001 0.0000381918762000
0.0209199563000000 2.0909717099999998 0.0000381620193000
0.0209199563000000 2.0913999099999998 0.0000385660132000
0.0210821703000000 2.0920417300000000 0.0000389774723000
0.0210010633000000 2.0920417300000000 0.0000389560118000
0.0211632773000000 2.0924696900000002 0.0000393432128000
0.0211632773000000 2.0924696900000002 0.0000393264199000
0.0212443843000000 2.0928976499999998 0.0000397556032000
0.0213254914000000 2.0933256099999999 0.0000401801262000
0.0212443843000000 2.0931117499999998 0.0000401549332000
0.0213254914000000 2.0937538099999999 0.0000405943792000
0.0214877054000000 2.0941817800000000 0.0000409853128000
0.0214065984000000 2.0943956400000001 0.0000409535896000
0.0215688124000000 2.0948235999999998 0.0000432937704000
0.0215688124000000 2.0948235999999998 0.0000417265765000
0.0216499195000000 2.0952515599999999 0.0000420903889000
0.0217310265000000 2.0956795200000000 0.0000425754733000
0.0217310265000000 2.0958936200000000 0.0000425194994000
0.0218121335000000 2.0963215800000001 0.0000429952597000
0.0218121335000000 2.0963215800000001 0.0000429579413000
0.0218932256000000 2.0967495399999998 0.0000434710164000
0.0218932256000000 2.0971775099999999 0.0000440120712000
0.0219743326000000 2.0971775099999999 0.0000439840805000
0.0220554397000000 2.0978195700000000 0.0000445064834000
0.0221365467000000 2.0984616300000001 0.0000451035121000
0.0221365467000000 2.0984616300000001 0.0000450288753000
0.0221365467000000 2.0986754900000002 0.0000456445669000
0.0221365467000000 2.0988895900000002 0.0000456165762000
0.0222176537000000 2.0995314100000000 0.0000461856216000
0.0223798677000000 2.0997455100000000 0.0000468013059000
0.0223798677000000 2.0997455100000000 0.0000467639875000
0.0224609748000000 2.1003873300000002 0.0000473983346000
0.0224609748000000 2.1008155300000002 0.0000480606614000
0.0225420818000000 2.1010293999999998 0.0000480046874000
0.0226231888000000 2.1012434999999998 0.0000487229881000
0.0226231888000000 2.1012434999999998 0.0000486390272000
0.0227042958000000 2.1018853200000001 0.0000493759799000
0.0227854028000000 2.1023132800000002 0.0000500849492000
0.0227854028000000 2.1020994200000001 0.0000499450252000
0.0227854028000000 2.1027412399999998 0.0000508032499000
0.0229476169000000 2.1027412399999998 0.0000507566037000
0.0228665099000000 2.1031694399999998 0.0000515868487000
0.0230287239000000 2.1035974000000000 0.0000524544012000
0.0230287239000000 2.1038112600000001 0.0000523517920000
0.0231098309000000 2.1040253600000001 0.0000532379963000
0.0232720450000000 2.1046671899999998 0.0000541801855000
0.0231098309000000 2.1046671899999998 0.0000540682413000
0.0231909379000000 2.1050951499999999 0.0000550570730000
0.0232720450000000 2.1050951499999999 0.0000549824363000
0.0234342590000000 2.1055233499999999 0.0000559805958000
0.0234342590000000 2.1059513100000000 0.0000570347183000
0.0234342590000000 2.1059513100000000 0.0000569321091000
0.0235153660000000 2.1065931299999998 0.0000581261666000
0.0234342590000000 2.1065931299999998 0.0000579955595000
0.0235964730000000 2.1072351899999999 0.0000592176038000
0.0236775652000000 2.1076631500000000 0.0000605235982000
0.0236775652000000 2.1076631500000000 0.0000603836706000
0.0236775652000000 2.1078772500000000 0.0000616616817000
0.0238397792000000 2.1083052200000001 0.0000631542498000
0.0238397792000000 2.1085190800000002 0.0000630609647000
0.0238397792000000 2.1089470399999999 0.0000645535329000
0.0239208862000000 2.1089470399999999 0.0000644229294000
0.0240019932000000 2.1093750000000000 0.0000660367732000
0.0240019932000000 2.1100170600000001 0.0000676879208000
0.0240831003000000 2.1098032000000000 0.0000675479969000
0.0241642073000000 2.1104450199999998 0.0000696375864000
0.0242453143000000 2.1108729799999999 0.0000718111405000
0.0241642073000000 2.1108729799999999 0.0000715685965000
0.0243264213000000 2.1113009500000000 0.0000740313335000
0.0243264213000000 2.1113009500000000 0.0000737981318000
0.0243264213000000 2.1117289100000001 0.0000762981654000
0.0244886354000000 2.1123709700000002 0.0000793019644000
0.0244075283000000 2.1121571100000001 0.0000790500999000
0.0245697424000000 2.1127989299999999 0.0000822311413000
0.0245697424000000 2.1127989299999999 0.0000819232955000
0.0246508494000000 2.1132268900000000 0.0000855427788000
0.0247319564000000 2.1136548500000001 0.0000894887489000
0.0247319564000000 2.1136548500000001 0.0000891622549000
0.0248130634000000 2.1140828100000002 0.0000939384627000
0.0248941705000000 2.1147248699999999 0.0000994796210000
0.0248941705000000 2.1147248699999999 0.0000990691697000
0.0249752775000000 2.1151528399999999 0.0001057297490000
0.0249752775000000 2.1151528399999999 0.0001051420550000
0.0250563845000000 2.1155808000000000 0.0001124089830000
0.0251374915000000 2.1160087600000002 0.0001226237360000
0.0250563845000000 2.1160087600000002 0.0001216255990000
0.0251374915000000 2.1162228600000001 0.0001330344090000
0.0252185985000000 2.1164367199999998 0.0001317564020000
0.0252997056000000 2.1168649199999998 0.0001461223730000
0.0252997056000000 2.1172928799999999 0.0001624193390000
0.0253808126000000 2.1172928799999999 0.0001607215380000
0.0253808126000000 2.1177208400000000 0.0001839216420000
0.0255430117000000 2.1181488000000002 0.0002109464550000
0.0255430117000000 2.1181488000000002 0.0002078400430000
0.0256241187000000 2.1187906299999999 0.0002391186720000
0.0256241187000000 2.1187906299999999 0.0002361148800000
0.0257052258000000 2.1190047299999999 0.0002689420360000
0.0257863328000000 2.1194326900000000 0.0003074969570000
0.0257863328000000 2.1196467900000000 0.0003045024640000
0.0259485468000000 2.1198606500000001 0.0003440461590000
0.0258674398000000 2.1202886099999998 0.0003842709120000
0.0258674398000000 2.1202886099999998 0.0003809219340000
0.0260296538000000 2.1209306699999999 0.0003809219340000
0.0259485468000000 2.1207165699999999 0.0004184732680000
0.0260296538000000 2.1211445300000000 0.0004618635580000
0.0261107609000000 2.1217865900000001 0.0005061890120000
0.0261918679000000 2.1215727300000000 0.0005001106180000
0.0263540819000000 2.1220006900000001 0.0005458388480000
0.0262729749000000 2.1220006900000001 0.0005416306670000
0.0263540819000000 2.1224286600000002 0.0005838053770000
0.0264351889000000 2.1228566199999999 0.0006292529870000
0.0264351889000000 2.1228566199999999 0.0006254189070000
0.0264351889000000 2.1232845800000000 0.0006697443310000
0.0265974030000000 2.1237125400000001 0.0007128540890000
0.0265974030000000 2.1234984400000001 0.0007096746700000
0.0266785100000000 2.1241405000000002 0.0007497920310000
0.0265974030000000 2.1239266400000001 0.0007465190720000
0.0266785100000000 2.1243546000000002 0.0007937433550000
0.0267596170000000 2.1249964200000000 0.0008404067480000
0.0268407241000000 2.1249964200000000 0.0008359180650000
0.0269218311000000 2.1252105200000000 0.0008823007230000
0.0269218311000000 2.1254243900000001 0.0008782796790000
0.0269218311000000 2.1256384800000001 0.0009225116230000
0.0270840451000000 2.1260664500000002 0.0009700165830000
0.0270029381000000 2.1262805500000002 0.0009660889630000
0.0271651521000000 2.1264944099999998 0.0010111625300000
0.0272462443000000 2.1269223700000000 0.0010563295800000
0.0271651521000000 2.1269223700000000 0.0010527760000000
0.0272462443000000 2.1271364699999999 0.0010956053200000
0.0272462443000000 2.1273503300000001 0.0010924259000000
0.0273273513000000 2.1277782900000002 0.0011396502400000
0.0274084583000000 2.1279923900000002 0.0011852848100000
0.0274084583000000 2.1282062499999999 0.0011807963000000
0.0274895653000000 2.1288483100000000 0.0012271789600000
0.0275706723000000 2.1290624100000000 0.0012697276000000
0.0276517794000000 2.1290624100000000 0.0012664545800000
0.0277328864000000 2.1292762800000000 0.0013134920700000
0.0276517794000000 2.1294903800000000 0.0013096580500000
0.0278139934000000 2.1297042400000001 0.0013523937700000
0.0278139934000000 2.1303462999999998 0.0013986828300000
0.0278951004000000 2.1301321999999998 0.0013947554400000
0.0278951004000000 2.1303462999999998 0.0014362754300000
0.0279762074000000 2.1305601599999999 0.0014311320800000
0.0279762074000000 2.1312022200000000 0.0014792917100000
0.0281384215000000 2.1314163200000000 0.0015248326800000
0.0280573145000000 2.1316301800000002 0.0015206246200000
0.0281384215000000 2.1318442800000001 0.0015663526700000
0.0283006355000000 2.1322722399999998 0.0016097433400000
0.0283006355000000 2.1322722399999998 0.0016054415600000
0.0283817425000000 2.1329140700000000 0.0016535077000000
0.0283817425000000 2.1327001999999999 0.0016486448000000
0.0284628496000000 2.1331281700000000 0.0016940924100000
0.0285439566000000 2.1335561300000001 0.0017388855300000
0.0284628496000000 2.1337702300000001 0.0017349579100000
0.0286250636000000 2.1339840899999998 0.0017784418300000
0.0285439566000000 2.1339840899999998 0.0017722698400000
0.0286250636000000 2.1344120499999999 0.0018190265400000
0.0287872776000000 2.1346261499999999 0.0018638196600000
0.0287061706000000 2.1348400100000000 0.0018605466500000
0.0288683847000000 2.1352679700000001 0.0019056201000000
0.0288683847000000 2.1356961700000001 0.0019473271700000
0.0288683847000000 2.1354820700000001 0.0019437739400000
0.0289494917000000 2.1361241299999998 0.0019902500800000
0.0289494917000000 2.1361241299999998 0.0019855743700000
0.0290305838000000 2.1363379999999998 0.0020297130100000
0.0291116908000000 2.1367659600000000 0.0020750670200000
0.0291927978000000 2.1367659600000000 0.0020711391700000
0.0292739049000000 2.1371939200000001 0.0021107890600000
0.0293550119000000 2.1376218800000002 0.0021595098100000
0.0292739049000000 2.1376218800000002 0.0021547405000000
0.0293550119000000 2.1380500800000002 0.0022012167600000
0.0293550119000000 2.1380500800000002 0.0021975699300000
0.0294361189000000 2.1384780399999999 0.0022432042800000
0.0295983329000000 2.1389060000000000 0.0022876232400000
0.0295983329000000 2.1389060000000000 0.0022846309000000
0.0295983329000000 2.1393339600000001 0.0023322294000000
0.0296794400000000 2.1395478200000002 0.0023271795400000
0.0296794400000000 2.1399757899999998 0.0023736560300000
0.0297605470000000 2.1401898899999998 0.0024201320500000
0.0297605470000000 2.1399757899999998 0.0024160177000000
0.0299227610000000 2.1406178499999999 0.0024581921800000
0.0300038680000000 2.1410458100000000 0.0025061646000000
0.0299227610000000 2.1412599100000000 0.0025016760900000
0.0300849751000000 2.1414737700000002 0.0025473106700000
0.0300849751000000 2.1412599100000000 0.0025422608000000
0.0300849751000000 2.1416878700000002 0.0025881759400000
0.0302471891000000 2.1421158299999998 0.0026305376100000
0.0302471891000000 2.1419017299999998 0.0026272649400000
0.0303282961000000 2.1425437899999999 0.0026738345600000
0.0303282961000000 2.1425437899999999 0.0026690652600000
0.0304094031000000 2.1429717500000001 0.0027153545500000
0.0304905102000000 2.1433997200000001 0.0027610827200000
0.0304905102000000 2.1433997200000001 0.0027579970200000
0.0304905102000000 2.1436138200000001 0.0027983011700000
0.0304905102000000 2.1440417799999998 0.0028479569600000
0.0305716172000000 2.1442556399999999 0.0028433748500000
0.0306527242000000 2.1446838399999999 0.0028890094300000
0.0306527242000000 2.1446838399999999 0.0028841465200000
0.0308149233000000 2.1451118000000000 0.0029304358200000
0.0308149233000000 2.1453256600000001 0.0029743872600000
0.0308149233000000 2.1455397600000001 0.0029697117900000
0.0309771374000000 2.1459677199999998 0.0030158138800000
0.0309771374000000 2.1459677199999998 0.0030121665900000
0.0310582444000000 2.1463956799999999 0.0030591106000000
0.0311393514000000 2.1468236400000000 0.0031050257400000
0.0311393514000000 2.1468236400000000 0.0030981993800000
0.0312204584000000 2.1470377400000000 0.0031411221700000
0.0312204584000000 2.1476795700000002 0.0031897493200000
0.0313015655000000 2.1474657100000001 0.0031864761800000
0.0313826725000000 2.1481075299999999 0.0032317368300000
0.0313015655000000 2.1478936700000002 0.0032276220200000
0.0314637795000000 2.1483216299999999 0.0032740982700000
0.0314637795000000 2.1487495900000000 0.0033177693800000
0.0314637795000000 2.1487495900000000 0.0033140287300000
0.0316259935000000 2.1491775500000001 0.0033585412900000
0.0316259935000000 2.1498196100000002 0.0034030536200000
0.0316259935000000 2.1496055100000002 0.0033991262300000
0.0317071006000000 2.1498196100000002 0.0034442930500000
0.0317882076000000 2.1500334699999999 0.0034392434200000
0.0318693146000000 2.1504614399999999 0.0034796414000000
0.0319504216000000 2.1508894000000001 0.0035288296600000
0.0319504216000000 2.1506755399999999 0.0035250890100000
0.0320315287000000 2.1511035000000001 0.0035716586300000
0.0319504216000000 2.1511035000000001 0.0035666090000000
0.0320315287000000 2.1517455600000002 0.0036140203000000
0.0321937427000000 2.1519594199999998 0.0036581589400000
0.0321126357000000 2.1519594199999998 0.0036536699600000
0.0321937427000000 2.1526014800000000 0.0037005206100000
0.0322748497000000 2.1528153400000001 0.0037464357400000
0.0323559567000000 2.1528153400000001 0.0037423209300000
0.0324370638000000 2.1532433000000002 0.0037870206900000
0.0324370638000000 2.1530294400000001 0.0037827189100000
0.0324370638000000 2.1536712599999999 0.0038267637100000
0.0325992629000000 2.1540994599999999 0.0038738010900000
0.0325181708000000 2.1540994599999999 0.0038703412300000
0.0326803699000000 2.1545274299999999 0.0039156950100000
0.0326803699000000 2.1547412900000000 0.0039110193000000
0.0326803699000000 2.1547412900000000 0.0039590857900000
0.0328425840000000 2.1553833500000001 0.0040024756500000
0.0328425840000000 2.1551692500000001 0.0039985482600000
0.0329236910000000 2.1558113099999998 0.0040458664300000
0.0329236910000000 2.1560251699999999 0.0040897238100000
0.0329236910000000 2.1562392699999999 0.0040845805800000
0.0330047980000000 2.1564533699999999 0.0040845805800000
0.0330047980000000 2.1564533699999999 0.0041595352800000
0.0330859050000000 2.1568813300000000 0.0041893790500000
0.0331670120000000 2.1573092900000002 0.0042388089900000
0.0331670120000000 2.1570951900000002 0.0042276172900000
0.0332481191000000 2.1577372600000002 0.0042723831700000
0.0333292261000000 2.1581652199999999 0.0043171499900000
0.0334103331000000 2.1581652199999999 0.0043115541300000
0.0334103331000000 2.1585931800000000 0.0043581854600000
0.0334914401000000 2.1585931800000000 0.0043535223200000
0.0334914401000000 2.1590211400000001 0.0043973564200000
0.0335725471000000 2.1594490999999998 0.0044439882000000
0.0335725471000000 2.1592352400000001 0.0044374591700000
0.0338158682000000 2.1598770599999999 0.0044822250500000
0.0337347612000000 2.1598770599999999 0.0044766292000000
0.0338158682000000 2.1603050200000000 0.0045213960100000
0.0338969752000000 2.1607329800000001 0.0045680278000000
0.0338969752000000 2.1605191200000000 0.0045624319500000
0.0338969752000000 2.1611611800000001 0.0046090632700000
0.0339780822000000 2.1615891500000002 0.0046519641800000
0.0340591893000000 2.1613750500000002 0.0046500987400000
0.0341402963000000 2.1618030099999999 0.0046920669300000
0.0340591893000000 2.1618030099999999 0.0046855383600000
0.0341402963000000 2.1622309700000000 0.0047284397300000
0.0342214033000000 2.1624450700000000 0.0047769369600000
0.0342214033000000 2.1626589300000001 0.0047732065400000
0.0343025103000000 2.1628730300000001 0.0048123765700000
0.0343025103000000 2.1628730300000001 0.0048151747300000
0.0343836024000000 2.1633009900000002 0.0048562106700000
0.0344647095000000 2.1639430499999999 0.0049019092700000
0.0344647095000000 2.1637289499999999 0.0049000433600000
0.0345458165000000 2.1643710100000000 0.0049420120200000
0.0347080305000000 2.1645848800000000 0.0049849129300000
0.0346269235000000 2.1645848800000000 0.0049811829800000
0.0347891375000000 2.1652269400000002 0.0050278143000000
0.0347891375000000 2.1647989700000001 0.0050175553200000
0.0347891375000000 2.1654407999999998 0.0050679170500000
0.0349513516000000 2.1660828599999999 0.0051117511500000
0.0349513516000000 2.1660828599999999 0.0051080207300000
0.0350324586000000 2.1662969599999999 0.0051518539000000
0.0350324586000000 2.1667249200000001 0.0051956879900000
0.0351135656000000 2.1665108200000001 0.0051938220900000
0.0351946726000000 2.1671528800000002 0.0052395220800000
0.0351946726000000 2.1669387800000002 0.0052339262300000
0.0351946726000000 2.1675808399999998 0.0052786921200000
0.0352757797000000 2.1677947000000000 0.0053225257400000
0.0353568867000000 2.1677947000000000 0.0053225257400000
0.0353568867000000 2.1682229000000000 0.0053626284900000
0.0353568867000000 2.1682229000000000 0.0053560999200000
0.0355191007000000 2.1686508700000000 0.0054036644300000
0.0356002077000000 2.1690788300000001 0.0054502957500000
0.0355191007000000 2.1690788300000001 0.0054437671800000
0.0356002077000000 2.1695067899999998 0.0054885339900000
0.0357624218000000 2.1699347499999999 0.0055332998700000
0.0356813148000000 2.1697206499999999 0.0055277040200000
0.0358435288000000 2.1703627100000000 0.0055780666900000
0.0358435288000000 2.1703627100000000 0.0055715381200000
0.0359246358000000 2.1707906700000001 0.0056163035300000
0.0360057428000000 2.1712186299999998 0.0056620035300000
0.0360057428000000 2.1712186299999998 0.0056545417800000
0.0360057428000000 2.1714327299999998 0.0056983758700000
0.0360868499000000 2.1716465999999999 0.0056965104300000
0.0361679420000000 2.1718606899999999 0.0057431417500000
0.0361679420000000 2.1722886600000000 0.0057869758500000
0.0362490490000000 2.1722886600000000 0.0057851099400000
0.0363301560000000 2.1727166200000001 0.0058298772200000
0.0364112630000000 2.1731445800000002 0.0058718454100000
0.0364112630000000 2.1729307200000001 0.0058681140700000
0.0364112630000000 2.1735725399999999 0.0059156785700000
0.0364923701000000 2.1737866399999999 0.0059110154400000
0.0364923701000000 2.1740005000000000 0.0059595122000000
0.0366545841000000 2.1744284600000001 0.0060033453600000
0.0365734771000000 2.1742146000000000 0.0059958850000000
0.0366545841000000 2.1746425600000001 0.0060406508900000
0.0367356911000000 2.1750705199999998 0.0060854177000000
0.0367356911000000 2.1750705199999998 0.0060807545700000
0.0368167982000000 2.1754984899999998 0.0061264531700000
0.0368979052000000 2.1757125899999998 0.0061180600900000
0.0368979052000000 2.1757125899999998 0.0061674886400000
0.0370601192000000 2.1763544100000001 0.0062057268800000
0.0370601192000000 2.1763544100000001 0.0062010637500000
0.0370601192000000 2.1765685100000001 0.0062476955400000
0.0371412262000000 2.1767823700000002 0.0062448969100000
0.0371412262000000 2.1769964700000002 0.0062896637200000
0.0372223333000000 2.1776385299999999 0.0063325651000000
0.0372223333000000 2.1774244299999999 0.0063279010400000
0.0373034403000000 2.1776385299999999 0.0063736005700000
0.0374656543000000 2.1782803500000001 0.0064183664500000
0.0374656543000000 2.1782803500000001 0.0064146360400000
0.0374656543000000 2.1787083100000002 0.0064584692000000
0.0374656543000000 2.1789224100000002 0.0064510088400000
0.0375467613000000 2.1791362799999998 0.0064948415400000
0.0377089754000000 2.1795644799999998 0.0065358784000000
0.0375467613000000 2.1795644799999998 0.0065321470600000
0.0377089754000000 2.1799924399999999 0.0065769138700000
0.0377900824000000 2.1799924399999999 0.0065741152500000
0.0378711894000000 2.1804204000000000 0.0066170166200000
0.0379522815000000 2.1806342600000002 0.0066636479500000
0.0378711894000000 2.1806342600000002 0.0066543221500000
0.0380333886000000 2.1812763199999998 0.0066981562400000
0.0380333886000000 2.1814901799999999 0.0067447875600000
0.0381144956000000 2.1817042799999999 0.0067401244300000
0.0381956026000000 2.1819183799999999 0.0067830244100000
0.0381956026000000 2.1819183799999999 0.0067755640500000
0.0382767096000000 2.1821322400000001 0.0068184654200000
0.0383578166000000 2.1825602100000001 0.0068576354500000
0.0382767096000000 2.1827743100000001 0.0068539050400000
0.0383578166000000 2.1832022699999998 0.0068968064200000
0.0384389237000000 2.1838440900000000 0.0069406391100000
0.0384389237000000 2.1836302299999999 0.0069369091700000
0.0385200307000000 2.1838440900000000 0.0069807432600000
0.0386011377000000 2.1838440900000000 0.0069742142200000
0.0386822447000000 2.1842722900000000 0.0070208460100000
0.0386822447000000 2.1849141099999998 0.0070665446100000
0.0386011377000000 2.1847002500000001 0.0070609487600000
0.0388444588000000 2.1849141099999998 0.0071019842300000
0.0387633517000000 2.1851282099999998 0.0070954565900000
0.0389255658000000 2.1855561699999999 0.0071420879100000
0.0389255658000000 2.1857700300000000 0.0071831238500000
0.0390066728000000 2.1859841300000000 0.0071737975800000
0.0390877798000000 2.1864121000000001 0.0072204289000000
0.0390877798000000 2.1866262000000001 0.0072689252000000
0.0391688868000000 2.1866262000000001 0.0072642620700000
0.0391688868000000 2.1868400600000002 0.0073025003100000
0.0391688868000000 2.1870541600000002 0.0072997026100000
0.0393311009000000 2.1872680199999999 0.0073416712700000
0.0393311009000000 2.1876959800000000 0.0073873698700000
