# current [A] 	 voltage [V] 	 power [W] 	 wavelenght:635.0 nm	 2017-01-09 15:57
7.562339310000e-05 1.007532120000e+00 -1.854725480000e-09
7.562339310000e-05 1.763992550000e+00 2.308846620000e-08
1.567304130000e-04 1.775762080000e+00 2.420116730000e-08
2.378374340000e-04 1.800585270000e+00 5.387337510000e-08
2.378374340000e-04 1.815992590000e+00 8.920189740000e-08
2.378374340000e-04 1.816206460000e+00 8.957277230000e-08
3.189444540000e-04 1.827762130000e+00 1.299084570000e-07
4.000514750000e-04 1.836535690000e+00 1.708004900000e-07
4.811584950000e-04 1.836749790000e+00 1.720059260000e-07
4.811584950000e-04 1.844453330000e+00 2.200377760000e-07
4.811584950000e-04 1.844239470000e+00 2.209650770000e-07
5.622655150000e-04 1.850659130000e+00 2.702023780000e-07
6.433725360000e-04 1.856222870000e+00 3.216651410000e-07
7.244795560000e-04 1.856222870000e+00 3.223142360000e-07
8.055865760000e-04 1.860716820000e+00 3.708097720000e-07
8.055865760000e-04 1.860716820000e+00 3.721079340000e-07
8.055865760000e-04 1.865638490000e+00 4.317305700000e-07
8.866861460000e-04 1.869704480000e+00 4.925586270000e-07
8.866861460000e-04 1.869704480000e+00 4.935785110000e-07
9.677931670000e-04 1.873342280000e+00 5.568174400000e-07
1.130007210000e-03 1.877194170000e+00 6.179236610000e-07
1.048900190000e-03 1.876980070000e+00 6.188508910000e-07
1.130007210000e-03 1.880618100000e+00 6.853352940000e-07
1.130007210000e-03 1.880404000000e+00 6.857061980000e-07
1.211114230000e-03 1.883613820000e+00 7.520977760000e-07
1.373328270000e-03 1.886823890000e+00 8.203438140000e-07
1.292221250000e-03 1.886823890000e+00 8.202511590000e-07
1.373328270000e-03 1.889177800000e+00 8.861791230000e-07
1.454435290000e-03 1.892173530000e+00 9.600814790000e-07
1.454435290000e-03 1.891959670000e+00 9.612867870000e-07
1.535542310000e-03 1.894527440000e+00 1.032407450000e-06
1.535542310000e-03 1.894741540000e+00 1.033056610000e-06
1.697756350000e-03 1.897095440000e+00 1.105753540000e-06
1.778855920000e-03 1.899449350000e+00 1.176317820000e-06
1.697756350000e-03 1.899449350000e+00 1.177523250000e-06
1.859962940000e-03 1.901589160000e+00 1.252909100000e-06
1.778855920000e-03 1.901803260000e+00 1.254392830000e-06
1.859962940000e-03 1.903729200000e+00 1.328944340000e-06
2.022176980000e-03 1.905655150000e+00 1.405813690000e-06
1.941069960000e-03 1.905869010000e+00 1.406370190000e-06
2.022176980000e-03 1.907581090000e+00 1.477305200000e-06
2.184391020000e-03 1.909720900000e+00 1.560294780000e-06
2.103284000000e-03 1.909720900000e+00 1.561407430000e-06
2.184391020000e-03 1.911646840000e+00 1.640502430000e-06
2.265498040000e-03 1.911860700000e+00 1.642727850000e-06
2.265498040000e-03 1.913572790000e+00 1.723955510000e-06
2.346605060000e-03 1.915284630000e+00 1.801474240000e-06
2.346605060000e-03 1.915498730000e+00 1.802865200000e-06
2.427712080000e-03 1.916996720000e+00 1.887060080000e-06
2.427712080000e-03 1.917210580000e+00 1.887894540000e-06
2.508819100000e-03 1.918922420000e+00 1.969307730000e-06
2.589926120000e-03 1.920420410000e+00 2.052111770000e-06
2.589926120000e-03 1.920420410000e+00 2.054059000000e-06
2.671025690000e-03 1.922132490000e+00 2.133339420000e-06
2.833239730000e-03 1.923844340000e+00 2.220130680000e-06
2.752132710000e-03 1.923844340000e+00 2.221892370000e-06
2.914346750000e-03 1.925342320000e+00 2.307107250000e-06
2.833239730000e-03 1.925128220000e+00 2.308590870000e-06
2.914346750000e-03 1.926840310000e+00 2.395196820000e-06
2.995453770000e-03 1.928338050000e+00 2.478000620000e-06
2.995453770000e-03 1.928124190000e+00 2.479669770000e-06
3.076560800000e-03 1.929836030000e+00 2.567202730000e-06
3.238774840000e-03 1.931334020000e+00 2.653437830000e-06
3.238774840000e-03 1.931334020000e+00 2.655385060000e-06
3.238774840000e-03 1.932617900000e+00 2.742918010000e-06
3.238774840000e-03 1.932617900000e+00 2.745143320000e-06
3.319881860000e-03 1.933902030000e+00 2.828225660000e-06
3.400988880000e-03 1.935400010000e+00 2.924474980000e-06
3.400988880000e-03 1.935185910000e+00 2.926978370000e-06
3.482095900000e-03 1.936897750000e+00 3.017942390000e-06
3.563195470000e-03 1.936897750000e+00 3.019889620000e-06
3.563195470000e-03 1.938181880000e+00 3.113635330000e-06
3.644302490000e-03 1.939465760000e+00 3.203022970000e-06
3.644302490000e-03 1.939465760000e+00 3.203579130000e-06
3.806516530000e-03 1.940749650000e+00 3.299921220000e-06
3.806516530000e-03 1.941819670000e+00 3.392368630000e-06
3.806516530000e-03 1.942033530000e+00 3.393573930000e-06
3.968730570000e-03 1.943531510000e+00 3.487783490000e-06
3.887623550000e-03 1.943317650000e+00 3.489359640000e-06
3.968730570000e-03 1.944387440000e+00 3.578098360000e-06
4.130944610000e-03 1.945671560000e+00 3.677129140000e-06
4.049837590000e-03 1.945671560000e+00 3.678612980000e-06
4.130944610000e-03 1.946955440000e+00 3.774305920000e-06
4.212051630000e-03 1.946955440000e+00 3.776067620000e-06
4.293158650000e-03 1.948239330000e+00 3.872873090000e-06
4.293158650000e-03 1.949095250000e+00 3.964393270000e-06
4.293158650000e-03 1.949309350000e+00 3.965598810000e-06
4.455365240000e-03 1.950593230000e+00 4.066206200000e-06
4.455365240000e-03 1.951449160000e+00 4.339436150000e-06
4.455365240000e-03 1.951663260000e+00 4.192953840000e-06
4.617579280000e-03 1.952733280000e+00 4.277857900000e-06
4.536472260000e-03 1.952733280000e+00 4.274125330000e-06
4.617579280000e-03 1.953803060000e+00 4.362761960000e-06
4.779793320000e-03 1.954873090000e+00 4.461660860000e-06
4.779793320000e-03 1.955087180000e+00 4.463526690000e-06
4.779793320000e-03 1.956156970000e+00 4.557761260000e-06
4.942007360000e-03 1.957013130000e+00 4.662258110000e-06
4.779793320000e-03 1.957013130000e+00 4.664123940000e-06
4.942007360000e-03 1.958082910000e+00 4.758358500000e-06
4.942007360000e-03 1.958082910000e+00 4.759290730000e-06
5.023114380000e-03 1.959152940000e+00 4.865654770000e-06
5.104221400000e-03 1.960222960000e+00 4.967352650000e-06
5.104221400000e-03 1.960436820000e+00 4.965485910000e-06
5.185328420000e-03 1.961292980000e+00 5.067184250000e-06
5.185328420000e-03 1.961292980000e+00 5.067184250000e-06
5.347535010000e-03 1.962148900000e+00 5.167016750000e-06
5.347535010000e-03 1.963432790000e+00 5.272447200000e-06
5.347535010000e-03 1.963432790000e+00 5.270581370000e-06
5.509749050000e-03 1.964288710000e+00 5.375078670000e-06
5.509749050000e-03 1.965144630000e+00 5.482374950000e-06
5.509749050000e-03 1.965358730000e+00 5.483307180000e-06
5.590856080000e-03 1.966428760000e+00 5.580340710000e-06
5.590856080000e-03 1.966214660000e+00 5.580340710000e-06
5.590856080000e-03 1.967284680000e+00 5.687636990000e-06
5.753070120000e-03 1.968354700000e+00 5.794933260000e-06
5.753070120000e-03 1.968140600000e+00 5.792134290000e-06
5.834177140000e-03 1.968996520000e+00 5.895698910000e-06
5.834177140000e-03 1.969424490000e+00 5.892899940000e-06
5.834177140000e-03 1.970066550000e+00 5.989932560000e-06
5.996391180000e-03 1.971136570000e+00 6.101894540000e-06
5.996391180000e-03 1.971350430000e+00 6.103759920000e-06
6.077498200000e-03 1.971992490000e+00 6.211989780000e-06
6.158605220000e-03 1.973062520000e+00 6.323017260000e-06
6.158605220000e-03 1.973062520000e+00 6.322084570000e-06
6.239704790000e-03 1.974132300000e+00 6.427514110000e-06
6.239704790000e-03 1.973918440000e+00 6.425648730000e-06
6.320811810000e-03 1.974988460000e+00 6.538542950000e-06
6.401918830000e-03 1.975844380000e+00 6.643973390000e-06
6.401918830000e-03 1.975844380000e+00 6.643973390000e-06
6.564132870000e-03 1.976914170000e+00 6.755001780000e-06
6.564132870000e-03 1.977770330000e+00 6.858565940000e-06
6.564132870000e-03 1.977556230000e+00 6.855766970000e-06
6.564132870000e-03 1.978626250000e+00 6.972393290000e-06
6.645239890000e-03 1.978626250000e+00 6.974259120000e-06
6.726346910000e-03 1.979482170000e+00 7.083422130000e-06
6.807453930000e-03 1.980338100000e+00 7.193517380000e-06
6.807453930000e-03 1.980338100000e+00 7.196316350000e-06
6.807453930000e-03 1.981194020000e+00 7.302679020000e-06
6.888560950000e-03 1.981194020000e+00 7.300813650000e-06
7.050774990000e-03 1.982264040000e+00 7.418372210000e-06
7.050774990000e-03 1.982906100000e+00 7.527535220000e-06
7.131874560000e-03 1.982906100000e+00 7.527535220000e-06
7.131874560000e-03 1.983762030000e+00 7.641361660000e-06
7.212981580000e-03 1.984617950000e+00 7.744926730000e-06
7.212981580000e-03 1.984617950000e+00 7.744926730000e-06
7.294088600000e-03 1.985473870000e+00 7.866217860000e-06
7.294088600000e-03 1.985473870000e+00 7.864351570000e-06
7.375195620000e-03 1.986329790000e+00 7.980045670000e-06
7.456302640000e-03 1.986971860000e+00 8.096671080000e-06
7.456302640000e-03 1.987185960000e+00 8.096671080000e-06
7.537409660000e-03 1.987827780000e+00 8.204900950000e-06
7.537409660000e-03 1.988041880000e+00 8.206766320000e-06
7.618516680000e-03 1.988897800000e+00 8.322459510000e-06
7.699623700000e-03 1.989539860000e+00 8.438153600000e-06
7.699623700000e-03 1.989753720000e+00 8.440019880000e-06
7.699623700000e-03 1.990181680000e+00 8.552913640000e-06
7.861837740000e-03 1.991251710000e+00 8.662075740000e-06
7.780730720000e-03 1.991251710000e+00 8.662075740000e-06
7.942944770000e-03 1.991893770000e+00 8.779636120000e-06
7.942944770000e-03 1.992107630000e+00 8.782434630000e-06
8.024044330000e-03 1.992963550000e+00 8.900927240000e-06
8.105151360000e-03 1.993605610000e+00 9.019419850000e-06
8.105151360000e-03 1.993605610000e+00 9.019419850000e-06
8.186258380000e-03 1.994247670000e+00 9.134179890000e-06
8.267365400000e-03 1.995317460000e+00 9.253605640000e-06
8.267365400000e-03 1.995317460000e+00 9.250806220000e-06
8.348472420000e-03 1.995959520000e+00 9.367433450000e-06
8.348472420000e-03 1.995959520000e+00 9.365566260000e-06
8.348472420000e-03 1.996815440000e+00 9.484059770000e-06
8.510686460000e-03 1.997457500000e+00 9.592286910000e-06
8.510686460000e-03 1.997671370000e+00 9.596952620000e-06
8.591793480000e-03 1.998313430000e+00 9.724775740000e-06
8.591793480000e-03 1.998313430000e+00 9.722908540000e-06
8.672900500000e-03 1.998955490000e+00 9.844201490000e-06
8.754007520000e-03 2.000025270000e+00 9.968292940000e-06
8.754007520000e-03 2.000025270000e+00 9.971091460000e-06
8.835114540000e-03 2.000667330000e+00 1.009331390000e-05
8.916214110000e-03 2.001523260000e+00 1.021927260000e-05
8.916214110000e-03 2.001523260000e+00 1.021740540000e-05
8.916214110000e-03 2.002165320000e+00 1.034242910000e-05
9.078428150000e-03 2.002165320000e+00 1.033963050000e-05
9.078428150000e-03 2.003021240000e+00 1.046092070000e-05
9.078428150000e-03 2.003877160000e+00 1.057754710000e-05
9.159535170000e-03 2.003663300000e+00 1.057941430000e-05
9.240642190000e-03 2.004519220000e+00 1.071096810000e-05
9.321749210000e-03 2.004519220000e+00 1.071003590000e-05
9.321749210000e-03 2.005375150000e+00 1.083785810000e-05
9.402856230000e-03 2.006017210000e+00 1.096101550000e-05
9.402856230000e-03 2.006017210000e+00 1.096381400000e-05
9.483963250000e-03 2.006873130000e+00 1.108510700000e-05
9.646177290000e-03 2.007515190000e+00 1.121479450000e-05
9.483963250000e-03 2.007515190000e+00 1.121199510000e-05
9.565070270000e-03 2.008157010000e+00 1.133701880000e-05
9.727284310000e-03 2.008371110000e+00 1.133795290000e-05
9.727284310000e-03 2.009012940000e+00 1.146577600000e-05
9.808383880000e-03 2.009869100000e+00 1.158146820000e-05
9.808383880000e-03 2.009655000000e+00 1.158240050000e-05
9.889490900000e-03 2.010510920000e+00 1.171862000000e-05
9.889490900000e-03 2.010510920000e+00 1.171768780000e-05
9.970597920000e-03 2.011152980000e+00 1.184457870000e-05
1.005170490000e-02 2.011794810000e+00 1.198079640000e-05
1.005170490000e-02 2.011794810000e+00 1.198173050000e-05
1.013281200000e-02 2.012650970000e+00 1.210488700000e-05
1.021391900000e-02 2.013292790000e+00 1.223644180000e-05
1.021391900000e-02 2.013292790000e+00 1.223830800000e-05
1.029502600000e-02 2.013934850000e+00 1.236239950000e-05
1.029502600000e-02 2.014148710000e+00 1.236799740000e-05
1.037613300000e-02 2.014790770000e+00 1.249675280000e-05
1.045724000000e-02 2.015218730000e+00 1.261990930000e-05
1.045724000000e-02 2.015646700000e+00 1.261990930000e-05
1.053834710000e-02 2.016288760000e+00 1.275333030000e-05
1.061945410000e-02 2.016502620000e+00 1.288675140000e-05
1.061945410000e-02 2.016930820000e+00 1.288861590000e-05
1.070055370000e-02 2.017572640000e+00 1.301830530000e-05
1.070055370000e-02 2.017358780000e+00 1.302017150000e-05
1.078166070000e-02 2.018428560000e+00 1.314706060000e-05
1.086276770000e-02 2.018642660000e+00 1.328141570000e-05
1.086276770000e-02 2.018856530000e+00 1.328328020000e-05
1.094387470000e-02 2.019712690000e+00 1.341576810000e-05
1.094387470000e-02 2.019712690000e+00 1.341576810000e-05
1.102498170000e-02 2.020354510000e+00 1.355012140000e-05
1.118719580000e-02 2.020782470000e+00 1.366954710000e-05
1.110608880000e-02 2.021210430000e+00 1.366674860000e-05
1.118719580000e-02 2.021638630000e+00 1.381509630000e-05
1.126830280000e-02 2.022280450000e+00 1.395318300000e-05
1.126830280000e-02 2.022494550000e+00 1.395224810000e-05
1.134940980000e-02 2.022922520000e+00 1.409313430000e-05
1.134940980000e-02 2.023136380000e+00 1.409686500000e-05
1.143051680000e-02 2.023778440000e+00 1.422468810000e-05
1.151162390000e-02 2.024420500000e+00 1.436744060000e-05
1.151162390000e-02 2.024206400000e+00 1.436557340000e-05
1.151162390000e-02 2.025062320000e+00 1.450459240000e-05
1.159272340000e-02 2.024848460000e+00 1.450459240000e-05
1.167383040000e-02 2.025490280000e+00 1.464454360000e-05
1.175493750000e-02 2.026132350000e+00 1.477609750000e-05
1.175493750000e-02 2.026346450000e+00 1.477609750000e-05
1.183604450000e-02 2.026774410000e+00 1.492444790000e-05
1.191715150000e-02 2.027630330000e+00 1.506812990000e-05
1.191715150000e-02 2.027630330000e+00 1.506533140000e-05
1.199825850000e-02 2.028272150000e+00 1.521647850000e-05
1.199825850000e-02 2.028272150000e+00 1.520901610000e-05
1.207936560000e-02 2.028914210000e+00 1.534430160000e-05
1.216047260000e-02 2.029556270000e+00 1.549265110000e-05
1.216047260000e-02 2.029556270000e+00 1.549171610000e-05
1.224157960000e-02 2.030198100000e+00 1.563353540000e-05
1.232268660000e-02 2.030840160000e+00 1.577721920000e-05
1.232268660000e-02 2.031054260000e+00 1.577628430000e-05
1.240379360000e-02 2.031696080000e+00 1.591064030000e-05
1.240379360000e-02 2.031268120000e+00 1.590504140000e-05
1.248489320000e-02 2.032338140000e+00 1.605992110000e-05
1.256600020000e-02 2.032979970000e+00 1.621293450000e-05
1.256600020000e-02 2.032766100000e+00 1.620733560000e-05
1.264710720000e-02 2.033408160000e+00 1.635941770000e-05
1.264710720000e-02 2.033408160000e+00 1.636035090000e-05
1.272821430000e-02 2.034049990000e+00 1.650403460000e-05
1.280932130000e-02 2.034905910000e+00 1.665891430000e-05
1.280932130000e-02 2.034692050000e+00 1.665518180000e-05
1.289042830000e-02 2.035333870000e+00 1.680446440000e-05
1.297153530000e-02 2.035975930000e+00 1.695188080000e-05
1.305264230000e-02 2.035975930000e+00 1.695841090000e-05
1.313374940000e-02 2.036831860000e+00 1.709556270000e-05
1.305264230000e-02 2.036617990000e+00 1.709836220000e-05
1.313374940000e-02 2.037045960000e+00 1.725510990000e-05
1.321485640000e-02 2.037901880000e+00 1.740625700000e-05
1.321485640000e-02 2.037901880000e+00 1.740812150000e-05
1.321485640000e-02 2.038543940000e+00 1.755833550000e-05
1.329596340000e-02 2.038329840000e+00 1.755833550000e-05
1.337706300000e-02 2.038971900000e+00 1.770575180000e-05
1.345817000000e-02 2.039613720000e+00 1.786249960000e-05
1.345817000000e-02 2.039613720000e+00 1.786436410000e-05
1.353927700000e-02 2.040469880000e+00 1.801178040000e-05
1.362038400000e-02 2.040897850000e+00 1.816945950000e-05
1.362038400000e-02 2.041111710000e+00 1.816666010000e-05
1.370149110000e-02 2.041539670000e+00 1.831314150000e-05
1.370149110000e-02 2.041539670000e+00 1.831407640000e-05
1.378259810000e-02 2.042181730000e+00 1.848574900000e-05
1.378259810000e-02 2.042823790000e+00 1.864342810000e-05
1.386370510000e-02 2.043037650000e+00 1.864529620000e-05
1.394481210000e-02 2.043465610000e+00 1.880763920000e-05
1.402591910000e-02 2.044107680000e+00 1.896998220000e-05
1.402591910000e-02 2.043893580000e+00 1.896531830000e-05
1.410702620000e-02 2.044749740000e+00 1.913232700000e-05
1.410702620000e-02 2.044749740000e+00 1.912859440000e-05
1.418813320000e-02 2.045391560000e+00 1.929093920000e-05
1.426923270000e-02 2.045819520000e+00 1.945608160000e-05
1.426923270000e-02 2.045819520000e+00 1.945235090000e-05
1.435033980000e-02 2.046461580000e+00 1.960629740000e-05
1.435033980000e-02 2.046461580000e+00 1.960442930000e-05
1.443144680000e-02 2.047103640000e+00 1.977703690000e-05
1.443144680000e-02 2.047531600000e+00 1.994684500000e-05
1.451255380000e-02 2.047745470000e+00 1.994497870000e-05
1.459366080000e-02 2.048387530000e+00 2.011478680000e-05
1.467476790000e-02 2.048815490000e+00 2.027993110000e-05
1.467476790000e-02 2.048815490000e+00 2.027619670000e-05
1.475587490000e-02 2.049457550000e+00 2.044600480000e-05
1.475587490000e-02 2.049457550000e+00 2.044973920000e-05
1.475587490000e-02 2.049885510000e+00 2.061581290000e-05
1.491808890000e-02 2.050741430000e+00 2.078842040000e-05
1.491808890000e-02 2.050741430000e+00 2.078282160000e-05
1.499919590000e-02 2.051383260000e+00 2.094236880000e-05
1.499919590000e-02 2.051169400000e+00 2.093583680000e-05
1.499919590000e-02 2.051811460000e+00 2.112243780000e-05
1.516140250000e-02 2.052453280000e+00 2.130157740000e-05
1.516140250000e-02 2.052239420000e+00 2.129877980000e-05
1.524250950000e-02 2.053095340000e+00 2.147511800000e-05
1.532361660000e-02 2.053523300000e+00 2.165145630000e-05
1.532361660000e-02 2.053523300000e+00 2.164585750000e-05
1.532361660000e-02 2.054165360000e+00 2.182966090000e-05
1.540472360000e-02 2.054379220000e+00 2.182872780000e-05
1.548583060000e-02 2.054807190000e+00 2.200133530000e-05
1.556693760000e-02 2.055235150000e+00 2.219166890000e-05
1.556693760000e-02 2.055235150000e+00 2.218793820000e-05
1.564804460000e-02 2.055877210000e+00 2.235867760000e-05
1.572915170000e-02 2.056519270000e+00 2.255461190000e-05
1.572915170000e-02 2.056305170000e+00 2.254901300000e-05
1.581025870000e-02 2.057161090000e+00 2.272908390000e-05
1.581025870000e-02 2.056947230000e+00 2.273374960000e-05
1.589136570000e-02 2.057589050000e+00 2.291661990000e-05
1.589136570000e-02 2.058231120000e+00 2.309389130000e-05
1.597247270000e-02 2.058231120000e+00 2.309109190000e-05
1.605357230000e-02 2.058659080000e+00 2.328515800000e-05
1.605357230000e-02 2.058873180000e+00 2.327489530000e-05
1.605357230000e-02 2.059301140000e+00 2.347362720000e-05
1.621578630000e-02 2.059942960000e+00 2.365929500000e-05
1.621578630000e-02 2.059942960000e+00 2.365929500000e-05
1.621578630000e-02 2.060370920000e+00 2.382257300000e-05
1.637800040000e-02 2.061012980000e+00 2.403529830000e-05
1.637800040000e-02 2.061012980000e+00 2.403063440000e-05
1.645910740000e-02 2.061440940000e+00 2.423029760000e-05
1.637800040000e-02 2.061655040000e+00 2.422376750000e-05
1.654021440000e-02 2.062083010000e+00 2.442623190000e-05
1.662132140000e-02 2.062724830000e+00 2.462496200000e-05
1.662132140000e-02 2.062724830000e+00 2.461656550000e-05
1.662132140000e-02 2.063366890000e+00 2.483302520000e-05
1.670242850000e-02 2.063366890000e+00 2.482369380000e-05
1.678353550000e-02 2.063794850000e+00 2.502242570000e-05
1.678353550000e-02 2.064436910000e+00 2.523142030000e-05
1.686464250000e-02 2.064436910000e+00 2.522395520000e-05
1.694574210000e-02 2.064864870000e+00 2.541802310000e-05
1.694574210000e-02 2.065506700000e+00 2.563914500000e-05
1.702684910000e-02 2.065506700000e+00 2.563728050000e-05
1.710795610000e-02 2.066148760000e+00 2.585000580000e-05
1.710795610000e-02 2.065934900000e+00 2.584347570000e-05
1.718906310000e-02 2.066790820000e+00 2.605713420000e-05
1.727017020000e-02 2.067218780000e+00 2.626239620000e-05
1.727017020000e-02 2.067004680000e+00 2.625959860000e-05
1.735127720000e-02 2.067646740000e+00 2.648258670000e-05
1.743238420000e-02 2.068288800000e+00 2.669997780000e-05
1.743238420000e-02 2.068074700000e+00 2.668971680000e-05
1.751349120000e-02 2.068716760000e+00 2.690804100000e-05
1.751349120000e-02 2.068930630000e+00 2.689871140000e-05
1.759459820000e-02 2.069358590000e+00 2.710490660000e-05
1.767570530000e-02 2.070000650000e+00 2.734189180000e-05
1.767570530000e-02 2.069786550000e+00 2.733629300000e-05
1.775681230000e-02 2.070428610000e+00 2.756021420000e-05
1.767570530000e-02 2.070428610000e+00 2.756208230000e-05
1.775681230000e-02 2.070856570000e+00 2.779999890000e-05
1.783791180000e-02 2.071284530000e+00 2.802205560000e-05
1.791901890000e-02 2.071498630000e+00 2.801365920000e-05
1.791901890000e-02 2.071926590000e+00 2.825437510000e-05
1.808123290000e-02 2.072568660000e+00 2.849509290000e-05
1.808123290000e-02 2.072996620000e+00 2.849322660000e-05
1.816233990000e-02 2.073210480000e+00 2.872647930000e-05
1.816233990000e-02 2.072996620000e+00 2.872181540000e-05
1.824344690000e-02 2.073638440000e+00 2.894480350000e-05
1.824344690000e-02 2.074066400000e+00 2.920044790000e-05
1.832455400000e-02 2.074066400000e+00 2.919391590000e-05
1.840566100000e-02 2.074708460000e+00 2.943650000000e-05
1.840566100000e-02 2.074494360000e+00 2.942810350000e-05
1.840566100000e-02 2.075350520000e+00 2.967441830000e-05
1.848676800000e-02 2.075778480000e+00 2.992912780000e-05
1.856787500000e-02 2.075564380000e+00 2.990953540000e-05
1.864898200000e-02 2.076206450000e+00 3.016797930000e-05
1.873008160000e-02 2.076848270000e+00 3.042176100000e-05
1.873008160000e-02 2.076848270000e+00 3.042082610000e-05
1.873008160000e-02 2.077276470000e+00 3.068580190000e-05
1.881118860000e-02 2.077276470000e+00 3.067553550000e-05
1.881118860000e-02 2.077704430000e+00 3.092931730000e-05
1.889229570000e-02 2.078346250000e+00 3.121388730000e-05
1.897340270000e-02 2.078346250000e+00 3.120362090000e-05
1.897340270000e-02 2.078988310000e+00 3.148539330000e-05
1.905450970000e-02 2.079630370000e+00 3.176995960000e-05
1.905450970000e-02 2.079630370000e+00 3.176436080000e-05
1.913561670000e-02 2.080058340000e+00 3.203400050000e-05
1.921672370000e-02 2.080058340000e+00 3.202560400000e-05
1.921672370000e-02 2.080486300000e+00 3.232323430000e-05
1.937893780000e-02 2.081128120000e+00 3.261526940000e-05
1.929783080000e-02 2.080914260000e+00 3.260594170000e-05
1.946004480000e-02 2.081556080000e+00 3.290730090000e-05
1.937893780000e-02 2.081556080000e+00 3.289983940000e-05
1.954115180000e-02 2.081984280000e+00 3.317694060000e-05
1.954115180000e-02 2.082840200000e+00 3.349136750000e-05
1.962225880000e-02 2.082840200000e+00 3.348763130000e-05
1.970336590000e-02 2.083268170000e+00 3.379459670000e-05
1.970336590000e-02 2.083696130000e+00 3.411181750000e-05
1.970336590000e-02 2.083696130000e+00 3.410248610000e-05
1.986557990000e-02 2.084124090000e+00 3.440291770000e-05
1.978447290000e-02 2.084124090000e+00 3.438705610000e-05
1.994668690000e-02 2.084552050000e+00 3.471547830000e-05
2.002779390000e-02 2.085194110000e+00 3.504016420000e-05
2.002779390000e-02 2.085194110000e+00 3.502243640000e-05
2.010888610000e-02 2.085622070000e+00 3.535178980000e-05
2.010888610000e-02 2.085835930000e+00 3.534619100000e-05
2.018999310000e-02 2.086263900000e+00 3.565222140000e-05
2.027110010000e-02 2.086692090000e+00 3.601049320000e-05
2.018999310000e-02 2.086905960000e+00 3.600396670000e-05
2.027110010000e-02 2.087333920000e+00 3.635384560000e-05
2.035220710000e-02 2.087761880000e+00 3.673171160000e-05
2.043331410000e-02 2.087761880000e+00 3.670559090000e-05
2.051442120000e-02 2.088189840000e+00 3.705546990000e-05
2.051442120000e-02 2.088189840000e+00 3.703307810000e-05
2.059552820000e-02 2.088831900000e+00 3.741281400000e-05
2.059552820000e-02 2.089259860000e+00 3.780281260000e-05
2.067663520000e-02 2.089259860000e+00 3.778508470000e-05
2.067663520000e-02 2.089687820000e+00 3.817041940000e-05
2.075774220000e-02 2.090329890000e+00 3.855201790000e-05
2.075774220000e-02 2.090115790000e+00 3.853615640000e-05
2.091995630000e-02 2.090543750000e+00 3.895227930000e-05
2.091995630000e-02 2.090757850000e+00 3.893455140000e-05
2.100106330000e-02 2.091399910000e+00 3.935160930000e-05
2.108217030000e-02 2.091613770000e+00 3.977519740000e-05
2.108217030000e-02 2.091827870000e+00 3.977239610000e-05
2.116327730000e-02 2.092469690000e+00 4.018572140000e-05
2.108217030000e-02 2.092041730000e+00 4.015493320000e-05
2.124438430000e-02 2.092683790000e+00 4.062703370000e-05
2.132549140000e-02 2.093111750000e+00 4.106834970000e-05
2.124438430000e-02 2.093539710000e+00 4.105248810000e-05
2.132549140000e-02 2.093753810000e+00 4.105248810000e-05
2.148770540000e-02 2.093967680000e+00 4.238890320000e-05
2.140659840000e-02 2.094181780000e+00 4.215568700000e-05
2.148770540000e-02 2.094823600000e+00 4.257547330000e-05
2.156881240000e-02 2.094395640000e+00 4.249151240000e-05
2.156881240000e-02 2.095251560000e+00 4.300458390000e-05
2.164991950000e-02 2.095679520000e+00 4.352697940000e-05
2.164991950000e-02 2.095679520000e+00 4.348966830000e-05
2.173102650000e-02 2.096321580000e+00 4.398408050000e-05
2.181213350000e-02 2.096321580000e+00 4.399340830000e-05
2.181213350000e-02 2.096963640000e+00 4.455311860000e-05
2.197433260000e-02 2.097391610000e+00 4.508484930000e-05
2.197433260000e-02 2.097177510000e+00 4.504753820000e-05
2.197433260000e-02 2.097605470000e+00 4.567255020000e-05
2.205543970000e-02 2.098033430000e+00 4.626024750000e-05
2.205543970000e-02 2.098461630000e+00 4.621360490000e-05
2.221765370000e-02 2.098675490000e+00 4.686660400000e-05
2.221765370000e-02 2.098461630000e+00 4.679197810000e-05
2.221765370000e-02 2.099103450000e+00 4.749161230000e-05
2.246097480000e-02 2.099745510000e+00 4.817260560000e-05
2.237986770000e-02 2.099745510000e+00 4.812595940000e-05
2.246097480000e-02 2.100173470000e+00 4.881626960000e-05
2.246097480000e-02 2.100601430000e+00 4.955322220000e-05
2.254208180000e-02 2.100601430000e+00 4.952523890000e-05
2.254208180000e-02 2.101243500000e+00 5.028084710000e-05
2.254208180000e-02 2.101243500000e+00 5.018756560000e-05
2.270429580000e-02 2.101671460000e+00 5.096183670000e-05
2.278540280000e-02 2.102099420000e+00 5.175476330000e-05
2.278540280000e-02 2.102313280000e+00 5.167080230000e-05
2.286650990000e-02 2.102741240000e+00 5.257568050000e-05
2.278540280000e-02 2.102741240000e+00 5.254768980000e-05
2.286650990000e-02 2.103169440000e+00 5.344323290000e-05
2.294761690000e-02 2.103597400000e+00 5.443205370000e-05
2.302872390000e-02 2.103597400000e+00 5.430145390000e-05
2.310983090000e-02 2.104025360000e+00 5.524364310000e-05
2.310983090000e-02 2.104667190000e+00 5.632575630000e-05
2.319093790000e-02 2.104453330000e+00 5.624179180000e-05
2.327204500000e-02 2.105095150000e+00 5.727725870000e-05
2.319093790000e-02 2.105095150000e+00 5.721196070000e-05
2.327204500000e-02 2.105737210000e+00 5.837803470000e-05
2.343425900000e-02 2.106165170000e+00 5.949745540000e-05
2.343425900000e-02 2.105951310000e+00 5.942282950000e-05
2.351536600000e-02 2.106379270000e+00 6.077546640000e-05
2.351536600000e-02 2.106379270000e+00 6.063553880000e-05
2.359647300000e-02 2.106807230000e+00 6.202549410000e-05
2.367756520000e-02 2.107449290000e+00 6.350873450000e-05
2.359647300000e-02 2.107235190000e+00 6.343411220000e-05
2.367756520000e-02 2.107877250000e+00 6.486137140000e-05
2.375867220000e-02 2.108519080000e+00 6.667111300000e-05
2.375867220000e-02 2.108305220000e+00 6.651253350000e-05
2.383977920000e-02 2.108947040000e+00 6.825695890000e-05
2.392088620000e-02 2.108733180000e+00 6.805174050000e-05
2.400199320000e-02 2.109375000000e+00 7.002938950000e-05
2.400199320000e-02 2.109803200000e+00 7.204435680000e-05
2.408310030000e-02 2.109589100000e+00 7.192308110000e-05
2.408310030000e-02 2.110231160000e+00 7.444179940000e-05
2.416420730000e-02 2.110659120000e+00 7.716572870000e-05
2.416420730000e-02 2.110659120000e+00 7.695117530000e-05
2.432642130000e-02 2.111300950000e+00 8.002958930000e-05
2.424531430000e-02 2.111087080000e+00 7.971243030000e-05
2.432642130000e-02 2.111515050000e+00 8.280017940000e-05
2.440752830000e-02 2.112157110000e+00 8.682078620000e-05
2.448863540000e-02 2.112370970000e+00 8.633569810000e-05
2.456974240000e-02 2.112798930000e+00 9.052421230000e-05
2.456974240000e-02 2.112585070000e+00 9.007644260000e-05
2.465084940000e-02 2.113013030000e+00 9.499258160000e-05
2.465084940000e-02 2.113440990000e+00 1.004591250000e-04
2.473195640000e-02 2.113440990000e+00 9.995538130000e-05
2.481306340000e-02 2.114082810000e+00 1.070917130000e-04
2.489417050000e-02 2.114296910000e+00 1.153941270000e-04
2.489417050000e-02 2.114511010000e+00 1.145265630000e-04
2.489417050000e-02 2.114938970000e+00 1.247040200000e-04
2.489417050000e-02 2.114724870000e+00 1.237804830000e-04
2.505638450000e-02 2.115366940000e+00 1.352172990000e-04
2.513749150000e-02 2.115794900000e+00 1.512997110000e-04
2.505638450000e-02 2.116008760000e+00 1.499097560000e-04
2.513749150000e-02 2.116222860000e+00 1.672328650000e-04
2.521859850000e-02 2.116222860000e+00 1.653298390000e-04
2.521859850000e-02 2.116436720000e+00 1.879982160000e-04
2.538081260000e-02 2.117078780000e+00 2.130080540000e-04
2.538081260000e-02 2.116864920000e+00 2.101255380000e-04
2.538081260000e-02 2.117506740000e+00 2.435310890000e-04
2.546190470000e-02 2.117934700000e+00 2.786717090000e-04
2.546190470000e-02 2.118148800000e+00 2.763582160000e-04
2.562411870000e-02 2.118576770000e+00 3.139989570000e-04
2.554301170000e-02 2.118362670000e+00 3.108832170000e-04
2.562411870000e-02 2.118576770000e+00 3.487757640000e-04
2.570522580000e-02 2.119218830000e+00 3.903811160000e-04
2.570522580000e-02 2.119004730000e+00 3.856981350000e-04
2.586743980000e-02 2.119646790000e+00 3.856981350000e-04
2.594854680000e-02 2.120074750000e+00 4.735528200000e-04
2.594854680000e-02 2.120074750000e+00 4.668198820000e-04
2.594854680000e-02 2.120502710000e+00 5.082463610000e-04
2.594854680000e-02 2.120288610000e+00 5.031966720000e-04
2.602965380000e-02 2.120716570000e+00 5.492053460000e-04
2.611076090000e-02 2.121144530000e+00 5.933437500000e-04
2.611076090000e-02 2.121358630000e+00 5.888550660000e-04
2.627297490000e-02 2.121786590000e+00 6.339286340000e-04
2.627297490000e-02 2.121786590000e+00 6.301881510000e-04
2.627297490000e-02 2.122000690000e+00 6.723627450000e-04
2.643518890000e-02 2.122428660000e+00 7.191195040000e-04
2.635408190000e-02 2.122642520000e+00 7.152855400000e-04
2.643518890000e-02 2.122856620000e+00 7.575536150000e-04
2.651629600000e-02 2.123284580000e+00 8.021596590000e-04
2.651629600000e-02 2.123070480000e+00 7.979515940000e-04
2.667851000000e-02 2.123712540000e+00 8.384429380000e-04
2.659740300000e-02 2.123712540000e+00 8.345152600000e-04
2.675961700000e-02 2.124140500000e+00 8.826748240000e-04
2.684072410000e-02 2.124568460000e+00 9.285900160000e-04
2.675961700000e-02 2.124568460000e+00 9.240077920000e-04
2.692183110000e-02 2.124996420000e+00 9.702035460000e-04
2.684072410000e-02 2.124568460000e+00 9.658084020000e-04
2.692183110000e-02 2.125424390000e+00 1.011068930000e-03
2.708404510000e-02 2.125638480000e+00 1.057825870000e-03
2.700293810000e-02 2.125638480000e+00 1.054739810000e-03
2.708404510000e-02 2.126280550000e+00 1.100093940000e-03
2.716515210000e-02 2.126494410000e+00 1.145635150000e-03
2.716515210000e-02 2.126494410000e+00 1.141426970000e-03
2.732735130000e-02 2.126922370000e+00 1.185284810000e-03
2.724624430000e-02 2.127136470000e+00 1.181263830000e-03
2.732735130000e-02 2.127350330000e+00 1.226804800000e-03
2.740845830000e-02 2.127778290000e+00 1.271785000000e-03
2.748956530000e-02 2.127778290000e+00 1.267857380000e-03
2.748956530000e-02 2.128206250000e+00 1.313866120000e-03
2.757067230000e-02 2.128634450000e+00 1.356788680000e-03
2.748956530000e-02 2.128634450000e+00 1.353328810000e-03
2.765177940000e-02 2.129062410000e+00 1.399337660000e-03
2.773288640000e-02 2.129062410000e+00 1.396344970000e-03
2.773288640000e-02 2.129276280000e+00 1.440203050000e-03
2.781399340000e-02 2.129918340000e+00 1.483312690000e-03
2.781399340000e-02 2.129918340000e+00 1.479291710000e-03
2.789510040000e-02 2.130132200000e+00 1.521372820000e-03
2.789510040000e-02 2.130346300000e+00 1.516697000000e-03
2.805731450000e-02 2.130774260000e+00 1.564950220000e-03
2.813842150000e-02 2.131202220000e+00 1.610771990000e-03
2.813842150000e-02 2.130988360000e+00 1.606563920000e-03
2.813842150000e-02 2.131630180000e+00 1.651730850000e-03
2.830063550000e-02 2.131630180000e+00 1.695682290000e-03
2.821952850000e-02 2.131630180000e+00 1.690912990000e-03
2.830063550000e-02 2.132486100000e+00 1.736641160000e-03
2.830063550000e-02 2.132272240000e+00 1.730656370000e-03
2.838174250000e-02 2.132914070000e+00 1.775917020000e-03
2.846284960000e-02 2.132914070000e+00 1.821925510000e-03
2.854395660000e-02 2.132914070000e+00 1.818465650000e-03
2.854395660000e-02 2.133556130000e+00 1.861107770000e-03
2.854395660000e-02 2.133556130000e+00 1.856899700000e-03
2.870617060000e-02 2.133984090000e+00 1.903189000000e-03
2.870617060000e-02 2.134412050000e+00 1.948636610000e-03
2.878727760000e-02 2.134412050000e+00 1.945083030000e-03
2.886838470000e-02 2.134840010000e+00 1.990156710000e-03
2.886838470000e-02 2.135267970000e+00 2.032705350000e-03
2.894949170000e-02 2.135267970000e+00 2.029525810000e-03
2.903058380000e-02 2.135696170000e+00 2.074692860000e-03
2.903058380000e-02 2.135482070000e+00 2.071045800000e-03
2.903058380000e-02 2.135910030000e+00 2.115090840000e-03
2.911169080000e-02 2.136552100000e+00 2.159883730000e-03
2.903058380000e-02 2.136338000000e+00 2.155394990000e-03
2.919279780000e-02 2.136765960000e+00 2.194857920000e-03
2.935501190000e-02 2.137193920000e+00 2.242643390000e-03
2.927390490000e-02 2.137193920000e+00 2.237967450000e-03
2.935501190000e-02 2.137408020000e+00 2.283789220000e-03
2.935501190000e-02 2.137621880000e+00 2.280142390000e-03
2.943611890000e-02 2.137835980000e+00 2.326244260000e-03
2.951722590000e-02 2.138478040000e+00 2.369541210000e-03
2.951722590000e-02 2.138478040000e+00 2.365894380000e-03
2.967944000000e-02 2.138906000000e+00 2.412464000000e-03
2.959833290000e-02 2.138691900000e+00 2.408816940000e-03
2.976054700000e-02 2.139119860000e+00 2.452113670000e-03
2.984165400000e-02 2.139547820000e+00 2.499057680000e-03
2.984165400000e-02 2.139975790000e+00 2.496439270000e-03
2.984165400000e-02 2.140189890000e+00 2.538333180000e-03
3.000386800000e-02 2.140403990000e+00 2.586118640000e-03
2.992276100000e-02 2.140617850000e+00 2.583313270000e-03
3.000386800000e-02 2.141259910000e+00 2.627545270000e-03
3.008497510000e-02 2.140831950000e+00 2.622402270000e-03
3.016608210000e-02 2.141259910000e+00 2.667475720000e-03
3.016608210000e-02 2.141687870000e+00 2.710585250000e-03
3.024718910000e-02 2.141901730000e+00 2.707125390000e-03
3.032829610000e-02 2.142329930000e+00 2.752479400000e-03
3.024718910000e-02 2.141901730000e+00 2.749206730000e-03
3.040940310000e-02 2.142329930000e+00 2.794093220000e-03
3.040940310000e-02 2.142971750000e+00 2.837109380000e-03
3.040940310000e-02 2.142757890000e+00 2.834864890000e-03
3.049051020000e-02 2.143185850000e+00 2.876198150000e-03
3.057161720000e-02 2.143827680000e+00 2.923983610000e-03
3.057161720000e-02 2.143827680000e+00 2.919401270000e-03
3.073383120000e-02 2.144041780000e+00 2.965410010000e-03
3.065272420000e-02 2.144255640000e+00 2.961388790000e-03
3.073383120000e-02 2.144683840000e+00 3.007678080000e-03
3.089603040000e-02 2.145111800000e+00 3.050788070000e-03
3.081492330000e-02 2.145111800000e+00 3.046205730000e-03
3.097713740000e-02 2.145325660000e+00 3.092588390000e-03
3.089603040000e-02 2.145539760000e+00 3.089876610000e-03
3.097713740000e-02 2.145967720000e+00 3.134015020000e-03
3.105824440000e-02 2.146395680000e+00 3.178901500000e-03
3.105824440000e-02 2.146395680000e+00 3.174319400000e-03
3.113935140000e-02 2.146395680000e+00 3.216868030000e-03
3.122045840000e-02 2.147037740000e+00 3.265588780000e-03
3.122045840000e-02 2.147037740000e+00 3.260351950000e-03
3.130156550000e-02 2.147679570000e+00 3.305799330000e-03
3.130156550000e-02 2.147465710000e+00 3.301404180000e-03
3.138267250000e-02 2.147893670000e+00 3.346384500000e-03
3.154488650000e-02 2.148321630000e+00 3.388558980000e-03
3.154488650000e-02 2.148321630000e+00 3.386034160000e-03
3.154488650000e-02 2.148749590000e+00 3.432136260000e-03
3.162599350000e-02 2.148963450000e+00 3.475246250000e-03
3.162599350000e-02 2.148963450000e+00 3.472627610000e-03
3.178820760000e-02 2.149605510000e+00 3.517514330000e-03
3.170710060000e-02 2.149819610000e+00 3.515550400000e-03
3.178820760000e-02 2.149819610000e+00 3.554826370000e-03
3.195042160000e-02 2.150247570000e+00 3.603172720000e-03
3.186931460000e-02 2.150247570000e+00 3.599338700000e-03
3.195042160000e-02 2.150675540000e+00 3.645908550000e-03
3.195042160000e-02 2.150461440000e+00 3.639830040000e-03
3.203152870000e-02 2.151103500000e+00 3.686399900000e-03
3.219374270000e-02 2.151531460000e+00 3.730444940000e-03
3.219374270000e-02 2.151531460000e+00 3.726610680000e-03
3.219374270000e-02 2.151959420000e+00 3.771590770000e-03
3.227484970000e-02 2.152387380000e+00 3.817412540000e-03
3.227484970000e-02 2.152387380000e+00 3.813484920000e-03
3.235595670000e-02 2.152601480000e+00 3.858651970000e-03
3.243706380000e-02 2.152815340000e+00 3.854163220000e-03
3.243706380000e-02 2.153243300000e+00 3.894561200000e-03
3.259926290000e-02 2.153885360000e+00 3.942533400000e-03
3.259926290000e-02 2.153671260000e+00 3.938699610000e-03
3.259926290000e-02 2.153885360000e+00 3.983866890000e-03
3.268036990000e-02 2.154099460000e+00 3.980407030000e-03
3.268036990000e-02 2.154527430000e+00 4.026415290000e-03
3.276147690000e-02 2.154741290000e+00 4.070553930000e-03
3.284258400000e-02 2.154741290000e+00 4.065504300000e-03
3.284258400000e-02 2.155169250000e+00 4.112915600000e-03
3.300479800000e-02 2.155597210000e+00 4.112915600000e-03
3.300479800000e-02 2.155597210000e+00 4.193110390000e-03
3.300479800000e-02 2.156025170000e+00 4.222021440000e-03
3.300479800000e-02 2.155811310000e+00 4.216425590000e-03
3.316701200000e-02 2.156239270000e+00 4.253731110000e-03
3.316701200000e-02 2.156667230000e+00 4.298496990000e-03
3.316701200000e-02 2.156881330000e+00 4.293833860000e-03
3.324811910000e-02 2.157309290000e+00 4.341397900000e-03
3.332922610000e-02 2.157737260000e+00 4.382433370000e-03
3.332922610000e-02 2.157523160000e+00 4.378703420000e-03
3.349144010000e-02 2.157951120000e+00 4.423470240000e-03
3.341033310000e-02 2.157951120000e+00 4.421604800000e-03
3.357254710000e-02 2.158593180000e+00 4.470101560000e-03
3.357254710000e-02 2.158807280000e+00 4.509271590000e-03
3.357254710000e-02 2.158807280000e+00 4.508338870000e-03
3.365365420000e-02 2.159449100000e+00 4.549375270000e-03
3.365365420000e-02 2.159449100000e+00 4.545643930000e-03
3.373476120000e-02 2.159449100000e+00 4.588545300000e-03
3.381586820000e-02 2.159663200000e+00 4.637975250000e-03
3.381586820000e-02 2.160091160000e+00 4.631446670000e-03
3.397808220000e-02 2.160305020000e+00 4.675279370000e-03
3.397808220000e-02 2.160947080000e+00 4.720046650000e-03
3.397808220000e-02 2.160732980000e+00 4.714450800000e-03
3.414029630000e-02 2.161375050000e+00 4.759216220000e-03
3.405918930000e-02 2.161375050000e+00 4.757351710000e-03
3.414029630000e-02 2.161803010000e+00 4.800253080000e-03
3.422140330000e-02 2.161803010000e+00 4.843153060000e-03
3.430251030000e-02 2.162017110000e+00 4.837557210000e-03
3.430251030000e-02 2.162445070000e+00 4.883257210000e-03
3.438360240000e-02 2.162658930000e+00 4.878594070000e-03
3.438360240000e-02 2.162873030000e+00 4.920562260000e-03
3.454581650000e-02 2.163300990000e+00 4.965328150000e-03
3.446470950000e-02 2.163300990000e+00 4.960665010000e-03
3.454581650000e-02 2.163728950000e+00 5.006363620000e-03
3.462692350000e-02 2.164156910000e+00 5.055793560000e-03
3.462692350000e-02 2.164156910000e+00 5.053928120000e-03
3.470803050000e-02 2.164584880000e+00 5.096829030000e-03
3.478913750000e-02 2.164371010000e+00 5.096829030000e-03
3.478913750000e-02 2.164798970000e+00 5.136931780000e-03
3.487024460000e-02 2.165440800000e+00 5.183563570000e-03
3.495135160000e-02 2.165226940000e+00 5.175170020000e-03
3.495135160000e-02 2.165654900000e+00 5.219935910000e-03
3.511356560000e-02 2.166082860000e+00 5.263770000000e-03
3.511356560000e-02 2.166082860000e+00 5.258174150000e-03
3.511356560000e-02 2.166724920000e+00 5.306671370000e-03
3.519467260000e-02 2.166510820000e+00 5.302008240000e-03
3.535688670000e-02 2.166938780000e+00 5.344908220000e-03
3.535688670000e-02 2.167580840000e+00 5.394338160000e-03
3.527577970000e-02 2.167152880000e+00 5.388742310000e-03
3.543799370000e-02 2.167794700000e+00 5.430710970000e-03
3.535688670000e-02 2.167794700000e+00 5.428845060000e-03
3.543799370000e-02 2.168008800000e+00 5.476409570000e-03
3.560020770000e-02 2.168650870000e+00 5.519310480000e-03
3.551910070000e-02 2.168650870000e+00 5.511849190000e-03
3.560020770000e-02 2.168864730000e+00 5.556616000000e-03
3.568131480000e-02 2.169506790000e+00 5.595786030000e-03
3.568131480000e-02 2.169292690000e+00 5.596718750000e-03
3.584352880000e-02 2.169720650000e+00 5.638686940000e-03
3.576242180000e-02 2.169720650000e+00 5.632158370000e-03
3.584352880000e-02 2.170148610000e+00 5.678791090000e-03
3.600574280000e-02 2.170576810000e+00 5.725422410000e-03
3.592463580000e-02 2.170576810000e+00 5.721691060000e-03
3.600574280000e-02 2.170790670000e+00 5.765525160000e-03
3.608684990000e-02 2.171004770000e+00 5.761794750000e-03
3.608684990000e-02 2.171218630000e+00 5.805627910000e-03
3.616794200000e-02 2.171646600000e+00 5.849462000000e-03
3.624904900000e-02 2.171646600000e+00 5.846663380000e-03
3.624904900000e-02 2.172074560000e+00 5.887700240000e-03
3.633015600000e-02 2.172502520000e+00 5.933398850000e-03
3.633015600000e-02 2.172502520000e+00 5.926870280000e-03
3.649237010000e-02 2.172930720000e+00 5.977231540000e-03
3.641126300000e-02 2.172716620000e+00 5.966973030000e-03
3.649237010000e-02 2.173144580000e+00 6.008941210000e-03
3.665458410000e-02 2.173786640000e+00 6.056505260000e-03
3.665458410000e-02 2.173786640000e+00 6.055572540000e-03
3.673569110000e-02 2.174000500000e+00 6.097541190000e-03
3.673569110000e-02 2.174642560000e+00 6.141375280000e-03
3.681679820000e-02 2.174428460000e+00 6.138577590000e-03
3.681679820000e-02 2.174856420000e+00 6.182410750000e-03
3.681679820000e-02 2.174856420000e+00 6.178680340000e-03
3.681679820000e-02 2.175498490000e+00 6.224378940000e-03
3.697901220000e-02 2.175712590000e+00 6.261684470000e-03
3.697901220000e-02 2.175926450000e+00 6.257954050000e-03
3.714122620000e-02 2.176140550000e+00 6.301787220000e-03
3.706011920000e-02 2.175926450000e+00 6.295259580000e-03
3.714122620000e-02 2.176568510000e+00 6.342824080000e-03
3.722233330000e-02 2.176782370000e+00 6.386656780000e-03
3.722233330000e-02 2.176782370000e+00 6.385724060000e-03
3.730344030000e-02 2.177424430000e+00 6.428625430000e-03
3.746565430000e-02 2.177852390000e+00 6.472459060000e-03
3.746565430000e-02 2.177638530000e+00 6.469660900000e-03
3.754676130000e-02 2.178280350000e+00 6.511629090000e-03
3.746565430000e-02 2.178066490000e+00 6.508831870000e-03
3.754676130000e-02 2.178494450000e+00 6.550800060000e-03
3.762786840000e-02 2.178922410000e+00 6.593701430000e-03
3.762786840000e-02 2.178708310000e+00 6.586240140000e-03
3.779008240000e-02 2.179350380000e+00 6.631005560000e-03
3.779008240000e-02 2.179350380000e+00 6.624477920000e-03
3.779008240000e-02 2.179992440000e+00 6.671109700000e-03
3.795228150000e-02 2.179992440000e+00 6.714942400000e-03
3.787118940000e-02 2.179992440000e+00 6.710279270000e-03
3.803338860000e-02 2.180420400000e+00 6.751315200000e-03
3.811449560000e-02 2.180848360000e+00 6.797014740000e-03
3.811449560000e-02 2.181062220000e+00 6.793283390000e-03
3.811449560000e-02 2.181062220000e+00 6.836184770000e-03
3.811449560000e-02 2.181062220000e+00 6.830588910000e-03
3.819560260000e-02 2.181704280000e+00 6.872557100000e-03
3.827670960000e-02 2.182132240000e+00 6.910795350000e-03
3.827670960000e-02 2.182132240000e+00 6.904266770000e-03
3.835781660000e-02 2.182560210000e+00 6.950898100000e-03
3.843892370000e-02 2.182774310000e+00 6.996598090000e-03
3.852003070000e-02 2.182988170000e+00 6.990069060000e-03
3.852003070000e-02 2.183202270000e+00 7.032970430000e-03
3.852003070000e-02 2.183202270000e+00 7.026441860000e-03
3.860113770000e-02 2.183630230000e+00 7.067477330000e-03
3.876335170000e-02 2.184058190000e+00 7.110378700000e-03
3.868224470000e-02 2.183844090000e+00 7.106647360000e-03
3.876335170000e-02 2.184486150000e+00 7.151414170000e-03
3.884445880000e-02 2.184486150000e+00 7.145818320000e-03
3.892556580000e-02 2.184914110000e+00 7.187786510000e-03
3.900667280000e-02 2.185128210000e+00 7.228822450000e-03
3.900667280000e-02 2.185128210000e+00 7.222293410000e-03
3.900667280000e-02 2.185556170000e+00 7.269857920000e-03
3.908777980000e-02 2.186198000000e+00 7.312758830000e-03
3.916888680000e-02 2.185984130000e+00 7.308096160000e-03
3.916888680000e-02 2.186198000000e+00 7.350997070000e-03
3.924999390000e-02 2.186412100000e+00 7.348198910000e-03
3.924999390000e-02 2.186840060000e+00 7.392033000000e-03
3.933110090000e-02 2.187268020000e+00 7.434001190000e-03
