# current [A] 	 voltage [V] 	 power [W] 	 wavelenght:635.0 nm	 2017-01-09 16:13
7.562339310000e-05 9.343469740000e-01 -2.132934270000e-09
7.562339310000e-05 1.739169600000e+00 1.372316840000e-08
7.562339310000e-05 1.745589260000e+00 1.594857220000e-08
1.567304130000e-04 1.773194310000e+00 3.792460390000e-08
3.189444540000e-04 1.790313480000e+00 6.323867300000e-08
3.189444540000e-04 1.790313480000e+00 6.351687890000e-08
4.000514750000e-04 1.802939180000e+00 9.402358360000e-08
4.000514750000e-04 1.812140700000e+00 1.249012340000e-07
4.000514750000e-04 1.812354800000e+00 1.249939600000e-07
4.811584950000e-04 1.820700410000e+00 1.613424560000e-07
4.811584950000e-04 1.820700410000e+00 1.618060710000e-07
6.433725360000e-04 1.827120070000e+00 1.999163430000e-07
6.433725360000e-04 1.833753820000e+00 2.412719770000e-07
6.433725360000e-04 1.833539960000e+00 2.406229100000e-07
7.244795560000e-04 1.838461640000e+00 2.774349920000e-07
7.244795560000e-04 1.838461640000e+00 2.787331820000e-07
8.866861460000e-04 1.843597410000e+00 3.258377890000e-07
8.866861460000e-04 1.848091360000e+00 3.731279040000e-07
9.677931670000e-04 1.848091360000e+00 3.733133840000e-07
9.677931670000e-04 1.852371220000e+00 4.226434670000e-07
1.048900190000e-03 1.856009010000e+00 4.703044570000e-07
1.048900190000e-03 1.856009010000e+00 4.707680720000e-07
1.130007210000e-03 1.859646800000e+00 5.242707180000e-07
1.048900190000e-03 1.859646800000e+00 5.244561410000e-07
1.211114230000e-03 1.862856630000e+00 5.761044690000e-07
1.211114230000e-03 1.866066690000e+00 6.297925670000e-07
1.292221250000e-03 1.865852590000e+00 6.302561810000e-07
1.292221250000e-03 1.868848560000e+00 6.804208400000e-07
1.454435290000e-03 1.871630430000e+00 7.401361020000e-07
1.454435290000e-03 1.871630430000e+00 7.403215250000e-07
1.535542310000e-03 1.874198200000e+00 7.966988280000e-07
1.616649330000e-03 1.874412300000e+00 7.972552110000e-07
1.616649330000e-03 1.876980070000e+00 8.553014370000e-07
1.697756350000e-03 1.879333970000e+00 9.123276640000e-07
1.697756350000e-03 1.879333970000e+00 9.131622390000e-07
1.778855920000e-03 1.881687880000e+00 9.745467650000e-07
1.778855920000e-03 1.881687880000e+00 9.742684600000e-07
1.859962940000e-03 1.884041790000e+00 1.033705640000e-06
1.941069960000e-03 1.886181830000e+00 1.094626440000e-06
1.941069960000e-03 1.885753870000e+00 1.094533670000e-06
2.022176980000e-03 1.887893680000e+00 1.151096280000e-06
2.103284000000e-03 1.889819620000e+00 1.217673340000e-06
2.184391020000e-03 1.890033720000e+00 1.218786110000e-06
2.184391020000e-03 1.891745570000e+00 1.281468600000e-06
2.184391020000e-03 1.891959670000e+00 1.282395830000e-06
2.346605060000e-03 1.893885610000e+00 1.347860350000e-06
2.346605060000e-03 1.895597460000e+00 1.410913800000e-06
2.427712080000e-03 1.895811320000e+00 1.411191990000e-06
2.346605060000e-03 1.897309300000e+00 1.477861590000e-06
2.427712080000e-03 1.897523400000e+00 1.479530620000e-06
2.508819100000e-03 1.899235250000e+00 1.543975150000e-06
2.589926120000e-03 1.900947330000e+00 1.609068360000e-06
2.589926120000e-03 1.900947330000e+00 1.611293780000e-06
2.671025690000e-03 1.902445080000e+00 1.672863730000e-06
2.752132710000e-03 1.904157160000e+00 1.744633440000e-06
2.752132710000e-03 1.904371020000e+00 1.745096940000e-06
2.833239730000e-03 1.905869010000e+00 1.813064960000e-06
2.833239730000e-03 1.905869010000e+00 1.812972190000e-06
2.914346750000e-03 1.907366990000e+00 1.881032740000e-06
2.914346750000e-03 1.908864970000e+00 1.947980760000e-06
2.995453770000e-03 1.908864970000e+00 1.949835220000e-06
3.076560800000e-03 1.910576820000e+00 2.019564820000e-06
3.157667820000e-03 1.911860700000e+00 2.088923790000e-06
3.238774840000e-03 1.911860700000e+00 2.089387410000e-06
3.238774840000e-03 1.913358690000e+00 2.157818930000e-06
3.238774840000e-03 1.913144830000e+00 2.159858920000e-06
3.400988880000e-03 1.914642810000e+00 2.226250670000e-06
3.400988880000e-03 1.915926690000e+00 2.302007490000e-06
3.400988880000e-03 1.916140560000e+00 2.304325560000e-06
3.482095900000e-03 1.917638540000e+00 2.376558770000e-06
3.482095900000e-03 1.917424680000e+00 2.377393230000e-06
3.563195470000e-03 1.918922420000e+00 2.450924970000e-06
3.644302490000e-03 1.920206550000e+00 2.522416250000e-06
3.644302490000e-03 1.920206550000e+00 2.521210940000e-06
3.725409510000e-03 1.921490430000e+00 2.597431380000e-06
3.887623550000e-03 1.922774310000e+00 2.672446270000e-06
3.806516530000e-03 1.922774310000e+00 2.672446270000e-06
3.887623550000e-03 1.924058440000e+00 2.747276310000e-06
3.887623550000e-03 1.924058440000e+00 2.748388850000e-06
4.049837590000e-03 1.925128220000e+00 2.818675060000e-06
4.049837590000e-03 1.926626210000e+00 2.895822720000e-06
4.049837590000e-03 1.926626210000e+00 2.898418870000e-06
4.130944610000e-03 1.927696230000e+00 2.972321230000e-06
4.130944610000e-03 1.927910090000e+00 2.972877840000e-06
4.293158650000e-03 1.928766250000e+00 3.050025500000e-06
4.293158650000e-03 1.929836030000e+00 3.123093170000e-06
4.293158650000e-03 1.929836030000e+00 3.123557010000e-06
4.374265670000e-03 1.931334020000e+00 3.201353820000e-06
4.374265670000e-03 1.932404040000e+00 3.278223400000e-06
4.455365240000e-03 1.932189940000e+00 3.278779790000e-06
4.536472260000e-03 1.933259960000e+00 3.354258300000e-06
4.536472260000e-03 1.933474060000e+00 3.356298520000e-06
4.617579280000e-03 1.934329990000e+00 3.427789810000e-06
4.698686300000e-03 1.935613870000e+00 3.508461080000e-06
4.617579280000e-03 1.935613870000e+00 3.510037460000e-06
4.779793320000e-03 1.936897750000e+00 3.588205350000e-06
4.860900340000e-03 1.937753920000e+00 3.668876620000e-06
4.942007360000e-03 1.937967780000e+00 3.670545770000e-06
5.023114380000e-03 1.939037800000e+00 3.745282580000e-06
4.942007360000e-03 1.939037800000e+00 3.744448120000e-06
5.104221400000e-03 1.940107820000e+00 3.825954080000e-06
5.104221400000e-03 1.941177610000e+00 3.904678120000e-06
5.104221400000e-03 1.941177610000e+00 3.906161960000e-06
5.185328420000e-03 1.942033530000e+00 3.985627700000e-06
5.185328420000e-03 1.942033530000e+00 3.985349390000e-06
5.266435440000e-03 1.943103550000e+00 4.059622820000e-06
5.347535010000e-03 1.944173570000e+00 4.059622820000e-06
5.347535010000e-03 1.943959470000e+00 4.190154870000e-06
5.509749050000e-03 1.945243600000e+00 4.246135180000e-06
5.509749050000e-03 1.946313380000e+00 4.317976620000e-06
5.509749050000e-03 1.946099520000e+00 4.318909760000e-06
5.590856080000e-03 1.947169540000e+00 4.390752110000e-06
5.590856080000e-03 1.946955440000e+00 4.391684340000e-06
5.590856080000e-03 1.948239330000e+00 4.473789430000e-06
5.753070120000e-03 1.949095250000e+00 4.551229720000e-06
5.671963100000e-03 1.948881390000e+00 4.552162860000e-06
5.834177140000e-03 1.950165270000e+00 4.630535840000e-06
5.834177140000e-03 1.949951410000e+00 4.632401210000e-06
5.834177140000e-03 1.950807330000e+00 4.701444600000e-06
5.996391180000e-03 1.951877360000e+00 4.793812420000e-06
5.996391180000e-03 1.952091220000e+00 4.791013450000e-06
6.077498200000e-03 1.952947140000e+00 4.874983920000e-06
6.158605220000e-03 1.953803060000e+00 4.958955740000e-06
6.158605220000e-03 1.953803060000e+00 4.959887970000e-06
6.239704790000e-03 1.954873090000e+00 5.041060830000e-06
6.239704790000e-03 1.954659220000e+00 5.036395120000e-06
6.320811810000e-03 1.955515150000e+00 5.125031290000e-06
6.401918830000e-03 1.956585170000e+00 5.209935350000e-06
6.401918830000e-03 1.956371070000e+00 5.210868950000e-06
6.483025850000e-03 1.957441090000e+00 5.289241470000e-06
6.564132870000e-03 1.958297010000e+00 5.375078670000e-06
6.483025850000e-03 1.958297010000e+00 5.375078670000e-06
6.645239890000e-03 1.959152940000e+00 5.462781700000e-06
6.564132870000e-03 1.959367040000e+00 5.461848560000e-06
6.807453930000e-03 1.960222960000e+00 5.543020050000e-06
6.807453930000e-03 1.960864780000e+00 5.634455650000e-06
6.807453930000e-03 1.960864780000e+00 5.634455650000e-06
6.888560950000e-03 1.961934800000e+00 5.710962340000e-06
6.888560950000e-03 1.961720940000e+00 5.713761310000e-06
6.969667970000e-03 1.962576870000e+00 5.798665370000e-06
7.050774990000e-03 1.963432790000e+00 5.886368400000e-06
7.050774990000e-03 1.963432790000e+00 5.887301090000e-06
7.131874560000e-03 1.964288710000e+00 5.971272460000e-06
7.212981580000e-03 1.965144630000e+00 6.050578580000e-06
7.212981580000e-03 1.965144630000e+00 6.046846010000e-06
7.212981580000e-03 1.966000800000e+00 6.140147430000e-06
7.294088600000e-03 1.966000800000e+00 6.138281610000e-06
7.375195620000e-03 1.967070580000e+00 6.226916870000e-06
7.456302640000e-03 1.967712640000e+00 6.316486630000e-06
7.456302640000e-03 1.967926500000e+00 6.318352460000e-06
7.537409660000e-03 1.968782660000e+00 6.399523950000e-06
7.537409660000e-03 1.968354700000e+00 6.395792750000e-06
7.618516680000e-03 1.969424490000e+00 6.487226980000e-06
7.699623700000e-03 1.970280650000e+00 6.574930010000e-06
7.699623700000e-03 1.970280650000e+00 6.573064640000e-06
7.780730720000e-03 1.970922470000e+00 6.660767670000e-06
7.861837740000e-03 1.971778390000e+00 6.741939160000e-06
7.780730720000e-03 1.971778390000e+00 6.739140190000e-06
7.861837740000e-03 1.972634550000e+00 6.834307900000e-06
7.942944770000e-03 1.972634550000e+00 6.831508930000e-06
8.024044330000e-03 1.973490480000e+00 6.921077780000e-06
8.024044330000e-03 1.974132300000e+00 7.006914980000e-06
8.105151360000e-03 1.974132300000e+00 7.012512920000e-06
8.105151360000e-03 1.974774360000e+00 7.091819040000e-06
8.267365400000e-03 1.975844380000e+00 7.185120010000e-06
8.186258380000e-03 1.975844380000e+00 7.184186870000e-06
8.348472420000e-03 1.976700310000e+00 7.270956300000e-06
8.348472420000e-03 1.976486210000e+00 7.264426130000e-06
8.429579440000e-03 1.977342370000e+00 7.357727100000e-06
8.510686460000e-03 1.977984190000e+00 7.439832190000e-06
8.510686460000e-03 1.977984190000e+00 7.437965450000e-06
8.591793480000e-03 1.978626250000e+00 7.537797960000e-06
8.591793480000e-03 1.978626250000e+00 7.537797960000e-06
8.672900500000e-03 1.979482170000e+00 7.629233550000e-06
8.754007520000e-03 1.980338100000e+00 7.716936120000e-06
8.754007520000e-03 1.980338100000e+00 7.717868360000e-06
8.835114540000e-03 1.981194020000e+00 7.808371270000e-06
8.835114540000e-03 1.982050180000e+00 7.902604920000e-06
8.916214110000e-03 1.982050180000e+00 7.902604920000e-06
8.997321130000e-03 1.982478140000e+00 7.991241550000e-06
8.997321130000e-03 1.982478140000e+00 7.992173780000e-06
9.078428150000e-03 1.983334060000e+00 8.080810400000e-06
9.159535170000e-03 1.984189990000e+00 8.166647600000e-06
9.159535170000e-03 1.984189990000e+00 8.170379260000e-06
9.240642190000e-03 1.985045910000e+00 8.262747540000e-06
9.240642190000e-03 1.984832050000e+00 8.263680680000e-06
9.321749210000e-03 1.985687970000e+00 8.355115820000e-06
9.402856230000e-03 1.986329790000e+00 8.450282620000e-06
9.402856230000e-03 1.986329790000e+00 8.450282620000e-06
9.483963250000e-03 1.986971860000e+00 8.536119820000e-06
9.565070270000e-03 1.987827780000e+00 8.633152900000e-06
9.565070270000e-03 1.987613920000e+00 8.632219760000e-06
9.646177290000e-03 1.988469840000e+00 8.726454330000e-06
9.646177290000e-03 1.988469840000e+00 8.723655810000e-06
9.727284310000e-03 1.989325760000e+00 8.816023180000e-06
9.808383880000e-03 1.989967820000e+00 8.900927240000e-06
9.808383880000e-03 1.989967820000e+00 8.899994100000e-06
9.889490900000e-03 1.990609650000e+00 8.998892550000e-06
9.889490900000e-03 1.990609650000e+00 8.998892550000e-06
9.970597920000e-03 1.991251710000e+00 9.092194890000e-06
1.005170490000e-02 1.992107630000e+00 9.187361680000e-06
1.005170490000e-02 1.992107630000e+00 9.188293920000e-06
1.013281200000e-02 1.992535590000e+00 9.276929630000e-06
1.021391900000e-02 1.993605610000e+00 9.373031390000e-06
1.021391900000e-02 1.993605610000e+00 9.376762140000e-06
1.029502600000e-02 1.994247670000e+00 9.467265950000e-06
1.029502600000e-02 1.994247670000e+00 9.466330990000e-06
1.029502600000e-02 1.994889500000e+00 9.558699280000e-06
1.045724000000e-02 1.995531560000e+00 9.651068470000e-06
1.053834710000e-02 1.995745420000e+00 9.653867890000e-06
1.053834710000e-02 1.996387480000e+00 9.749966920000e-06
1.061945410000e-02 1.997029540000e+00 9.845133720000e-06
1.061945410000e-02 1.996815440000e+00 9.847000000000e-06
1.070055370000e-02 1.997457500000e+00 9.943099030000e-06
1.070055370000e-02 1.997457500000e+00 9.940300520000e-06
1.078166070000e-02 1.998313430000e+00 1.003080340000e-05
1.086276770000e-02 1.999169350000e+00 1.012690250000e-05
1.086276770000e-02 1.998955490000e+00 1.012597020000e-05
1.094387470000e-02 1.999811410000e+00 1.022113700000e-05
1.086276770000e-02 1.999597310000e+00 1.022113700000e-05
1.102498170000e-02 2.000239370000e+00 1.031350440000e-05
1.118719580000e-02 2.000881430000e+00 1.039467860000e-05
1.110608880000e-02 2.001095290000e+00 1.039841030000e-05
1.110608880000e-02 2.001737360000e+00 1.049917500000e-05
1.126830280000e-02 2.002379180000e+00 1.059527590000e-05
1.126830280000e-02 2.002593280000e+00 1.059434180000e-05
1.134940980000e-02 2.003021240000e+00 1.069604060000e-05
1.134940980000e-02 2.003021240000e+00 1.069604060000e-05
1.143051680000e-02 2.003663300000e+00 1.079120740000e-05
1.151162390000e-02 2.004091260000e+00 1.089103990000e-05
1.151162390000e-02 2.004091260000e+00 1.089103990000e-05
1.159272340000e-02 2.004947190000e+00 1.098620670000e-05
1.159272340000e-02 2.004947190000e+00 1.098340730000e-05
1.167383040000e-02 2.006017210000e+00 1.108323980000e-05
1.175493750000e-02 2.006445170000e+00 1.117467580000e-05
1.183604450000e-02 2.006445170000e+00 1.117467580000e-05
1.183604450000e-02 2.006873130000e+00 1.127637460000e-05
1.191715150000e-02 2.007515190000e+00 1.137713930000e-05
1.191715150000e-02 2.007729050000e+00 1.137620530000e-05
1.199825850000e-02 2.008371110000e+00 1.147510560000e-05
1.207936560000e-02 2.007943150000e+00 1.147323840000e-05
1.207936560000e-02 2.009012940000e+00 1.156654070000e-05
1.224157960000e-02 2.009227040000e+00 1.166543920000e-05
1.216047260000e-02 2.009655000000e+00 1.166823770000e-05
1.224157960000e-02 2.009869100000e+00 1.176340450000e-05
1.232268660000e-02 2.010510920000e+00 1.186323700000e-05
1.232268660000e-02 2.010725020000e+00 1.186137250000e-05
1.240379360000e-02 2.011152980000e+00 1.195373990000e-05
1.240379360000e-02 2.011366840000e+00 1.195373990000e-05
1.248489320000e-02 2.011794810000e+00 1.205730400000e-05
1.256600020000e-02 2.012650970000e+00 1.215806880000e-05
1.256600020000e-02 2.012650970000e+00 1.215433710000e-05
1.264710720000e-02 2.013292790000e+00 1.226070070000e-05
1.264710720000e-02 2.013078930000e+00 1.225416960000e-05
1.272821430000e-02 2.013934850000e+00 1.235400030000e-05
1.280932130000e-02 2.014362810000e+00 1.245570000000e-05
1.280932130000e-02 2.014790770000e+00 1.245570000000e-05
1.280932130000e-02 2.015004870000e+00 1.255366530000e-05
1.289042830000e-02 2.015860800000e+00 1.265443010000e-05
1.297153530000e-02 2.015646700000e+00 1.265256560000e-05
1.297153530000e-02 2.016288760000e+00 1.274493300000e-05
1.305264230000e-02 2.016288760000e+00 1.274493300000e-05
1.313374940000e-02 2.017144680000e+00 1.284942940000e-05
1.321485640000e-02 2.017572640000e+00 1.295206130000e-05
1.321485640000e-02 2.017786740000e+00 1.295112910000e-05
1.329596340000e-02 2.018428560000e+00 1.305189380000e-05
1.329596340000e-02 2.018214700000e+00 1.305096160000e-05
1.329596340000e-02 2.018642660000e+00 1.314892690000e-05
1.345817000000e-02 2.019284730000e+00 1.324969160000e-05
1.337706300000e-02 2.019284730000e+00 1.325155880000e-05
1.353927700000e-02 2.020140650000e+00 1.335232350000e-05
1.353927700000e-02 2.020782470000e+00 1.345588680000e-05
1.362038400000e-02 2.020568610000e+00 1.345215610000e-05
1.362038400000e-02 2.021210430000e+00 1.354639060000e-05
1.370149110000e-02 2.020996570000e+00 1.355012140000e-05
1.378259810000e-02 2.021852490000e+00 1.365648400000e-05
1.386370510000e-02 2.022494550000e+00 1.376098230000e-05
1.386370510000e-02 2.022280450000e+00 1.376098230000e-05
1.394481210000e-02 2.023136380000e+00 1.386734580000e-05
1.402591910000e-02 2.023564340000e+00 1.396717830000e-05
1.402591910000e-02 2.023564340000e+00 1.396531120000e-05
1.410702620000e-02 2.024206400000e+00 1.407447330000e-05
1.410702620000e-02 2.024206400000e+00 1.407074160000e-05
1.410702620000e-02 2.024848460000e+00 1.417523980000e-05
1.426923270000e-02 2.025490280000e+00 1.428066840000e-05
1.426923270000e-02 2.025490280000e+00 1.427600450000e-05
1.435033980000e-02 2.025918250000e+00 1.437397080000e-05
1.435033980000e-02 2.025918250000e+00 1.437303850000e-05
1.443144680000e-02 2.026560310000e+00 1.448499920000e-05
1.443144680000e-02 2.026988270000e+00 1.458669610000e-05
1.451255380000e-02 2.027202370000e+00 1.458576390000e-05
1.451255380000e-02 2.027844190000e+00 1.469026030000e-05
1.459366080000e-02 2.028272150000e+00 1.479662480000e-05
1.459366080000e-02 2.028486250000e+00 1.479102680000e-05
1.475587490000e-02 2.028914210000e+00 1.490205520000e-05
1.467476790000e-02 2.028914210000e+00 1.489925670000e-05
1.475587490000e-02 2.029342170000e+00 1.500188590000e-05
1.483698190000e-02 2.029984240000e+00 1.510825130000e-05
1.491808890000e-02 2.030198100000e+00 1.510731640000e-05
1.491808890000e-02 2.030840160000e+00 1.520714890000e-05
1.499919590000e-02 2.030412200000e+00 1.520341810000e-05
1.508030300000e-02 2.031482220000e+00 1.531631100000e-05
1.508030300000e-02 2.031910180000e+00 1.542080830000e-05
1.516140250000e-02 2.031910180000e+00 1.542547220000e-05
1.524250950000e-02 2.032338140000e+00 1.552997130000e-05
1.532361660000e-02 2.032979970000e+00 1.563820110000e-05
1.532361660000e-02 2.032979970000e+00 1.563353540000e-05
1.532361660000e-02 2.033408160000e+00 1.574549610000e-05
1.540472360000e-02 2.033836130000e+00 1.574363160000e-05
1.548583060000e-02 2.034049990000e+00 1.584906200000e-05
1.556693760000e-02 2.034905910000e+00 1.595915640000e-05
1.556693760000e-02 2.034692050000e+00 1.595542380000e-05
1.564804460000e-02 2.035333870000e+00 1.605618850000e-05
1.572915170000e-02 2.035975930000e+00 1.617094860000e-05
1.581025870000e-02 2.035975930000e+00 1.616908410000e-05
1.581025870000e-02 2.036403890000e+00 1.627917850000e-05
1.581025870000e-02 2.036403890000e+00 1.627264830000e-05
1.581025870000e-02 2.036831860000e+00 1.638460890000e-05
1.597247270000e-02 2.037473920000e+00 1.649377190000e-05
1.597247270000e-02 2.037473920000e+00 1.648724170000e-05
1.597247270000e-02 2.038115980000e+00 1.659733430000e-05
1.605357230000e-02 2.038115980000e+00 1.659640290000e-05
1.613467930000e-02 2.038543940000e+00 1.670743040000e-05
1.621578630000e-02 2.039399860000e+00 1.681566030000e-05
1.621578630000e-02 2.039185760000e+00 1.681286270000e-05
1.621578630000e-02 2.039613720000e+00 1.691082800000e-05
1.637800040000e-02 2.040255780000e+00 1.702558800000e-05
1.629689340000e-02 2.040255780000e+00 1.702465490000e-05
1.645910740000e-02 2.040683750000e+00 1.713661550000e-05
1.645910740000e-02 2.040897850000e+00 1.713381790000e-05
1.645910740000e-02 2.041325810000e+00 1.724671160000e-05
1.662132140000e-02 2.041753770000e+00 1.735307520000e-05
1.654021440000e-02 2.041753770000e+00 1.735587470000e-05
1.662132140000e-02 2.042395830000e+00 1.747156600000e-05
1.662132140000e-02 2.042181730000e+00 1.746876660000e-05
1.678353550000e-02 2.042823790000e+00 1.757699650000e-05
1.678353550000e-02 2.043465610000e+00 1.768895710000e-05
1.678353550000e-02 2.043679710000e+00 1.768895710000e-05
1.686464250000e-02 2.043893580000e+00 1.779532250000e-05
1.694574210000e-02 2.044535640000e+00 1.791754580000e-05
1.702684910000e-02 2.044963600000e+00 1.791474640000e-05
1.710795610000e-02 2.045391560000e+00 1.802017690000e-05
1.702684910000e-02 2.044963600000e+00 1.802297630000e-05
1.718906310000e-02 2.045819520000e+00 1.813773630000e-05
1.727017020000e-02 2.046461580000e+00 1.824223360000e-05
1.727017020000e-02 2.046461580000e+00 1.824223360000e-05
1.735127720000e-02 2.046675440000e+00 1.835792860000e-05
1.743238420000e-02 2.047317500000e+00 1.847548810000e-05
1.743238420000e-02 2.047317500000e+00 1.847175370000e-05
1.751349120000e-02 2.047959570000e+00 1.858278300000e-05
1.735127720000e-02 2.047959570000e+00 1.857811910000e-05
1.759459820000e-02 2.048387530000e+00 1.868821350000e-05
1.767570530000e-02 2.048815490000e+00 1.880950550000e-05
1.775681230000e-02 2.049029350000e+00 1.880577110000e-05
1.767570530000e-02 2.049457550000e+00 1.892333240000e-05
1.767570530000e-02 2.049457550000e+00 1.892519690000e-05
1.783791180000e-02 2.050099370000e+00 1.904182500000e-05
1.791901890000e-02 2.050527330000e+00 1.915471880000e-05
1.791901890000e-02 2.050527330000e+00 1.914818680000e-05
1.800012590000e-02 2.051169400000e+00 1.926947880000e-05
1.808123290000e-02 2.051597360000e+00 1.938797140000e-05
1.808123290000e-02 2.051811460000e+00 1.938050810000e-05
1.816233990000e-02 2.052025320000e+00 1.949993380000e-05
1.808123290000e-02 2.052025320000e+00 1.950086520000e-05
1.816233990000e-02 2.052667380000e+00 1.960816370000e-05
1.824344690000e-02 2.053309200000e+00 1.973598410000e-05
1.832455400000e-02 2.053309200000e+00 1.973318470000e-05
1.832455400000e-02 2.053523300000e+00 1.984981100000e-05
1.840566100000e-02 2.053523300000e+00 1.984608020000e-05
1.840566100000e-02 2.054593320000e+00 1.996737230000e-05
1.856787500000e-02 2.054807190000e+00 2.007653530000e-05
1.856787500000e-02 2.054807190000e+00 2.007186780000e-05
1.856787500000e-02 2.055021290000e+00 2.020155810000e-05
1.864898200000e-02 2.055663110000e+00 2.031724940000e-05
1.873008160000e-02 2.055877210000e+00 2.030978610000e-05
1.881118860000e-02 2.056305170000e+00 2.043760830000e-05
1.881118860000e-02 2.056305170000e+00 2.042827870000e-05
1.889229570000e-02 2.056947230000e+00 2.054957080000e-05
1.889229570000e-02 2.057589050000e+00 2.067832610000e-05
1.897340270000e-02 2.057375190000e+00 2.067645980000e-05
1.905450970000e-02 2.058017020000e+00 2.079961630000e-05
1.913561670000e-02 2.058444980000e+00 2.092277650000e-05
1.913561670000e-02 2.058444980000e+00 2.092370780000e-05
1.921672370000e-02 2.058873180000e+00 2.103660150000e-05
1.921672370000e-02 2.059087040000e+00 2.103753470000e-05
1.929783080000e-02 2.059301140000e+00 2.116442370000e-05
1.937893780000e-02 2.059942960000e+00 2.129224590000e-05
1.937893780000e-02 2.059942960000e+00 2.128571580000e-05
1.937893780000e-02 2.060585020000e+00 2.141447110000e-05
1.946004480000e-02 2.060370920000e+00 2.140607470000e-05
1.954115180000e-02 2.061012980000e+00 2.151990160000e-05
1.962225880000e-02 2.061440940000e+00 2.165145630000e-05
1.962225880000e-02 2.061440940000e+00 2.164679240000e-05
1.970336590000e-02 2.061868910000e+00 2.177461470000e-05
1.978447290000e-02 2.062510970000e+00 2.190710070000e-05
1.970336590000e-02 2.062510970000e+00 2.190150370000e-05
1.986557990000e-02 2.062724830000e+00 2.202279570000e-05
1.986557990000e-02 2.062938930000e+00 2.201346430000e-05
1.986557990000e-02 2.063580990000e+00 2.214968480000e-05
1.994668690000e-02 2.064222810000e+00 2.227470760000e-05
2.002779390000e-02 2.064008950000e+00 2.226910870000e-05
2.010888610000e-02 2.064864870000e+00 2.239506470000e-05
2.002779390000e-02 2.064650770000e+00 2.239506470000e-05
2.010888610000e-02 2.064864870000e+00 2.250889340000e-05
2.027110010000e-02 2.065506700000e+00 2.264698010000e-05
2.027110010000e-02 2.065292840000e+00 2.264138130000e-05
2.035220710000e-02 2.066148760000e+00 2.277106980000e-05
2.035220710000e-02 2.066576720000e+00 2.290542400000e-05
2.043331410000e-02 2.066576720000e+00 2.289982690000e-05
2.043331410000e-02 2.066790820000e+00 2.302671420000e-05
2.051442120000e-02 2.066790820000e+00 2.301831770000e-05
2.051442120000e-02 2.067432640000e+00 2.315173880000e-05
2.067663520000e-02 2.068074700000e+00 2.329075690000e-05
2.067663520000e-02 2.068074700000e+00 2.328609120000e-05
2.075774220000e-02 2.068288800000e+00 2.341857910000e-05
2.075774220000e-02 2.068930630000e+00 2.353986930000e-05
2.083884920000e-02 2.068930630000e+00 2.353333910000e-05
2.091995630000e-02 2.069358590000e+00 2.367142590000e-05
2.083884920000e-02 2.069358590000e+00 2.366862650000e-05
2.100106330000e-02 2.070000650000e+00 2.379645050000e-05
2.108217030000e-02 2.070428610000e+00 2.394013250000e-05
2.108217030000e-02 2.070642710000e+00 2.393080290000e-05
2.108217030000e-02 2.070856570000e+00 2.405395940000e-05
2.108217030000e-02 2.071070670000e+00 2.404836230000e-05
2.124438430000e-02 2.071284530000e+00 2.419297930000e-05
2.124438430000e-02 2.071926590000e+00 2.432546720000e-05
2.132549140000e-02 2.071926590000e+00 2.431986830000e-05
2.140659840000e-02 2.072568660000e+00 2.445048810000e-05
2.148770540000e-02 2.072996620000e+00 2.456991390000e-05
2.140659840000e-02 2.072782520000e+00 2.456431680000e-05
2.148770540000e-02 2.073210480000e+00 2.470706930000e-05
2.148770540000e-02 2.073424580000e+00 2.469960420000e-05
2.156881240000e-02 2.074066400000e+00 2.484515240000e-05
2.164991950000e-02 2.074280500000e+00 2.497950660000e-05
2.173102650000e-02 2.074494360000e+00 2.497670720000e-05
2.181213350000e-02 2.074708460000e+00 2.511292590000e-05
2.173102650000e-02 2.074708460000e+00 2.510546440000e-05
2.181213350000e-02 2.075350520000e+00 2.525101260000e-05
2.189322560000e-02 2.075778480000e+00 2.539003250000e-05
2.189322560000e-02 2.075778480000e+00 2.538349870000e-05
2.205543970000e-02 2.076420310000e+00 2.552531810000e-05
2.205543970000e-02 2.076634410000e+00 2.566153670000e-05
2.205543970000e-02 2.076634410000e+00 2.565687280000e-05
2.221765370000e-02 2.077276470000e+00 2.580428920000e-05
2.221765370000e-02 2.077276470000e+00 2.579589270000e-05
2.221765370000e-02 2.077704430000e+00 2.593304450000e-05
2.229876070000e-02 2.078132390000e+00 2.608139220000e-05
2.237986770000e-02 2.077918290000e+00 2.607486200000e-05
2.237986770000e-02 2.078560350000e+00 2.621388190000e-05
2.262318880000e-02 2.079202180000e+00 2.636316090000e-05
2.246097480000e-02 2.079202180000e+00 2.635476450000e-05
2.254208180000e-02 2.079416280000e+00 2.650404710000e-05
2.262318880000e-02 2.079416280000e+00 2.649565070000e-05
2.262318880000e-02 2.080058340000e+00 2.664119890000e-05
2.270429580000e-02 2.080486300000e+00 2.677555310000e-05
2.270429580000e-02 2.080486300000e+00 2.676995430000e-05
2.278540280000e-02 2.081128120000e+00 2.692763340000e-05
2.286650990000e-02 2.080914260000e+00 2.691830380000e-05
2.294761690000e-02 2.081556080000e+00 2.706851960000e-05
2.302872390000e-02 2.081984280000e+00 2.722619680000e-05
2.294761690000e-02 2.081770180000e+00 2.721033710000e-05
2.310983090000e-02 2.082626100000e+00 2.735215280000e-05
2.319093790000e-02 2.082840200000e+00 2.751449760000e-05
2.319093790000e-02 2.083054070000e+00 2.750050410000e-05
2.319093790000e-02 2.083482030000e+00 2.765258250000e-05
2.319093790000e-02 2.083482030000e+00 2.764791860000e-05
2.327204500000e-02 2.083909990000e+00 2.779533500000e-05
2.335315200000e-02 2.084338190000e+00 2.794461580000e-05
2.335315200000e-02 2.084124090000e+00 2.793435310000e-05
2.343425900000e-02 2.084766150000e+00 2.809949550000e-05
2.343425900000e-02 2.084766150000e+00 2.808550020000e-05
2.351536600000e-02 2.085194110000e+00 2.824317930000e-05
2.359647300000e-02 2.085835930000e+00 2.840272460000e-05
2.359647300000e-02 2.085622070000e+00 2.839059380000e-05
2.367756520000e-02 2.086263900000e+00 2.854267590000e-05
2.375867220000e-02 2.086692090000e+00 2.870595200000e-05
2.383977920000e-02 2.086692090000e+00 2.868915910000e-05
2.383977920000e-02 2.087333920000e+00 2.884590320000e-05
2.383977920000e-02 2.087120060000e+00 2.883564050000e-05
2.400199320000e-02 2.087548020000e+00 2.899705400000e-05
2.400199320000e-02 2.088189840000e+00 2.914913240000e-05
2.400199320000e-02 2.087975980000e+00 2.913140630000e-05
2.416420730000e-02 2.088403940000e+00 2.930681150000e-05
2.416420730000e-02 2.089046000000e+00 2.947475330000e-05
2.424531430000e-02 2.088831900000e+00 2.946355560000e-05
2.424531430000e-02 2.089473960000e+00 2.963429690000e-05
2.424531430000e-02 2.089473960000e+00 2.962590040000e-05
2.432642130000e-02 2.089901920000e+00 2.978357950000e-05
2.448863540000e-02 2.090329890000e+00 2.995805330000e-05
2.440752830000e-02 2.090329890000e+00 2.995059000000e-05
2.448863540000e-02 2.090971710000e+00 3.010827090000e-05
2.456974240000e-02 2.090543750000e+00 3.009987270000e-05
2.456974240000e-02 2.091399910000e+00 3.026874400000e-05
2.465084940000e-02 2.091613770000e+00 3.042922250000e-05
2.473195640000e-02 2.091827870000e+00 3.041149830000e-05
2.473195640000e-02 2.092255830000e+00 3.059436490000e-05
2.489417050000e-02 2.092683790000e+00 3.076697610000e-05
2.489417050000e-02 2.092897650000e+00 3.075298080000e-05
2.489417050000e-02 2.093111750000e+00 3.092745460000e-05
2.489417050000e-02 2.092897650000e+00 3.091532200000e-05
2.497527750000e-02 2.093325610000e+00 3.108046440000e-05
2.505638450000e-02 2.094181780000e+00 3.126613590000e-05
2.505638450000e-02 2.093967680000e+00 3.125027430000e-05
2.521859850000e-02 2.094181780000e+00 3.142567950000e-05
2.513749150000e-02 2.094395640000e+00 3.141448180000e-05
2.529970560000e-02 2.095037700000e+00 3.159642070000e-05
2.529970560000e-02 2.095251560000e+00 3.175876190000e-05
2.538081260000e-02 2.095251560000e+00 3.174010270000e-05
2.538081260000e-02 2.095679520000e+00 3.192857180000e-05
2.554301170000e-02 2.096321580000e+00 3.211330840000e-05
2.546190470000e-02 2.096107720000e+00 3.209371430000e-05
2.554301170000e-02 2.096749540000e+00 3.228311830000e-05
2.554301170000e-02 2.096535680000e+00 3.227378690000e-05
2.562411870000e-02 2.097177510000e+00 3.245106200000e-05
2.578633280000e-02 2.097819570000e+00 3.264139380000e-05
2.578633280000e-02 2.097391610000e+00 3.262553580000e-05
2.586743980000e-02 2.098033430000e+00 3.281493260000e-05
2.586743980000e-02 2.098247530000e+00 3.300246680000e-05
2.594854680000e-02 2.098675490000e+00 3.298847150000e-05
2.602965380000e-02 2.098889590000e+00 3.316574660000e-05
2.602965380000e-02 2.098889590000e+00 3.315175130000e-05
2.602965380000e-02 2.099103450000e+00 3.334861690000e-05
2.619186790000e-02 2.099745510000e+00 3.354454750000e-05
2.619186790000e-02 2.099745510000e+00 3.352401840000e-05
2.619186790000e-02 2.100173470000e+00 3.371622370000e-05
2.619186790000e-02 2.100173470000e+00 3.370409100000e-05
2.627297490000e-02 2.100601430000e+00 3.388882760000e-05
2.643518890000e-02 2.101029400000e+00 3.409408960000e-05
2.635408190000e-02 2.101029400000e+00 3.408009430000e-05
2.651629600000e-02 2.101457360000e+00 3.427322740000e-05
2.643518890000e-02 2.102099420000e+00 3.446729530000e-05
2.651629600000e-02 2.101885320000e+00 3.445050240000e-05
2.659740300000e-02 2.102313280000e+00 3.462404130000e-05
2.659740300000e-02 2.102313280000e+00 3.461098090000e-05
2.675961700000e-02 2.102955340000e+00 3.482370450000e-05
2.675961700000e-02 2.103169440000e+00 3.503270270000e-05
2.675961700000e-02 2.103169440000e+00 3.501683750000e-05
2.684072410000e-02 2.103811260000e+00 3.523236590000e-05
2.684072410000e-02 2.103597400000e+00 3.521743570000e-05
2.700293810000e-02 2.104239230000e+00 3.540590480000e-05
2.700293810000e-02 2.104667190000e+00 3.562609340000e-05
2.708404510000e-02 2.104667190000e+00 3.561023550000e-05
2.708404510000e-02 2.105095150000e+00 3.581736380000e-05
2.716515210000e-02 2.105523350000e+00 3.603475490000e-05
2.724624430000e-02 2.105523350000e+00 3.601982460000e-05
2.732735130000e-02 2.105951310000e+00 3.622322400000e-05
2.724624430000e-02 2.105951310000e+00 3.621016000000e-05
2.732735130000e-02 2.106165170000e+00 3.643501620000e-05
2.748956530000e-02 2.107021090000e+00 3.665707480000e-05
2.740845830000e-02 2.106807230000e+00 3.664307950000e-05
2.748956530000e-02 2.107449290000e+00 3.686140190000e-05
2.757067230000e-02 2.107663150000e+00 3.707879660000e-05
2.757067230000e-02 2.107877250000e+00 3.705640480000e-05
2.765177940000e-02 2.108091120000e+00 3.728778760000e-05
2.765177940000e-02 2.108091120000e+00 3.725793430000e-05
2.781399340000e-02 2.108519080000e+00 3.748745080000e-05
2.781399340000e-02 2.108947040000e+00 3.772070700000e-05
2.781399340000e-02 2.109161140000e+00 3.769831530000e-05
2.789510040000e-02 2.109375000000e+00 3.791290510000e-05
2.789510040000e-02 2.109375000000e+00 3.789051330000e-05
2.805731450000e-02 2.109803200000e+00 3.813962760000e-05
2.813842150000e-02 2.110231160000e+00 3.838034540000e-05
2.813842150000e-02 2.110231160000e+00 3.835701860000e-05
2.821952850000e-02 2.110872980000e+00 3.860426660000e-05
2.830063550000e-02 2.111087080000e+00 3.883565660000e-05
2.821952850000e-02 2.111087080000e+00 3.881419250000e-05
2.838174250000e-02 2.111515050000e+00 3.906797430000e-05
2.830063550000e-02 2.111728910000e+00 3.904464760000e-05
2.846284960000e-02 2.111943010000e+00 3.927790020000e-05
2.846284960000e-02 2.112370970000e+00 3.953261330000e-05
2.854395660000e-02 2.112370970000e+00 3.951021790000e-05
2.854395660000e-02 2.112798930000e+00 3.973881030000e-05
2.862506360000e-02 2.112585070000e+00 3.970708710000e-05
2.862506360000e-02 2.113440990000e+00 3.997672680000e-05
2.870617060000e-02 2.113868950000e+00 4.023703510000e-05
2.870617060000e-02 2.113654850000e+00 4.021744100000e-05
2.886838470000e-02 2.114296910000e+00 4.047215410000e-05
2.886838470000e-02 2.114511010000e+00 4.072127190000e-05
2.886838470000e-02 2.114296910000e+00 4.069234640000e-05
2.894949170000e-02 2.114724870000e+00 4.095078840000e-05
2.894949170000e-02 2.114938970000e+00 4.091906520000e-05
2.903058380000e-02 2.115366940000e+00 4.117471330000e-05
2.911169080000e-02 2.115794900000e+00 4.117471330000e-05
2.911169080000e-02 2.115794900000e+00 4.187582820000e-05
2.919279780000e-02 2.116008760000e+00 4.190381880000e-05
2.927390490000e-02 2.116650820000e+00 4.211837220000e-05
2.927390490000e-02 2.116436720000e+00 4.208106110000e-05
2.943611890000e-02 2.116864920000e+00 4.233292930000e-05
2.935501190000e-02 2.117078780000e+00 4.230494230000e-05
2.943611890000e-02 2.117078780000e+00 4.261278080000e-05
2.959833290000e-02 2.117720840000e+00 4.288331550000e-05
2.959833290000e-02 2.117934700000e+00 4.285532490000e-05
2.967944000000e-02 2.118148800000e+00 4.313518370000e-05
2.959833290000e-02 2.118362670000e+00 4.311652810000e-05
2.967944000000e-02 2.118790630000e+00 4.340570740000e-05
2.984165400000e-02 2.119218830000e+00 4.374154010000e-05
2.984165400000e-02 2.119004730000e+00 4.367623840000e-05
2.984165400000e-02 2.119432690000e+00 4.398408050000e-05
2.992276100000e-02 2.119860650000e+00 4.431991330000e-05
3.000386800000e-02 2.119860650000e+00 4.429192270000e-05
3.000386800000e-02 2.120288610000e+00 4.461842760000e-05
3.000386800000e-02 2.120502710000e+00 4.457178150000e-05
3.008497510000e-02 2.120716570000e+00 4.488895140000e-05
3.024718910000e-02 2.121144530000e+00 4.522478050000e-05
3.024718910000e-02 2.121144530000e+00 4.518746570000e-05
3.024718910000e-02 2.121572730000e+00 4.549530420000e-05
3.032829610000e-02 2.121572730000e+00 4.546732450000e-05
3.040940310000e-02 2.122000690000e+00 4.581247410000e-05
3.040940310000e-02 2.122642520000e+00 4.618562160000e-05
3.040940310000e-02 2.122642520000e+00 4.610166070000e-05
3.057161720000e-02 2.122642520000e+00 4.640017510000e-05
3.057161720000e-02 2.123284580000e+00 4.678264300000e-05
3.065272420000e-02 2.123498440000e+00 4.675465970000e-05
3.065272420000e-02 2.123712540000e+00 4.712779990000e-05
3.073383120000e-02 2.123712540000e+00 4.708115740000e-05
3.073383120000e-02 2.124140500000e+00 4.745430490000e-05
3.081492330000e-02 2.124568460000e+00 4.779945450000e-05
3.089603040000e-02 2.124568460000e+00 4.775281920000e-05
3.089603040000e-02 2.124782560000e+00 4.814461500000e-05
3.089603040000e-02 2.124996420000e+00 4.811663170000e-05
3.105824440000e-02 2.125424390000e+00 4.850842740000e-05
3.113935140000e-02 2.125638480000e+00 4.890023050000e-05
3.105824440000e-02 2.125638480000e+00 4.885358430000e-05
3.113935140000e-02 2.126280550000e+00 4.920807260000e-05
3.122045840000e-02 2.126494410000e+00 4.963718310000e-05
3.122045840000e-02 2.126494410000e+00 4.957188500000e-05
3.130156550000e-02 2.126922370000e+00 5.000099550000e-05
3.130156550000e-02 2.126922370000e+00 4.996368080000e-05
3.138267250000e-02 2.127350330000e+00 5.037413580000e-05
3.146377950000e-02 2.127778290000e+00 5.079392210000e-05
3.154488650000e-02 2.127564430000e+00 5.074727960000e-05
3.154488650000e-02 2.128420350000e+00 5.116706230000e-05
3.170710060000e-02 2.128848310000e+00 5.160550430000e-05
3.162599350000e-02 2.128634450000e+00 5.154953030000e-05
3.178820760000e-02 2.129276280000e+00 5.197865180000e-05
3.178820760000e-02 2.128848310000e+00 5.190401500000e-05
3.186931460000e-02 2.129276280000e+00 5.231447360000e-05
3.186931460000e-02 2.129918340000e+00 5.284620420000e-05
3.186931460000e-02 2.129918340000e+00 5.277157830000e-05
3.203152870000e-02 2.130132200000e+00 5.327531470000e-05
3.195042160000e-02 2.130346300000e+00 5.321934440000e-05
3.211263570000e-02 2.130774260000e+00 5.373241950000e-05
3.211263570000e-02 2.131202220000e+00 5.425481140000e-05
3.219374270000e-02 2.130988360000e+00 5.416153000000e-05
3.219374270000e-02 2.131416320000e+00 5.466527000000e-05
3.227484970000e-02 2.131844280000e+00 5.522498030000e-05
3.235595670000e-02 2.132058140000e+00 5.514102670000e-05
3.243706380000e-02 2.132486100000e+00 5.569140920000e-05
3.235595670000e-02 2.132272240000e+00 5.558879270000e-05
3.251817080000e-02 2.132700200000e+00 5.616716590000e-05
3.259926290000e-02 2.133128170000e+00 5.675486680000e-05
3.251817080000e-02 2.133128170000e+00 5.665225040000e-05
3.259926290000e-02 2.133770230000e+00 5.726793100000e-05
3.259926290000e-02 2.133556130000e+00 5.716532540000e-05
3.268036990000e-02 2.133984090000e+00 5.779966160000e-05
3.284258400000e-02 2.134198190000e+00 5.839669030000e-05
3.276147690000e-02 2.134198190000e+00 5.830340160000e-05
3.284258400000e-02 2.134840010000e+00 5.895640060000e-05
3.292369100000e-02 2.135054110000e+00 5.960939960000e-05
3.292369100000e-02 2.135054110000e+00 5.950678310000e-05
3.292369100000e-02 2.135482070000e+00 6.017844500000e-05
3.300479800000e-02 2.135482070000e+00 6.010381180000e-05
3.308590500000e-02 2.135696170000e+00 6.073815530000e-05
3.316701200000e-02 2.136338000000e+00 6.147511160000e-05
3.324811910000e-02 2.136338000000e+00 6.135383590000e-05
3.324811910000e-02 2.136765960000e+00 6.208146810000e-05
3.332922610000e-02 2.137193920000e+00 6.287439460000e-05
3.332922610000e-02 2.136980060000e+00 6.266916900000e-05
3.341033310000e-02 2.137408020000e+00 6.339679380000e-05
3.349144010000e-02 2.137621880000e+00 6.325686990000e-05
3.349144010000e-02 2.137835980000e+00 6.406844480000e-05
3.357254710000e-02 2.138263940000e+00 6.489868970000e-05
3.357254710000e-02 2.138050080000e+00 6.469345680000e-05
3.373476120000e-02 2.138478040000e+00 6.549571840000e-05
3.365365420000e-02 2.138478040000e+00 6.538377060000e-05
3.381586820000e-02 2.138906000000e+00 6.617669710000e-05
3.381586820000e-02 2.139547820000e+00 6.709089940000e-05
3.389697520000e-02 2.139333960000e+00 6.692297760000e-05
3.389697520000e-02 2.139761920000e+00 6.790248150000e-05
3.397808220000e-02 2.139975790000e+00 6.884465980000e-05
3.397808220000e-02 2.140189890000e+00 6.865808970000e-05
3.405918930000e-02 2.140617850000e+00 6.964692150000e-05
3.405918930000e-02 2.140403990000e+00 6.948833470000e-05
3.414029630000e-02 2.141045810000e+00 7.057044420000e-05
3.422140330000e-02 2.141259910000e+00 7.167121660000e-05
3.430251030000e-02 2.141259910000e+00 7.147531870000e-05
3.430251030000e-02 2.141687870000e+00 7.266937610000e-05
3.430251030000e-02 2.141687870000e+00 7.242683200000e-05
3.438360240000e-02 2.142115830000e+00 7.362088950000e-05
3.446470950000e-02 2.142329930000e+00 7.495485620000e-05
3.446470950000e-02 2.142543790000e+00 7.478694900000e-05
3.454581650000e-02 2.142757890000e+00 7.619555980000e-05
3.462692350000e-02 2.143185850000e+00 7.761350570000e-05
3.470803050000e-02 2.143185850000e+00 7.740827280000e-05
3.470803050000e-02 2.143613820000e+00 7.886352250000e-05
3.470803050000e-02 2.143613820000e+00 7.860233020000e-05
3.478913750000e-02 2.144041780000e+00 8.020683160000e-05
3.487024460000e-02 2.144469740000e+00 8.188596980000e-05
3.495135160000e-02 2.144469740000e+00 8.166208140000e-05
3.495135160000e-02 2.144683840000e+00 8.338787300000e-05
3.511356560000e-02 2.145111800000e+00 8.519760740000e-05
3.511356560000e-02 2.145111800000e+00 8.487111340000e-05
3.519467260000e-02 2.145539760000e+00 8.696070290000e-05
3.519467260000e-02 2.145539760000e+00 8.666219950000e-05
3.527577970000e-02 2.145967720000e+00 8.885439460000e-05
3.527577970000e-02 2.146395680000e+00 9.124250940000e-05
3.527577970000e-02 2.146395680000e+00 9.085071360000e-05
3.535688670000e-02 2.146823640000e+00 9.314553610000e-05
3.543799370000e-02 2.146823640000e+00 9.266978300000e-05
3.543799370000e-02 2.147251610000e+00 9.539371240000e-05
3.551910070000e-02 2.147465710000e+00 9.818295080000e-05
3.560020770000e-02 2.147465710000e+00 9.781913100000e-05
3.568131480000e-02 2.147893670000e+00 1.008882250000e-04
3.576242180000e-02 2.148107530000e+00 1.039479980000e-04
3.576242180000e-02 2.148321630000e+00 1.033509760000e-04
3.584352880000e-02 2.148535490000e+00 1.070823930000e-04
3.576242180000e-02 2.148535490000e+00 1.064760290000e-04
3.584352880000e-02 2.149177550000e+00 1.106178970000e-04
3.592463580000e-02 2.149391650000e+00 1.152075420000e-04
3.592463580000e-02 2.149391650000e+00 1.144612620000e-04
3.600574280000e-02 2.149819610000e+00 1.191908450000e-04
3.600574280000e-02 2.149605510000e+00 1.181460390000e-04
3.608684990000e-02 2.150247570000e+00 1.239390840000e-04
3.616794200000e-02 2.150675540000e+00 1.303757740000e-04
3.624904900000e-02 2.150461440000e+00 1.290697690000e-04
3.624904900000e-02 2.150889400000e+00 1.358143200000e-04
3.633015600000e-02 2.151317360000e+00 1.432118590000e-04
3.633015600000e-02 2.151103500000e+00 1.414580910000e-04
3.649237010000e-02 2.151745560000e+00 1.501802910000e-04
3.649237010000e-02 2.151745560000e+00 1.481186630000e-04
3.657347710000e-02 2.151959420000e+00 1.579976090000e-04
3.657347710000e-02 2.152387380000e+00 1.699101700000e-04
3.657347710000e-02 2.152387380000e+00 1.681097640000e-04
3.665458410000e-02 2.152815340000e+00 1.808805390000e-04
3.673569110000e-02 2.153029440000e+00 1.967017600000e-04
3.673569110000e-02 2.153029440000e+00 1.934274330000e-04
3.689790520000e-02 2.153457400000e+00 2.111143690000e-04
3.681679820000e-02 2.153457400000e+00 2.074295920000e-04
3.697901220000e-02 2.153671260000e+00 2.260400360000e-04
3.706011920000e-02 2.154313330000e+00 2.438575760000e-04
3.697901220000e-02 2.154099460000e+00 2.403407120000e-04
3.706011920000e-02 2.154527430000e+00 2.644363560000e-04
3.714122620000e-02 2.154741290000e+00 2.599120200000e-04
3.722233330000e-02 2.154955390000e+00 2.845020500000e-04
3.730344030000e-02 2.155597210000e+00 3.142507920000e-04
3.730344030000e-02 2.155383350000e+00 3.088589000000e-04
3.738454730000e-02 2.155811310000e+00 3.349974870000e-04
3.746565430000e-02 2.155811310000e+00 3.681045200000e-04
3.746565430000e-02 2.156025170000e+00 3.632163280000e-04
3.746565430000e-02 2.156453370000e+00 3.935154820000e-04
3.746565430000e-02 2.156239270000e+00 3.880582810000e-04
3.762786840000e-02 2.156667230000e+00 3.880582810000e-04
3.762786840000e-02 2.157095190000e+00 4.560657540000e-04
3.762786840000e-02 2.157095190000e+00 4.466209210000e-04
3.770897540000e-02 2.157309290000e+00 4.791635730000e-04
3.770897540000e-02 2.157523160000e+00 4.731787190000e-04
3.779008240000e-02 2.157951120000e+00 5.037576780000e-04
3.787118940000e-02 2.158379080000e+00 5.393863540000e-04
3.787118940000e-02 2.158165220000e+00 5.327469550000e-04
3.803338860000e-02 2.158593180000e+00 5.635128470000e-04
3.803338860000e-02 2.158807280000e+00 5.993286030000e-04
3.803338860000e-02 2.159235240000e+00 5.927826860000e-04
3.811449560000e-02 2.159235240000e+00 6.269150760000e-04
3.811449560000e-02 2.159021140000e+00 6.206497780000e-04
3.819560260000e-02 2.159449100000e+00 6.552498090000e-04
3.827670960000e-02 2.159877060000e+00 6.872314260000e-04
3.827670960000e-02 2.159877060000e+00 6.786281590000e-04
3.835781660000e-02 2.160519120000e+00 7.146308200000e-04
3.843892370000e-02 2.160732980000e+00 7.505401150000e-04
3.843892370000e-02 2.160519120000e+00 7.449293630000e-04
3.860113770000e-02 2.161161180000e+00 7.817736480000e-04
3.852003070000e-02 2.160947080000e+00 7.745730690000e-04
3.860113770000e-02 2.161589150000e+00 8.100148410000e-04
3.868224470000e-02 2.161803010000e+00 8.481683330000e-04
3.868224470000e-02 2.161803010000e+00 8.407807330000e-04
3.876335170000e-02 2.162230970000e+00 8.755677850000e-04
3.876335170000e-02 2.162017110000e+00 8.678996820000e-04
3.884445880000e-02 2.162445070000e+00 9.029673530000e-04
3.892556580000e-02 2.162873030000e+00 9.327045410000e-04
3.900667280000e-02 2.162658930000e+00 9.245689730000e-04
3.900667280000e-02 2.163086890000e+00 9.609457340000e-04
3.916888680000e-02 2.163728950000e+00 9.961068860000e-04
3.916888680000e-02 2.163515090000e+00 9.892802920000e-04
3.924999390000e-02 2.163728950000e+00 1.025376610000e-03
3.916888680000e-02 2.163728950000e+00 1.019111140000e-03
3.924999390000e-02 2.164156910000e+00 1.053524090000e-03
3.941220790000e-02 2.164584880000e+00 1.088685360000e-03
