# current [A] 	 voltage [V] 	 power [W] 	 wavelenght:635.0 nm	 2017-01-09 16:08
7.562339310000e-05 1.726972100000e+00 1.492860770000e-08
7.562339310000e-05 1.755860810000e+00 1.854492200000e-08
2.378374340000e-04 1.782395840000e+00 4.246814810000e-08
3.189444540000e-04 1.798873190000e+00 7.139853150000e-08
2.378374340000e-04 1.799301150000e+00 7.158400450000e-08
3.189444540000e-04 1.811498640000e+00 1.057997570000e-07
4.000514750000e-04 1.820914270000e+00 1.403864470000e-07
4.000514750000e-04 1.821128370000e+00 1.403864470000e-07
5.622655150000e-04 1.829046010000e+00 1.806293990000e-07
4.811584950000e-04 1.829260110000e+00 1.810002740000e-07
6.433725360000e-04 1.835679770000e+00 2.226341280000e-07
6.433725360000e-04 1.841457610000e+00 2.670497280000e-07
6.433725360000e-04 1.841671470000e+00 2.677915630000e-07
7.244795560000e-04 1.846165420000e+00 3.088690050000e-07
7.244795560000e-04 1.846165420000e+00 3.088690050000e-07
8.055865760000e-04 1.851087090000e+00 3.604245080000e-07
9.677931670000e-04 1.855581050000e+00 4.118872710000e-07
8.866861460000e-04 1.855581050000e+00 4.132781160000e-07
9.677931670000e-04 1.859646800000e+00 4.648336190000e-07
1.048900190000e-03 1.863284590000e+00 5.161108450000e-07
1.130007210000e-03 1.863284590000e+00 5.187071680000e-07
1.211114230000e-03 1.866922620000e+00 5.756407400000e-07
1.130007210000e-03 1.866922620000e+00 5.757335090000e-07
1.211114230000e-03 1.870346550000e+00 6.323889470000e-07
1.292221250000e-03 1.873128410000e+00 6.910842670000e-07
1.373328270000e-03 1.873128410000e+00 6.917333620000e-07
1.454435290000e-03 1.875910280000e+00 7.476469930000e-07
1.535542310000e-03 1.878906010000e+00 8.103294820000e-07
1.535542310000e-03 1.878692150000e+00 8.123694220000e-07
1.616649330000e-03 1.881474020000e+00 8.731975070000e-07
1.535542310000e-03 1.881259920000e+00 8.741247370000e-07
1.616649330000e-03 1.883827920000e+00 9.375491460000e-07
1.778855920000e-03 1.885967730000e+00 9.980062710000e-07
1.778855920000e-03 1.886181830000e+00 9.986553100000e-07
1.778855920000e-03 1.888749600000e+00 1.064397790000e-06
1.778855920000e-03 1.888321640000e+00 1.065788640000e-06
1.859962940000e-03 1.890675540000e+00 1.129491240000e-06
1.859962940000e-03 1.892601490000e+00 1.194677340000e-06
1.941069960000e-03 1.892815590000e+00 1.196902760000e-06
2.022176980000e-03 1.894527440000e+00 1.258843670000e-06
2.103284000000e-03 1.896881340000e+00 1.330334950000e-06
2.103284000000e-03 1.896667480000e+00 1.331447830000e-06
2.184391020000e-03 1.898807290000e+00 1.399415620000e-06
2.184391020000e-03 1.898593430000e+00 1.401455620000e-06
2.265498040000e-03 1.900947330000e+00 1.470721830000e-06
2.346605060000e-03 1.902445080000e+00 1.537947700000e-06
2.346605060000e-03 1.902445080000e+00 1.538318660000e-06
2.508819100000e-03 1.904371020000e+00 1.610922820000e-06
2.427712080000e-03 1.904157160000e+00 1.612035700000e-06
2.508819100000e-03 1.905869010000e+00 1.682692530000e-06
2.589926120000e-03 1.907581090000e+00 1.754925850000e-06
2.589926120000e-03 1.907794950000e+00 1.755760540000e-06
2.752132710000e-03 1.909292940000e+00 1.822893860000e-06
2.833239730000e-03 1.911004780000e+00 1.899670680000e-06
2.833239730000e-03 1.911004780000e+00 1.901154180000e-06
2.914346750000e-03 1.912502770000e+00 1.973109420000e-06
2.833239730000e-03 1.912502770000e+00 1.975705800000e-06
2.995453770000e-03 1.914214610000e+00 2.048959230000e-06
2.995453770000e-03 1.915498730000e+00 2.121099440000e-06
2.995453770000e-03 1.915498730000e+00 2.122304980000e-06
3.076560800000e-03 1.916996720000e+00 2.198062020000e-06
3.157667820000e-03 1.918494460000e+00 2.272520530000e-06
3.157667820000e-03 1.918494460000e+00 2.274004150000e-06
3.238774840000e-03 1.919992450000e+00 2.348926500000e-06
3.238774840000e-03 1.919992450000e+00 2.349853730000e-06
3.319881860000e-03 1.921276330000e+00 2.421067170000e-06
3.400988880000e-03 1.922774310000e+00 2.503871200000e-06
3.400988880000e-03 1.922774310000e+00 2.504520350000e-06
3.563195470000e-03 1.924058440000e+00 2.583337160000e-06
3.482095900000e-03 1.924058440000e+00 2.585747780000e-06
3.482095900000e-03 1.925128220000e+00 2.664564820000e-06
3.644302490000e-03 1.926626210000e+00 2.741248860000e-06
3.725409510000e-03 1.926626210000e+00 2.743381630000e-06
3.725409510000e-03 1.928124190000e+00 2.824980360000e-06
3.887623550000e-03 1.929408070000e+00 2.905373550000e-06
3.725409510000e-03 1.929194210000e+00 2.905929700000e-06
3.887623550000e-03 1.930478100000e+00 2.986693970000e-06
3.887623550000e-03 1.930478100000e+00 2.988733740000e-06
3.968730570000e-03 1.931976080000e+00 3.063285250000e-06
4.130944610000e-03 1.933259960000e+00 3.149520130000e-06
4.130944610000e-03 1.932832000000e+00 3.151559890000e-06
4.130944610000e-03 1.934115890000e+00 3.232046080000e-06
4.212051630000e-03 1.934115890000e+00 3.234364160000e-06
4.212051630000e-03 1.935400010000e+00 3.315591810000e-06
4.293158650000e-03 1.936469790000e+00 3.394779470000e-06
4.374265670000e-03 1.936469790000e+00 3.394872240000e-06
4.374265670000e-03 1.937753920000e+00 3.480643500000e-06
4.455365240000e-03 1.938823700000e+00 3.562149230000e-06
4.374265670000e-03 1.938823700000e+00 3.564467530000e-06
4.536472260000e-03 1.940107820000e+00 3.646993260000e-06
4.617579280000e-03 1.939893720000e+00 3.647364340000e-06
4.617579280000e-03 1.940963750000e+00 3.724604770000e-06
4.698686300000e-03 1.942461730000e+00 3.814826410000e-06
4.698686300000e-03 1.942247630000e+00 3.815568560000e-06
4.698686300000e-03 1.943317650000e+00 3.900597680000e-06
4.860900340000e-03 1.944387440000e+00 3.989058310000e-06
4.860900340000e-03 1.944387440000e+00 3.989336620000e-06
4.942007360000e-03 1.945457460000e+00 4.071306190000e-06
4.942007360000e-03 1.945457460000e+00 4.069544500000e-06
5.023114380000e-03 1.946741340000e+00 4.069544500000e-06
5.104221400000e-03 1.947597500000e+00 4.289053780000e-06
5.104221400000e-03 1.947597500000e+00 4.267594250000e-06
5.104221400000e-03 1.948667290000e+00 4.347833510000e-06
5.185328420000e-03 1.948667290000e+00 4.339436150000e-06
5.347535010000e-03 1.949523450000e+00 4.421541230000e-06
5.347535010000e-03 1.950807330000e+00 4.512043230000e-06
5.347535010000e-03 1.950593230000e+00 4.512975470000e-06
5.428642030000e-03 1.951449160000e+00 4.597879520000e-06
5.509749050000e-03 1.952519180000e+00 4.687449290000e-06
5.509749050000e-03 1.952733280000e+00 4.684650320000e-06
5.590856080000e-03 1.953803060000e+00 4.768621240000e-06
5.590856080000e-03 1.953589200000e+00 4.765822270000e-06
5.671963100000e-03 1.954445120000e+00 4.862855800000e-06
5.753070120000e-03 1.955515150000e+00 4.946826270000e-06
5.834177140000e-03 1.955729010000e+00 4.948692090000e-06
5.834177140000e-03 1.956585170000e+00 5.033596150000e-06
5.834177140000e-03 1.956585170000e+00 5.033596150000e-06
5.915284160000e-03 1.957441090000e+00 5.111969590000e-06
5.996391180000e-03 1.958297010000e+00 5.210868950000e-06
5.996391180000e-03 1.958297010000e+00 5.209002210000e-06
6.077498200000e-03 1.959152940000e+00 5.300437350000e-06
6.158605220000e-03 1.960222960000e+00 5.394671920000e-06
6.158605220000e-03 1.960222960000e+00 5.394671920000e-06
6.239704790000e-03 1.961292980000e+00 5.479575980000e-06
6.320811810000e-03 1.961078880000e+00 5.483307180000e-06
6.320811810000e-03 1.961934800000e+00 5.574742770000e-06
6.483025850000e-03 1.963218690000e+00 5.668043740000e-06
6.483025850000e-03 1.963004830000e+00 5.668043740000e-06
6.483025850000e-03 1.963860750000e+00 5.756680370000e-06
6.564132870000e-03 1.964716670000e+00 5.845315630000e-06
6.564132870000e-03 1.964716670000e+00 5.844383400000e-06
6.645239890000e-03 1.965572600000e+00 5.942349160000e-06
6.645239890000e-03 1.965572600000e+00 5.941415570000e-06
6.726346910000e-03 1.966642620000e+00 6.039382700000e-06
6.807453930000e-03 1.967284680000e+00 6.129884700000e-06
6.888560950000e-03 1.967498540000e+00 6.128017960000e-06
6.969667970000e-03 1.968140600000e+00 6.220386690000e-06
6.888560950000e-03 1.968354700000e+00 6.219453100000e-06
7.050774990000e-03 1.969210620000e+00 6.315553490000e-06
7.050774990000e-03 1.970066550000e+00 6.406988630000e-06
7.050774990000e-03 1.970280650000e+00 6.406988630000e-06
7.131874560000e-03 1.970922470000e+00 6.499356460000e-06
7.212981580000e-03 1.971778390000e+00 6.587059490000e-06
7.212981580000e-03 1.971778390000e+00 6.586126350000e-06
7.294088600000e-03 1.972634550000e+00 6.685958850000e-06
7.294088600000e-03 1.972420450000e+00 6.686891990000e-06
7.375195620000e-03 1.973490480000e+00 6.782992390000e-06
7.456302640000e-03 1.974132300000e+00 6.876293360000e-06
7.456302640000e-03 1.974132300000e+00 6.877225590000e-06
7.537409660000e-03 1.974988460000e+00 6.966795350000e-06
7.537409660000e-03 1.975202320000e+00 6.965862210000e-06
7.618516680000e-03 1.975844380000e+00 7.067560090000e-06
7.699623700000e-03 1.976914170000e+00 7.160861060000e-06
7.699623700000e-03 1.976914170000e+00 7.160861060000e-06
7.780730720000e-03 1.977556230000e+00 7.261627160000e-06
7.942944770000e-03 1.978412150000e+00 7.347463450000e-06
7.861837740000e-03 1.978412150000e+00 7.347463450000e-06
7.942944770000e-03 1.979268070000e+00 7.447295960000e-06
7.942944770000e-03 1.979054210000e+00 7.444496990000e-06
8.024044330000e-03 1.979910140000e+00 7.547128460000e-06
8.105151360000e-03 1.980766060000e+00 7.644161090000e-06
8.024044330000e-03 1.980552200000e+00 7.644161090000e-06
8.186258380000e-03 1.981621980000e+00 7.734663090000e-06
8.186258380000e-03 1.982264040000e+00 7.837294110000e-06
8.267365400000e-03 1.982264040000e+00 7.834495590000e-06
8.348472420000e-03 1.982906100000e+00 7.928730160000e-06
8.348472420000e-03 1.982906100000e+00 7.928730160000e-06
8.429579440000e-03 1.983975890000e+00 8.031360270000e-06
8.510686460000e-03 1.984617950000e+00 8.118131520000e-06
8.510686460000e-03 1.984617950000e+00 8.119996890000e-06
8.591793480000e-03 1.985473870000e+00 8.222627910000e-06
8.591793480000e-03 1.985473870000e+00 8.225427340000e-06
8.672900500000e-03 1.986115930000e+00 8.325258930000e-06
8.754007520000e-03 1.986971860000e+00 8.426024580000e-06
8.754007520000e-03 1.986971860000e+00 8.427889950000e-06
8.835114540000e-03 1.987399820000e+00 8.523990800000e-06
8.916214110000e-03 1.988469840000e+00 8.631286620000e-06
8.916214110000e-03 1.988469840000e+00 8.626621820000e-06
8.916214110000e-03 1.989325760000e+00 8.730185980000e-06
8.997321130000e-03 1.989111900000e+00 8.730185980000e-06
9.078428150000e-03 1.989753720000e+00 8.828152200000e-06
9.078428150000e-03 1.990395780000e+00 8.925185280000e-06
9.159535170000e-03 1.990609650000e+00 8.923319000000e-06
9.240642190000e-03 1.991465810000e+00 9.035279620000e-06
9.240642190000e-03 1.991679670000e+00 9.030615730000e-06
9.321749210000e-03 1.992107630000e+00 9.130448230000e-06
9.402856230000e-03 1.993177650000e+00 9.236811820000e-06
9.402856230000e-03 1.992963550000e+00 9.235876860000e-06
9.483963250000e-03 1.993605610000e+00 9.335709360000e-06
9.646177290000e-03 1.994461540000e+00 9.440207580000e-06
9.483963250000e-03 1.994461540000e+00 9.441139810000e-06
9.646177290000e-03 1.995103600000e+00 9.541904550000e-06
9.646177290000e-03 1.995103600000e+00 9.539106030000e-06
9.727284310000e-03 1.995745420000e+00 9.638938540000e-06
9.889490900000e-03 1.996815440000e+00 9.740637320000e-06
9.808383880000e-03 1.996601580000e+00 9.738771040000e-06
9.889490900000e-03 1.997457500000e+00 9.845133720000e-06
9.889490900000e-03 1.997243400000e+00 9.843269250000e-06
9.970597920000e-03 1.998099330000e+00 9.950564160000e-06
1.005170490000e-02 1.998741390000e+00 1.005692680000e-05
1.005170490000e-02 1.998741390000e+00 1.005692680000e-05
1.013281200000e-02 1.999383450000e+00 1.015769430000e-05
1.021391900000e-02 2.000239370000e+00 1.026498920000e-05
1.021391900000e-02 2.000239370000e+00 1.026218980000e-05
1.021391900000e-02 2.000667330000e+00 1.036948740000e-05
1.021391900000e-02 2.000881430000e+00 1.036388950000e-05
1.029502600000e-02 2.001309390000e+00 1.046558650000e-05
1.045724000000e-02 2.002165320000e+00 1.057101690000e-05
1.045724000000e-02 2.002379180000e+00 1.056728520000e-05
1.053834710000e-02 2.003021240000e+00 1.067831180000e-05
1.061945410000e-02 2.003663300000e+00 1.078560940000e-05
1.061945410000e-02 2.003663300000e+00 1.078654170000e-05
1.070055370000e-02 2.004305120000e+00 1.089103990000e-05
1.070055370000e-02 2.004519220000e+00 1.089383930000e-05
1.078166070000e-02 2.004733090000e+00 1.099367180000e-05
1.086276770000e-02 2.005803110000e+00 1.110190080000e-05
1.086276770000e-02 2.005803110000e+00 1.110003450000e-05
1.094387470000e-02 2.006445170000e+00 1.120453270000e-05
1.094387470000e-02 2.006445170000e+00 1.120546490000e-05
1.102498170000e-02 2.007086990000e+00 1.131462700000e-05
1.110608880000e-02 2.007515190000e+00 1.140606220000e-05
1.110608880000e-02 2.007729050000e+00 1.140699440000e-05
1.118719580000e-02 2.008371110000e+00 1.151802280000e-05
1.118719580000e-02 2.009012940000e+00 1.162625270000e-05
1.134940980000e-02 2.009012940000e+00 1.162718490000e-05
1.134940980000e-02 2.009869100000e+00 1.174101270000e-05
1.134940980000e-02 2.009655000000e+00 1.173821330000e-05
1.143051680000e-02 2.010297060000e+00 1.184177930000e-05
1.151162390000e-02 2.011366840000e+00 1.195840380000e-05
1.143051680000e-02 2.011152980000e+00 1.195747150000e-05
1.159272340000e-02 2.011794810000e+00 1.206476920000e-05
1.159272340000e-02 2.011580940000e+00 1.206290200000e-05
1.167383040000e-02 2.012223010000e+00 1.217486260000e-05
1.167383040000e-02 2.012650970000e+00 1.227749450000e-05
1.175493750000e-02 2.012650970000e+00 1.227656230000e-05
1.183604450000e-02 2.013720750000e+00 1.239318860000e-05
1.191715150000e-02 2.014148710000e+00 1.250235070000e-05
1.191715150000e-02 2.014362810000e+00 1.249955130000e-05
1.191715150000e-02 2.015004870000e+00 1.261524360000e-05
1.199825850000e-02 2.015218730000e+00 1.261151280000e-05
1.207936560000e-02 2.015646700000e+00 1.271600830000e-05
1.216047260000e-02 2.016288760000e+00 1.283263550000e-05
1.216047260000e-02 2.016074660000e+00 1.283077110000e-05
1.224157960000e-02 2.016930820000e+00 1.294086450000e-05
1.232268660000e-02 2.017572640000e+00 1.305002660000e-05
1.232268660000e-02 2.017572640000e+00 1.305469230000e-05
1.240379360000e-02 2.018000600000e+00 1.315545710000e-05
1.232268660000e-02 2.018214700000e+00 1.315545710000e-05
1.240379360000e-02 2.019070630000e+00 1.327208430000e-05
1.256600020000e-02 2.019498590000e+00 1.338591120000e-05
1.256600020000e-02 2.019284730000e+00 1.338497900000e-05
1.256600020000e-02 2.020140650000e+00 1.350253840000e-05
1.264710720000e-02 2.019926550000e+00 1.349880680000e-05
1.272821430000e-02 2.020568610000e+00 1.360890110000e-05
1.280932130000e-02 2.021424530000e+00 1.371992950000e-05
1.272821430000e-02 2.021424530000e+00 1.372272890000e-05
1.289042830000e-02 2.022066590000e+00 1.383095790000e-05
1.297153530000e-02 2.022708420000e+00 1.394385160000e-05
1.297153530000e-02 2.022708420000e+00 1.394571790000e-05
1.305264230000e-02 2.023136380000e+00 1.405767850000e-05
1.313374940000e-02 2.023136380000e+00 1.405488000000e-05
1.313374940000e-02 2.023778440000e+00 1.417617200000e-05
1.321485640000e-02 2.024634360000e+00 1.429186430000e-05
1.321485640000e-02 2.024420500000e+00 1.428626640000e-05
1.329596340000e-02 2.025062320000e+00 1.440569210000e-05
1.329596340000e-02 2.025276420000e+00 1.440382770000e-05
1.329596340000e-02 2.025704380000e+00 1.451485420000e-05
1.345817000000e-02 2.026346450000e+00 1.463054830000e-05
1.337706300000e-02 2.026132350000e+00 1.462961610000e-05
1.353927700000e-02 2.026774410000e+00 1.474624240000e-05
1.362038400000e-02 2.027630330000e+00 1.486006840000e-05
1.362038400000e-02 2.027416230000e+00 1.486286690000e-05
1.362038400000e-02 2.027844190000e+00 1.497203080000e-05
1.370149110000e-02 2.028058290000e+00 1.496829740000e-05
1.378259810000e-02 2.028700350000e+00 1.509425600000e-05
1.378259810000e-02 2.029342170000e+00 1.521554620000e-05
1.386370510000e-02 2.029342170000e+00 1.521274680000e-05
1.394481210000e-02 2.029984240000e+00 1.533403880000e-05
1.402591910000e-02 2.030626060000e+00 1.545066700000e-05
1.402591910000e-02 2.030412200000e+00 1.545253140000e-05
1.402591910000e-02 2.031054260000e+00 1.557568790000e-05
1.410702620000e-02 2.031268120000e+00 1.557195720000e-05
1.418813320000e-02 2.031696080000e+00 1.569044980000e-05
1.426923270000e-02 2.032552000000e+00 1.580800930000e-05
1.426923270000e-02 2.032338140000e+00 1.580800930000e-05
1.435033980000e-02 2.032979970000e+00 1.591623730000e-05
1.426923270000e-02 2.032766100000e+00 1.591717050000e-05
1.443144680000e-02 2.033408160000e+00 1.604592580000e-05
1.451255380000e-02 2.034264090000e+00 1.616441840000e-05
1.443144680000e-02 2.034049990000e+00 1.616161900000e-05
1.451255380000e-02 2.034692050000e+00 1.628384420000e-05
1.467476790000e-02 2.035120010000e+00 1.640326990000e-05
1.459366080000e-02 2.035333870000e+00 1.640326990000e-05
1.475587490000e-02 2.035975930000e+00 1.652829450000e-05
1.475587490000e-02 2.036190030000e+00 1.652456010000e-05
1.483698190000e-02 2.036617990000e+00 1.664491900000e-05
1.483698190000e-02 2.037045960000e+00 1.676994180000e-05
1.491808890000e-02 2.037045960000e+00 1.676714240000e-05
1.491808890000e-02 2.037688020000e+00 1.688283740000e-05
1.499919590000e-02 2.037688020000e+00 1.687444090000e-05
1.508030300000e-02 2.037901880000e+00 1.700879330000e-05
1.516140250000e-02 2.038757800000e+00 1.713194980000e-05
1.516140250000e-02 2.038757800000e+00 1.713194980000e-05
1.524250950000e-02 2.039185760000e+00 1.725977380000e-05
1.532361660000e-02 2.040041920000e+00 1.738013090000e-05
1.532361660000e-02 2.040041920000e+00 1.737546700000e-05
1.540472360000e-02 2.040255780000e+00 1.750515550000e-05
1.540472360000e-02 2.040469880000e+00 1.750515550000e-05
1.548583060000e-02 2.041111710000e+00 1.763111320000e-05
1.556693760000e-02 2.041539670000e+00 1.775613420000e-05
1.564804460000e-02 2.041539670000e+00 1.775147030000e-05
1.564804460000e-02 2.042181730000e+00 1.787276050000e-05
1.572915170000e-02 2.042823790000e+00 1.800431710000e-05
1.572915170000e-02 2.042823790000e+00 1.800711650000e-05
1.581025870000e-02 2.043465610000e+00 1.813587190000e-05
1.581025870000e-02 2.043465610000e+00 1.813120620000e-05
1.589136570000e-02 2.043893580000e+00 1.826089460000e-05
1.597247270000e-02 2.044535640000e+00 1.838405110000e-05
1.597247270000e-02 2.044535640000e+00 1.838125350000e-05
1.605357230000e-02 2.044749740000e+00 1.850907570000e-05
1.605357230000e-02 2.044963600000e+00 1.850907570000e-05
1.613467930000e-02 2.045605660000e+00 1.863503170000e-05
1.621578630000e-02 2.046247480000e+00 1.876378700000e-05
1.621578630000e-02 2.046033620000e+00 1.875818820000e-05
1.629689340000e-02 2.046675440000e+00 1.888041330000e-05
1.637800040000e-02 2.047103640000e+00 1.901850010000e-05
1.637800040000e-02 2.047103640000e+00 1.901196810000e-05
1.637800040000e-02 2.047745470000e+00 1.914632230000e-05
1.637800040000e-02 2.047745470000e+00 1.914632230000e-05
1.654021440000e-02 2.048601390000e+00 1.928160780000e-05
1.662132140000e-02 2.049029350000e+00 1.940756370000e-05
1.662132140000e-02 2.049029350000e+00 1.940476430000e-05
1.670242850000e-02 2.049457550000e+00 1.954005170000e-05
1.662132140000e-02 2.049457550000e+00 1.954191980000e-05
1.678353550000e-02 2.050099370000e+00 1.966974200000e-05
1.686464250000e-02 2.050527330000e+00 1.980969320000e-05
1.686464250000e-02 2.050741430000e+00 1.980596240000e-05
1.686464250000e-02 2.050955300000e+00 1.993564910000e-05
1.694574210000e-02 2.051811460000e+00 2.007653530000e-05
1.702684910000e-02 2.051597360000e+00 2.007000150000e-05
1.710795610000e-02 2.052239420000e+00 2.020995450000e-05
1.710795610000e-02 2.052453280000e+00 2.020902140000e-05
1.718906310000e-02 2.052881240000e+00 2.034524000000e-05
1.727017020000e-02 2.053309200000e+00 2.047493040000e-05
1.727017020000e-02 2.053523300000e+00 2.047213090000e-05
1.735127720000e-02 2.053951260000e+00 2.061394840000e-05
1.743238420000e-02 2.054379220000e+00 2.074830260000e-05
1.743238420000e-02 2.054379220000e+00 2.074457010000e-05
1.751349120000e-02 2.055021290000e+00 2.088452130000e-05
1.751349120000e-02 2.054807190000e+00 2.087799110000e-05
1.759459820000e-02 2.055235150000e+00 2.100488020000e-05
1.767570530000e-02 2.056091070000e+00 2.115602730000e-05
1.767570530000e-02 2.056091070000e+00 2.114949710000e-05
1.767570530000e-02 2.056519270000e+00 2.129504540000e-05
1.775681230000e-02 2.056519270000e+00 2.128664890000e-05
1.783791180000e-02 2.057375190000e+00 2.143033270000e-05
1.791901890000e-02 2.057375190000e+00 2.157215020000e-05
1.791901890000e-02 2.057589050000e+00 2.156375380000e-05
1.791901890000e-02 2.058231120000e+00 2.171117010000e-05
1.808123290000e-02 2.058659080000e+00 2.185298760000e-05
1.808123290000e-02 2.058659080000e+00 2.184552250000e-05
1.816233990000e-02 2.059515000000e+00 2.199107260000e-05
1.808123290000e-02 2.059301140000e+00 2.198454240000e-05
1.816233990000e-02 2.059729100000e+00 2.212169420000e-05
1.824344690000e-02 2.060157060000e+00 2.227564070000e-05
1.824344690000e-02 2.060370920000e+00 2.226351170000e-05
1.840566100000e-02 2.060798880000e+00 2.241185940000e-05
1.832455400000e-02 2.060798880000e+00 2.240906000000e-05
1.840566100000e-02 2.061440940000e+00 2.255367690000e-05
1.856787500000e-02 2.061868910000e+00 2.269549620000e-05
1.856787500000e-02 2.061868910000e+00 2.269922880000e-05
1.864898200000e-02 2.062296870000e+00 2.284291080000e-05
1.873008160000e-02 2.062724830000e+00 2.299126030000e-05
1.873008160000e-02 2.063152790000e+00 2.298379700000e-05
1.881118860000e-02 2.063580990000e+00 2.313214460000e-05
1.881118860000e-02 2.063366890000e+00 2.312841390000e-05
1.881118860000e-02 2.064008950000e+00 2.327769470000e-05
1.889229570000e-02 2.064436910000e+00 2.344190400000e-05
1.889229570000e-02 2.064436910000e+00 2.343444070000e-05
1.905450970000e-02 2.065078740000e+00 2.358745590000e-05
1.905450970000e-02 2.065506700000e+00 2.374326690000e-05
1.905450970000e-02 2.065506700000e+00 2.374233370000e-05
1.921672370000e-02 2.066148760000e+00 2.388975010000e-05
1.913561670000e-02 2.065934900000e+00 2.388321990000e-05
1.921672370000e-02 2.066576720000e+00 2.404462980000e-05
1.937893780000e-02 2.067218780000e+00 2.419950940000e-05
1.937893780000e-02 2.067004680000e+00 2.419857630000e-05
1.946004480000e-02 2.067646740000e+00 2.435718850000e-05
1.946004480000e-02 2.067646740000e+00 2.434879210000e-05
1.954115180000e-02 2.068074700000e+00 2.449807470000e-05
1.962225880000e-02 2.068502660000e+00 2.466321710000e-05
1.962225880000e-02 2.068716760000e+00 2.466041770000e-05
1.970336590000e-02 2.069144730000e+00 2.481996130000e-05
1.970336590000e-02 2.069572690000e+00 2.498323920000e-05
1.978447290000e-02 2.069786550000e+00 2.497764220000e-05
1.978447290000e-02 2.070214510000e+00 2.512972060000e-05
1.986557990000e-02 2.070214510000e+00 2.512505670000e-05
1.994668690000e-02 2.070642710000e+00 2.529206540000e-05
2.002779390000e-02 2.071498630000e+00 2.545067760000e-05
2.002779390000e-02 2.071284530000e+00 2.544601190000e-05
2.010888610000e-02 2.071712490000e+00 2.560928990000e-05
2.002779390000e-02 2.071712490000e+00 2.559995850000e-05
2.010888610000e-02 2.072140460000e+00 2.574924110000e-05
2.018999310000e-02 2.072568660000e+00 2.593117820000e-05
2.018999310000e-02 2.072782520000e+00 2.592651250000e-05
2.035220710000e-02 2.073424580000e+00 2.608979050000e-05
2.035220710000e-02 2.073852540000e+00 2.626519560000e-05
2.035220710000e-02 2.073638440000e+00 2.626052990000e-05
2.051442120000e-02 2.074494360000e+00 2.641727770000e-05
2.043331410000e-02 2.074280500000e+00 2.641074570000e-05
2.059552820000e-02 2.074922560000e+00 2.658801710000e-05
2.059552820000e-02 2.075136420000e+00 2.676155780000e-05
2.067663520000e-02 2.075350520000e+00 2.675129510000e-05
2.067663520000e-02 2.075564380000e+00 2.692296770000e-05
2.075774220000e-02 2.076206450000e+00 2.708904500000e-05
2.083884920000e-02 2.076206450000e+00 2.707971540000e-05
2.091995630000e-02 2.076848270000e+00 2.726538330000e-05
2.091995630000e-02 2.076848270000e+00 2.725698690000e-05
2.100106330000e-02 2.077276470000e+00 2.743239200000e-05
2.100106330000e-02 2.077490330000e+00 2.761713040000e-05
2.108217030000e-02 2.077704430000e+00 2.760499960000e-05
2.108217030000e-02 2.078132390000e+00 2.777760710000e-05
2.108217030000e-02 2.078346250000e+00 2.777014380000e-05
2.124438430000e-02 2.078560350000e+00 2.795208090000e-05
2.132549140000e-02 2.079416280000e+00 2.812935240000e-05
2.132549140000e-02 2.079202180000e+00 2.812468670000e-05
2.132549140000e-02 2.079844240000e+00 2.830102490000e-05
2.140659840000e-02 2.080272200000e+00 2.846057030000e-05
2.148770540000e-02 2.080272200000e+00 2.845217200000e-05
2.148770540000e-02 2.080486300000e+00 2.865277200000e-05
2.148770540000e-02 2.080700160000e+00 2.864157610000e-05
2.156881240000e-02 2.081342220000e+00 2.882910850000e-05
2.173102650000e-02 2.081770180000e+00 2.901571320000e-05
2.173102650000e-02 2.081770180000e+00 2.900824980000e-05
2.181213350000e-02 2.081984280000e+00 2.919111650000e-05
2.173102650000e-02 2.081984280000e+00 2.916965970000e-05
2.181213350000e-02 2.082412240000e+00 2.936932470000e-05
2.189322560000e-02 2.083268170000e+00 2.955779380000e-05
2.197433260000e-02 2.083054070000e+00 2.955126000000e-05
2.205543970000e-02 2.083696130000e+00 2.973506530000e-05
2.213654670000e-02 2.084338190000e+00 2.992353070000e-05
2.205543970000e-02 2.083909990000e+00 2.991140350000e-05
2.213654670000e-02 2.084552050000e+00 3.011106860000e-05
2.213654670000e-02 2.084338190000e+00 3.010080400000e-05
2.229876070000e-02 2.085194110000e+00 3.029860450000e-05
2.237986770000e-02 2.085407970000e+00 3.049919910000e-05
2.229876070000e-02 2.085622070000e+00 3.048800320000e-05
2.246097480000e-02 2.086263900000e+00 3.067927170000e-05
2.254208180000e-02 2.086477990000e+00 3.089106760000e-05
2.254208180000e-02 2.086477990000e+00 3.087986990000e-05
2.262318880000e-02 2.086905960000e+00 3.108606320000e-05
2.254208180000e-02 2.086905960000e+00 3.106460640000e-05
2.270429580000e-02 2.087548020000e+00 3.127266610000e-05
2.270429580000e-02 2.087761880000e+00 3.146860040000e-05
2.278540280000e-02 2.087975980000e+00 3.144900620000e-05
2.286650990000e-02 2.088403940000e+00 3.167199250000e-05
2.286650990000e-02 2.088403940000e+00 3.166079840000e-05
2.294761690000e-02 2.088831900000e+00 3.187725820000e-05
2.294761690000e-02 2.089473960000e+00 3.209278290000e-05
2.294761690000e-02 2.089473960000e+00 3.208065390000e-05
2.310983090000e-02 2.089901920000e+00 3.229057980000e-05
2.319093790000e-02 2.090329890000e+00 3.251730230000e-05
2.319093790000e-02 2.090329890000e+00 3.250797090000e-05
2.327204500000e-02 2.090757850000e+00 3.272816320000e-05
2.327204500000e-02 2.090971710000e+00 3.271323290000e-05
2.335315200000e-02 2.091185810000e+00 3.293249030000e-05
2.335315200000e-02 2.091613770000e+00 3.314055360000e-05
2.335315200000e-02 2.091827870000e+00 3.312002810000e-05
2.351536600000e-02 2.092255830000e+00 3.335514700000e-05
2.343425900000e-02 2.092255830000e+00 3.334488430000e-05
2.351536600000e-02 2.092469690000e+00 3.357347300000e-05
2.359647300000e-02 2.093111750000e+00 3.380859200000e-05
2.367756520000e-02 2.093325610000e+00 3.379273040000e-05
2.375867220000e-02 2.093539710000e+00 3.400919010000e-05
2.383977920000e-02 2.093967680000e+00 3.424897300000e-05
2.383977920000e-02 2.093967680000e+00 3.424803800000e-05
2.392088620000e-02 2.094395640000e+00 3.448408820000e-05
2.383977920000e-02 2.094395640000e+00 3.446542910000e-05
2.400199320000e-02 2.094823600000e+00 3.470614680000e-05
2.400199320000e-02 2.095465660000e+00 3.493286570000e-05
2.400199320000e-02 2.095465660000e+00 3.491607280000e-05
2.408310030000e-02 2.096107720000e+00 3.517078950000e-05
2.424531430000e-02 2.096321580000e+00 3.542456400000e-05
2.424531430000e-02 2.096321580000e+00 3.539190950000e-05
2.424531430000e-02 2.096963640000e+00 3.564195870000e-05
2.424531430000e-02 2.096963640000e+00 3.562329580000e-05
2.432642130000e-02 2.097177510000e+00 3.586867750000e-05
2.448863540000e-02 2.097819570000e+00 3.614018350000e-05
2.448863540000e-02 2.097819570000e+00 3.612805450000e-05
2.448863540000e-02 2.098247530000e+00 3.638743150000e-05
2.448863540000e-02 2.098033430000e+00 3.637717240000e-05
2.465084940000e-02 2.098889590000e+00 3.663654570000e-05
2.465084940000e-02 2.099103450000e+00 3.689592270000e-05
2.473195640000e-02 2.099317550000e+00 3.688193100000e-05
2.473195640000e-02 2.099531410000e+00 3.715436830000e-05
2.489417050000e-02 2.100173470000e+00 3.742867190000e-05
2.481306340000e-02 2.100173470000e+00 3.741561160000e-05
2.489417050000e-02 2.100815530000e+00 3.769831530000e-05
2.497527750000e-02 2.100601430000e+00 3.767965610000e-05
2.505638450000e-02 2.101029400000e+00 3.795582230000e-05
2.513749150000e-02 2.101457360000e+00 3.825345270000e-05
2.513749150000e-02 2.101457360000e+00 3.823572480000e-05
2.521859850000e-02 2.101885320000e+00 3.851656220000e-05
2.513749150000e-02 2.101885320000e+00 3.849883800000e-05
2.521859850000e-02 2.102313280000e+00 3.879367070000e-05
2.529970560000e-02 2.102955340000e+00 3.907077190000e-05
2.529970560000e-02 2.102955340000e+00 3.905677660000e-05
2.546190470000e-02 2.103169440000e+00 3.938239750000e-05
2.546190470000e-02 2.103811260000e+00 3.968469170000e-05
2.554301170000e-02 2.103597400000e+00 3.965763610000e-05
2.562411870000e-02 2.104239230000e+00 3.997579190000e-05
2.562411870000e-02 2.104239230000e+00 3.995713270000e-05
2.562411870000e-02 2.104667190000e+00 4.026875830000e-05
2.578633280000e-02 2.105095150000e+00 4.060091310000e-05
2.578633280000e-02 2.105095150000e+00 4.057944900000e-05
2.578633280000e-02 2.105523350000e+00 4.090320730000e-05
2.594854680000e-02 2.105951310000e+00 4.124282350000e-05
2.586743980000e-02 2.106165170000e+00 4.122416430000e-05
2.602965380000e-02 2.106593130000e+00 4.122416430000e-05
2.594854680000e-02 2.106379270000e+00 4.184784850000e-05
2.611076090000e-02 2.107021090000e+00 4.208106110000e-05
2.619186790000e-02 2.107449290000e+00 4.240755880000e-05
2.611076090000e-02 2.107449290000e+00 4.233292930000e-05
2.619186790000e-02 2.107877250000e+00 4.267808250000e-05
2.627297490000e-02 2.107663150000e+00 4.265009920000e-05
2.627297490000e-02 2.108091120000e+00 4.298593190000e-05
2.635408190000e-02 2.108733180000e+00 4.332175380000e-05
2.635408190000e-02 2.108733180000e+00 4.327510760000e-05
2.643518890000e-02 2.109161140000e+00 4.364824780000e-05
2.659740300000e-02 2.109803200000e+00 4.405870640000e-05
2.659740300000e-02 2.109589100000e+00 4.398408050000e-05
2.659740300000e-02 2.110017060000e+00 4.430125050000e-05
2.667851000000e-02 2.110017060000e+00 4.426393930000e-05
2.659740300000e-02 2.110231160000e+00 4.469305350000e-05
2.675961700000e-02 2.110872980000e+00 4.510351210000e-05
2.675961700000e-02 2.110872980000e+00 4.504753820000e-05
2.684072410000e-02 2.111300950000e+00 4.548597640000e-05
2.684072410000e-02 2.111300950000e+00 4.545798950000e-05
2.692183110000e-02 2.111728910000e+00 4.585912030000e-05
2.700293810000e-02 2.112370970000e+00 4.629755860000e-05
2.708404510000e-02 2.112157110000e+00 4.626024750000e-05
2.716515210000e-02 2.112585070000e+00 4.668003380000e-05
2.716515210000e-02 2.113226890000e+00 4.714645550000e-05
2.724624430000e-02 2.113013030000e+00 4.709049240000e-05
2.724624430000e-02 2.113440990000e+00 4.754758630000e-05
2.724624430000e-02 2.113654850000e+00 4.749161230000e-05
2.732735130000e-02 2.113868950000e+00 4.798602460000e-05
2.748956530000e-02 2.114511010000e+00 4.850842740000e-05
2.740845830000e-02 2.114296910000e+00 4.845245350000e-05
2.748956530000e-02 2.114724870000e+00 4.892821380000e-05
2.757067230000e-02 2.115366940000e+00 4.945994080000e-05
2.757067230000e-02 2.115366940000e+00 4.941329460000e-05
2.765177940000e-02 2.115794900000e+00 4.993569750000e-05
2.765177940000e-02 2.115794900000e+00 4.987972720000e-05
2.773288640000e-02 2.116008760000e+00 5.038346350000e-05
2.781399340000e-02 2.116650820000e+00 5.091519420000e-05
2.789510040000e-02 2.116650820000e+00 5.086854800000e-05
2.797620740000e-02 2.117078780000e+00 5.140027860000e-05
2.789510040000e-02 2.116864920000e+00 5.135363240000e-05
2.797620740000e-02 2.117506740000e+00 5.196931670000e-05
2.813842150000e-02 2.118148800000e+00 5.255701760000e-05
2.813842150000e-02 2.117934700000e+00 5.249171590000e-05
2.813842150000e-02 2.118362670000e+00 5.314471850000e-05
2.821952850000e-02 2.118790630000e+00 5.376972690000e-05
2.830063550000e-02 2.118790630000e+00 5.368577330000e-05
2.830063550000e-02 2.119218830000e+00 5.436675560000e-05
2.838174250000e-02 2.119218830000e+00 5.428280200000e-05
2.838174250000e-02 2.119860650000e+00 5.491713820000e-05
2.846284960000e-02 2.120074750000e+00 5.565410170000e-05
2.846284960000e-02 2.120074750000e+00 5.556080940000e-05
2.854395660000e-02 2.120288610000e+00 5.623246400000e-05
2.854395660000e-02 2.120502710000e+00 5.613918620000e-05
2.870617060000e-02 2.120716570000e+00 5.697875530000e-05
2.870617060000e-02 2.121572730000e+00 5.770638020000e-05
2.878727760000e-02 2.121144530000e+00 5.764107480000e-05
2.886838470000e-02 2.121786590000e+00 5.843400870000e-05
2.886838470000e-02 2.122428660000e+00 5.923625940000e-05
2.886838470000e-02 2.122214560000e+00 5.913364290000e-05
2.894949170000e-02 2.122214560000e+00 6.001985820000e-05
2.894949170000e-02 2.122642520000e+00 5.987993060000e-05
2.903058380000e-02 2.123070480000e+00 6.079412920000e-05
2.911169080000e-02 2.123498440000e+00 6.170832780000e-05
2.911169080000e-02 2.123712540000e+00 6.160570770000e-05
2.919279780000e-02 2.123926640000e+00 6.245460830000e-05
2.927390490000e-02 2.124354600000e+00 6.356470840000e-05
2.927390490000e-02 2.124354600000e+00 6.344344000000e-05
2.943611890000e-02 2.124782560000e+00 6.457218840000e-05
2.935501190000e-02 2.124782560000e+00 6.443225720000e-05
2.951722590000e-02 2.125210520000e+00 6.552370180000e-05
2.959833290000e-02 2.125852350000e+00 6.666178520000e-05
2.959833290000e-02 2.125638480000e+00 6.650319850000e-05
2.951722590000e-02 2.126066450000e+00 6.780919650000e-05
2.959833290000e-02 2.126066450000e+00 6.767860030000e-05
2.967944000000e-02 2.126494410000e+00 6.895660770000e-05
2.976054700000e-02 2.126922370000e+00 7.035588350000e-05
2.976054700000e-02 2.126708510000e+00 7.020663180000e-05
2.984165400000e-02 2.127350330000e+00 7.157793150000e-05
3.000386800000e-02 2.127564430000e+00 7.323840690000e-05
2.992276100000e-02 2.127564430000e+00 7.308915520000e-05
3.000386800000e-02 2.128206250000e+00 7.475896560000e-05
3.008497510000e-02 2.128206250000e+00 7.456306780000e-05
3.008497510000e-02 2.128634450000e+00 7.637280210000e-05
3.024718910000e-02 2.129276280000e+00 7.821984760000e-05
3.024718910000e-02 2.129276280000e+00 7.796799040000e-05
3.032829610000e-02 2.129490380000e+00 8.008557050000e-05
3.024718910000e-02 2.129490380000e+00 7.979638030000e-05
3.040940310000e-02 2.129918340000e+00 8.193261600000e-05
3.040940310000e-02 2.130346300000e+00 8.429274020000e-05
3.040940310000e-02 2.130560160000e+00 8.399423680000e-05
3.049051020000e-02 2.130774260000e+00 8.636367420000e-05
3.057161720000e-02 2.131202220000e+00 8.939545660000e-05
3.057161720000e-02 2.130988360000e+00 8.905030700000e-05
3.065272420000e-02 2.131844280000e+00 9.212872100000e-05
3.065272420000e-02 2.131630180000e+00 9.174624570000e-05
3.073383120000e-02 2.132272240000e+00 9.524446070000e-05
3.081492330000e-02 2.132272240000e+00 9.891989610000e-05
3.081492330000e-02 2.132486100000e+00 9.846280590000e-05
3.089603040000e-02 2.133128170000e+00 1.027912510000e-04
3.089603040000e-02 2.132700200000e+00 1.022781800000e-04
3.105824440000e-02 2.133128170000e+00 1.069517970000e-04
3.105824440000e-02 2.133556130000e+00 1.123903280000e-04
3.113935140000e-02 2.133556130000e+00 1.118679360000e-04
3.113935140000e-02 2.133984090000e+00 1.175770010000e-04
3.122045840000e-02 2.134412050000e+00 1.251984360000e-04
3.130156550000e-02 2.134412050000e+00 1.242189320000e-04
3.130156550000e-02 2.135054110000e+00 1.325959750000e-04
3.138267250000e-02 2.134840010000e+00 1.315605040000e-04
3.146377950000e-02 2.135267970000e+00 1.411036060000e-04
3.146377950000e-02 2.135696170000e+00 1.516261980000e-04
3.146377950000e-02 2.135482070000e+00 1.499937060000e-04
3.162599350000e-02 2.136124130000e+00 1.625872540000e-04
3.162599350000e-02 2.136552100000e+00 1.784457850000e-04
3.162599350000e-02 2.136552100000e+00 1.765987400000e-04
3.178820760000e-02 2.136980060000e+00 1.951625450000e-04
3.178820760000e-02 2.136765960000e+00 1.921774090000e-04
3.186931460000e-02 2.137408020000e+00 2.112263030000e-04
3.186931460000e-02 2.137621880000e+00 2.377380300000e-04
3.186931460000e-02 2.137621880000e+00 2.345663380000e-04
3.195042160000e-02 2.138263940000e+00 2.630650420000e-04
3.195042160000e-02 2.138263940000e+00 2.593242970000e-04
3.211263570000e-02 2.138478040000e+00 2.909761100000e-04
3.219374270000e-02 2.139119860000e+00 3.231502490000e-04
3.211263570000e-02 2.138906000000e+00 3.179822230000e-04
3.219374270000e-02 2.138906000000e+00 3.533374110000e-04
3.227484970000e-02 2.139761920000e+00 3.887299680000e-04
3.235595670000e-02 2.139547820000e+00 3.841496070000e-04
3.243706380000e-02 2.139975790000e+00 3.841496070000e-04
3.243706380000e-02 2.139975790000e+00 4.157614310000e-04
3.243706380000e-02 2.140189890000e+00 4.449376720000e-04
3.259926290000e-02 2.140617850000e+00 4.854290160000e-04
3.251817080000e-02 2.140831950000e+00 4.787895890000e-04
3.268036990000e-02 2.141259910000e+00 5.178782740000e-04
3.259926290000e-02 2.141045810000e+00 5.123609440000e-04
3.268036990000e-02 2.141473770000e+00 5.530393100000e-04
3.276147690000e-02 2.141687870000e+00 5.911928600000e-04
3.276147690000e-02 2.141687870000e+00 5.843663820000e-04
3.284258400000e-02 2.142329930000e+00 6.253253670000e-04
3.300479800000e-02 2.142543790000e+00 6.635724570000e-04
3.292369100000e-02 2.142757890000e+00 6.585227090000e-04
3.300479800000e-02 2.142971750000e+00 6.954605340000e-04
3.300479800000e-02 2.142971750000e+00 6.888211360000e-04
3.308590500000e-02 2.143399720000e+00 7.249174520000e-04
3.324811910000e-02 2.144041780000e+00 7.665309820000e-04
3.324811910000e-02 2.143613820000e+00 7.581146780000e-04
3.332922610000e-02 2.144041780000e+00 7.969228900000e-04
3.332922610000e-02 2.144469740000e+00 8.383493990000e-04
3.332922610000e-02 2.144469740000e+00 8.335802700000e-04
3.341033310000e-02 2.144897700000e+00 8.713596620000e-04
3.341033310000e-02 2.144897700000e+00 8.638786380000e-04
3.349144010000e-02 2.145111800000e+00 9.063337930000e-04
3.357254710000e-02 2.145753620000e+00 9.460770530000e-04
3.357254710000e-02 2.145539760000e+00 9.404663000000e-04
3.373476120000e-02 2.145967720000e+00 9.795549560000e-04
3.373476120000e-02 2.145967720000e+00 9.753467750000e-04
3.373476120000e-02 2.146181580000e+00 1.010882090000e-03
3.389697520000e-02 2.146609540000e+00 1.051840950000e-03
3.381586820000e-02 2.146823640000e+00 1.047071770000e-03
3.389697520000e-02 2.147251610000e+00 1.086347500000e-03
3.405918930000e-02 2.147679570000e+00 1.125997280000e-03
3.405918930000e-02 2.147465710000e+00 1.119825290000e-03
3.405918930000e-02 2.147893670000e+00 1.157137330000e-03
3.405918930000e-02 2.147893670000e+00 1.150778490000e-03
3.414029630000e-02 2.148107530000e+00 1.191737360000e-03
3.422140330000e-02 2.148749590000e+00 1.229142650000e-03
3.422140330000e-02 2.148749590000e+00 1.225121550000e-03
3.430251030000e-02 2.149177550000e+00 1.264303810000e-03
3.438360240000e-02 2.148963450000e+00 1.257944970000e-03
3.438360240000e-02 2.149177550000e+00 1.294602290000e-03
3.454581650000e-02 2.149819610000e+00 1.335935320000e-03
3.454581650000e-02 2.149819610000e+00 1.331633540000e-03
3.454581650000e-02 2.150247570000e+00 1.371283550000e-03
3.462692350000e-02 2.150461440000e+00 1.413083980000e-03
3.462692350000e-02 2.150461440000e+00 1.403826170000e-03
3.478913750000e-02 2.150889400000e+00 1.441231460000e-03
3.470803050000e-02 2.150889400000e+00 1.435994750000e-03
3.478913750000e-02 2.151317360000e+00 1.476579700000e-03
3.487024460000e-02 2.151745560000e+00 1.516510150000e-03
3.495135160000e-02 2.151745560000e+00 1.510992650000e-03
3.503245860000e-02 2.152173520000e+00 1.549146250000e-03
3.503245860000e-02 2.152387380000e+00 1.586738860000e-03
3.503245860000e-02 2.152387380000e+00 1.582156630000e-03
3.511356560000e-02 2.153029440000e+00 1.621993490000e-03
3.511356560000e-02 2.152601480000e+00 1.618065750000e-03
3.519467260000e-02 2.153243300000e+00 1.655845550000e-03
3.535688670000e-02 2.153885360000e+00 1.696523860000e-03
3.535688670000e-02 2.153457400000e+00 1.691474230000e-03
3.535688670000e-02 2.153885360000e+00 1.726261220000e-03
3.543799370000e-02 2.153671260000e+00 1.719715070000e-03
3.551910070000e-02 2.154313330000e+00 1.759832610000e-03
3.560020770000e-02 2.154741290000e+00 1.797705660000e-03
3.560020770000e-02 2.154527430000e+00 1.792936470000e-03
3.568131480000e-02 2.155169250000e+00 1.830248390000e-03
3.568131480000e-02 2.155383350000e+00 1.864661350000e-03
3.568131480000e-02 2.155169250000e+00 1.857460830000e-03
3.576242180000e-02 2.155811310000e+00 1.897484650000e-03
3.576242180000e-02 2.155597210000e+00 1.891312660000e-03
3.592463580000e-02 2.156025170000e+00 1.930588510000e-03
3.600574280000e-02 2.156667230000e+00 1.972014780000e-03
3.600574280000e-02 2.156453370000e+00 1.967526270000e-03
3.608684990000e-02 2.156881330000e+00 2.004464160000e-03
3.600574280000e-02 2.156667230000e+00 1.998947000000e-03
3.616794200000e-02 2.157095190000e+00 2.039999470000e-03
3.616794200000e-02 2.157523160000e+00 2.077124310000e-03
3.624904900000e-02 2.157737260000e+00 2.071700520000e-03
3.624904900000e-02 2.157951120000e+00 2.109573460000e-03
3.633015600000e-02 2.158593180000e+00 2.146978860000e-03
3.641126300000e-02 2.158165220000e+00 2.141555070000e-03
3.649237010000e-02 2.158807280000e+00 2.183636180000e-03
3.649237010000e-02 2.158593180000e+00 2.178399360000e-03
3.657347710000e-02 2.159021140000e+00 2.216459480000e-03
3.657347710000e-02 2.159449100000e+00 2.255174100000e-03
3.657347710000e-02 2.159663200000e+00 2.248815260000e-03
3.665458410000e-02 2.159877060000e+00 2.285285390000e-03
3.673569110000e-02 2.160091160000e+00 2.324374390000e-03
3.673569110000e-02 2.160305020000e+00 2.319605090000e-03
3.689790520000e-02 2.160519120000e+00 2.357664980000e-03
3.681679820000e-02 2.160519120000e+00 2.352521750000e-03
3.689790520000e-02 2.160732980000e+00 2.391423330000e-03
3.697901220000e-02 2.161161180000e+00 2.426397520000e-03
3.697901220000e-02 2.161375050000e+00 2.421441490000e-03
3.706011920000e-02 2.161589150000e+00 2.462306760000e-03
3.706011920000e-02 2.161803010000e+00 2.457257130000e-03
3.722233330000e-02 2.162017110000e+00 2.496252300000e-03
3.722233330000e-02 2.162445070000e+00 2.535527800000e-03
3.730344030000e-02 2.162445070000e+00 2.528607850000e-03
3.730344030000e-02 2.162873030000e+00 2.566106850000e-03
3.738454730000e-02 2.163300990000e+00 2.604447540000e-03
3.746565430000e-02 2.163300990000e+00 2.596872860000e-03
3.754676130000e-02 2.163515090000e+00 2.632501540000e-03
3.746565430000e-02 2.163515090000e+00 2.627638870000e-03
3.754676130000e-02 2.163943050000e+00 2.666353480000e-03
3.762786840000e-02 2.164371010000e+00 2.702169120000e-03
3.762786840000e-02 2.164371010000e+00 2.698428460000e-03
3.770897540000e-02 2.164798970000e+00 2.739200600000e-03
3.779008240000e-02 2.164584880000e+00 2.734618490000e-03
3.779008240000e-02 2.165012840000e+00 2.771556140000e-03
3.795228150000e-02 2.165226940000e+00 2.811579970000e-03
3.795228150000e-02 2.165440800000e+00 2.804753600000e-03
3.795228150000e-02 2.165654900000e+00 2.840662840000e-03
3.803338860000e-02 2.166296960000e+00 2.879470820000e-03
3.803338860000e-02 2.166082860000e+00 2.873766700000e-03
3.811449560000e-02 2.166510820000e+00 2.906683370000e-03
3.819560260000e-02 2.166724920000e+00 2.901072610000e-03
3.819560260000e-02 2.166724920000e+00 2.936420730000e-03
3.835781660000e-02 2.167152880000e+00 2.971675250000e-03
3.827670960000e-02 2.167366740000e+00 2.966438650000e-03
3.835781660000e-02 2.167794700000e+00 3.006836630000e-03
3.843892370000e-02 2.167794700000e+00 3.046579890000e-03
3.852003070000e-02 2.168008800000e+00 3.039846660000e-03
3.852003070000e-02 2.168222900000e+00 3.079870480000e-03
3.852003070000e-02 2.168436770000e+00 3.074259960000e-03
3.860113770000e-02 2.168650870000e+00 3.111478170000e-03
3.876335170000e-02 2.169078830000e+00 3.150379980000e-03
3.868224470000e-02 2.169078830000e+00 3.145236520000e-03
3.876335170000e-02 2.169292690000e+00 3.182642160000e-03
3.876335170000e-02 2.169292690000e+00 3.178060050000e-03
3.884445880000e-02 2.169934750000e+00 3.215465230000e-03
3.892556580000e-02 2.170148610000e+00 3.250158860000e-03
3.892556580000e-02 2.170148610000e+00 3.245950910000e-03
3.900667280000e-02 2.170576810000e+00 3.285133050000e-03
3.908777980000e-02 2.170790670000e+00 3.322070930000e-03
3.908777980000e-02 2.170790670000e+00 3.318236910000e-03
3.916888680000e-02 2.171432730000e+00 3.356203440000e-03
3.916888680000e-02 2.171218630000e+00 3.350966610000e-03
3.924999390000e-02 2.171646600000e+00 3.387062810000e-03
3.933110090000e-02 2.172074560000e+00 3.426899670000e-03
